zona_tarifaria,tarifa_hora_eur,plazas_tramo,comercios_200m,oficinas_200m,plazas_libres_500m,proximidad_transporte,ocupacion_pct,poblacion_barrio,franja_horaria,dia_semana,distrito,ancho_acera_m,carga_descarga_plazas,vado_permanente,fecha_observacion
  larga estancia ,"0,50 €",19.0,48.0,26.0,35.0,no,2.192471955950778,3904.0,mediodía,martes,distrito 2,1.6,0.0,7.0,19/10/2025
  alta rotación ,"2,66 €",60.0,27.0,21.0,103.0,no,1.2562289031719875,10466.0,tarde,sábado,distrito 2,-99.0,4.0,2.0,27/02/2025
larga estancia,"1,73 €",30.0,43.0,14.0,49.0,no,1.184915645553462,5964.0,tarde,viernes,distrito 9,4.0,5.0,1.0,31/08/2025
alta rotación,"1,66 €",12.0,31.0,11.0,30.0,sí,1.4849341685982935,22997.0,mediodía,martes,distrito 10,1.7,6.0,5.0,12/04/2025
alta rotacion,"1,92 €",19.0,32.0,23.0,25.0,sí,1.4553318819376264,8093.0,tarde,sábado,distrito 10,2.1,6.0,5.0,01/04/2025
larga estancia,"2,82 €",36.0,9.0,6.0,256.0,no,0.6522343524109506,17484.0,tarde,miércoles,distrito 6,3.3,2.0,0.0,01/04/2025
rotación media,"2,56 €",55.0,13.0,5.0,283.0,no,1.1404363226904803,11068.0,mañana,jueves,distrito 10,4.1,6.0,4.0,13/03/2025
rotación media,"3,23 €",60.0,26.0,14.0,60.0,sí,1.0113459727245182,19864.0,tarde,sábado,distrito 11,3.4,0.0,0.0,29/05/2025
rotación media,"2,53 €",41.0,8.0,14.0,9.0,sí,0.8847630265584256,12593.0,mediodía,jueves,distrito 8,4.1,6.0,7.0,18/05/2025
rotación media,"2,59 €",16.0,14.0,7.0,80.0,sí,0.6130803017772644,8158.0,mañana,martes,distrito 4,3.5,5.0,1.0,10/05/2025
larga estancia,"3,44 €",23.0,13.0,5.0,4.0,sí,0.5100073867559662,8979.0,mañana,sábado,distrito 10,1.9,5.0,6.0,31/10/2025
  residentes ,"2,90 €",43.0,37.0,5.0,168.0,sí,1.0254432041889587,10392.0,mañana,lunes,distrito 10,2.8,4.0,0.0,22/04/2025
alta rotación,"3,24 €",24.0,39.0,15.0,71.0,no,0.9116091666986277,5710.0,mañana,viernes,distrito 3,-99.0,4.0,5.0,04/10/2025
  rotación media ,"0,50 €",42.0,23.0,0.0,171.0,no,1.427778855576042,21446.0,tarde,sábado,distrito 8,2.8,4.0,2.0,06/04/2025
  rotación media ,"0,81 €",38.0,33.0,1.0,45.0,sí,1.5171939435155897,3687.0,mañana,miércoles,distrito 7,2.7,1.0,4.0,20/01/2025
residentes,"0,86 €",39.0,7.0,2.0,6.0,no,1.4656242449678003,11422.0,mañana,viernes,distrito 7,-99.0,5.0,7.0,22/09/2025
alta rotación,"1,76 €",6.0,31.0,8.0,175.0,sí,1.3768242520235612,1287.0,mediodía,sábado,distrito 3,4.7,4.0,4.0,18/08/2025
rotación media,"2,14 €",36.0,12.0,4.0,48.0,sí,0.8108757947514776,6827.0,mediodía,jueves,distrito 8,5.3,5.0,8.0,08/09/2025
LARGA ESTANCIA,"1,80 €",30.0,10.0,2.0,26.0,sí,0.5800881970015046,2219.0,mañana,viernes,distrito 8,4.1,0.0,3.0,07/06/2025
alta rotación,"2,33 €",16.0,18.0,9.0,51.0,sí,1.1237775161652,8929.0,mediodía,viernes,distrito 11,2.3,6.0,7.0,21/05/2025
rotación media,"2,04 €",53.0,25.0,9.0,74.0,sí,1.044687115601233,8661.0,mañana,lunes,distrito 10,2.3,2.0,4.0,19/04/2025
residentes,"1,90 €",25.0,117.0,4.0,104.0,sí,1.2379247291192872,3915.0,mañana,lunes,distrito 7,0.8,3.0,0.0,26/05/2025
larga estancia,"1,53 €",17.0,60.0,3.0,87.0,sí,0.9684455242306181,7575.0,tarde,lunes,distrito 7,0.8,1.0,3.0,11/01/2025
ROTACIÓN MEDIA,"1,61 €",23.0,16.0,2.0,39.0,sí,0.791172610227646,12558.0,mañana,miércoles,distrito 11,2.1,3.0,8.0,24/06/2025
alta rotacion,"1,59 €",16.0,10.0,7.0,116.0,no,1.1952070072310026,6980.0,mañana,jueves,distrito 11,-99.0,3.0,7.0,24/03/2025
RESIDENTES,"1,53 €",34.0,7.0,10.0,23.0,sí,1.0755433982992453,6583.0,mediodía,martes,distrito 6,3.9,4.0,4.0,28/01/2025
rotación media,"1,93 €",56.0,49.0,9.0,85.0,sí,1.046329759950639,14545.0,mañana,miércoles,distrito 9,1.8,5.0,3.0,14/04/2025
alta rotacion,"1,60 €",25.0,33.0,1.0,21.0,sí,0.9995924100364224,4316.0,mañana,martes,distrito 1,4.8,3.0,7.0,10/06/2025
  larga estancia ,"2,07 €",8.0,15.0,10.0,10.0,sí,0.778894934939936,6345.0,mediodía,sábado,distrito 2,3.3,0.0,7.0,10/09/2025
rotación media,"2,32 €",6.0,43.0,15.0,23.0,sí,1.227122792390295,19168.0,mediodía,sábado,distrito 7,-99.0,3.0,5.0,01/04/2025
rotación media,"1,36 €",31.0,9.0,1.0,26.0,sí,0.9933181053618266,6161.0,tarde,lunes,distrito 3,3.0,4.0,5.0,15/09/2025
residentes,"1,41 €",22.0,28.0,16.0,10.0,sí,1.5312425863329633,2894.0,mediodía,jueves,distrito 9,2.7,5.0,5.0,13/05/2025
ROTACIÓN MEDIA,"2,55 €",50.0,21.0,1.0,28.0,no,1.3479613336279908,14612.0,tarde,lunes,distrito 4,4.8,2.0,3.0,15/07/2025
rotación media,"2,08 €",41.0,30.0,3.0,51.0,sí,0.8844340452941184,10741.0,tarde,sábado,distrito 9,0.9,5.0,1.0,14/02/2025
rotación media,"2,78 €",59.0,4.0,10.0,75.0,no,0.8895204499372963,21500.0,tarde,jueves,distrito 8,4.7,0.0,3.0,23/09/2025
rotación media,"1,75 €",7.0,20.0,22.0,58.0,sí,1.4849000835166897,12406.0,tarde,sábado,distrito 7,1.5,0.0,1.0,10/08/2025
ROTACIÓN MEDIA,"2,58 €",48.0,19.0,9.0,56.0,sí,1.2065609016217111,5164.0,mañana,lunes,distrito 8,4.0,3.0,4.0,01/09/2025
alta rotación,"2,52 €",24.0,52.0,1.0,92.0,sí,0.7338059457115345,12748.0,mañana,jueves,distrito 5,3.1,4.0,2.0,19/03/2025
rotacion media,"3,04 €",49.0,18.0,11.0,52.0,no,1.0259723016486668,8042.0,mediodía,lunes,distrito 1,3.4,3.0,6.0,19/06/2025
alta rotación,"1,67 €",31.0,16.0,1.0,69.0,no,1.2569306316659827,10621.0,mediodía,martes,distrito 8,2.6,5.0,1.0,28/06/2025
  rotación media ,"1,83 €",26.0,3.0,6.0,39.0,no,1.0892698513878494,15920.0,mediodía,jueves,distrito 4,3.3,5.0,8.0,04/09/2025
larga estancia,"2,58 €",45.0,28.0,8.0,38.0,sí,1.1428745095226154,12225.0,mañana,martes,distrito 5,2.4,2.0,0.0,27/01/2025
rotacion media,"0,96 €",59.0,40.0,16.0,193.0,no,2.169018454321117,2985.0,mediodía,viernes,distrito 11,5.1,1.0,0.0,24/05/2025
LARGA ESTANCIA,"2,49 €",19.0,10.0,10.0,105.0,no,0.9721264188866944,5819.0,mañana,jueves,distrito 6,4.5,5.0,2.0,19/10/2025
alta rotación,"0,50 €",27.0,18.0,2.0,42.0,sí,1.3029423816834416,10279.0,mañana,jueves,distrito 4,3.1,5.0,6.0,18/03/2025
rotación media,"2,79 €",35.0,4.0,13.0,58.0,sí,0.5945454607004248,7225.0,tarde,lunes,distrito 6,5.8,0.0,8.0,31/07/2025
residentes,"1,80 €",28.0,8.0,4.0,7.0,sí,1.103827615181435,1267.0,mañana,miércoles,distrito 8,3.7,0.0,6.0,24/10/2025
rotación media,"0,50 €",57.0,18.0,1.0,97.0,sí,1.1434565732712247,19190.0,mañana,sábado,distrito 6,5.1,0.0,8.0,23/04/2025
larga estancia,"2,33 €",19.0,16.0,0.0,79.0,sí,0.5085808311276774,8600.0,mediodía,miércoles,distrito 8,2.4,0.0,5.0,13/08/2025
rotación media,"1,87 €",33.0,3.0,17.0,38.0,sí,1.1816214020263234,15566.0,tarde,jueves,distrito 9,-99.0,3.0,1.0,14/06/2025
rotación media,"1,28 €",6.0,16.0,13.0,111.0,sí,1.252168513773976,15340.0,mediodía,lunes,distrito 9,5.2,1.0,1.0,05/07/2025
alta rotación,"3,55 €",12.0,34.0,48.0,58.0,sí,0.8114984870313098,7961.0,tarde,viernes,distrito 1,2.1,5.0,7.0,11/02/2025
residentes,"3,46 €",15.0,34.0,9.0,17.0,sí,1.1030357536681585,10074.0,mañana,sábado,distrito 11,3.3,0.0,3.0,12/02/2025
alta rotacion,"1,90 €",8.0,53.0,8.0,77.0,sí,1.5810318613157293,13667.0,mediodía,viernes,distrito 3,1.3,3.0,0.0,21/06/2025
alta rotación,"0,50 €",43.0,54.0,35.0,75.0,sí,2.0966425081863886,3322.0,tarde,sábado,distrito 11,5.1,5.0,0.0,18/03/2025
rotacion media,"1,75 €",53.0,32.0,32.0,61.0,sí,1.7698572808997257,5672.0,mediodía,jueves,distrito 5,-99.0,4.0,6.0,18/03/2025
  rotación media ,"2,31 €",49.0,4.0,8.0,65.0,sí,0.916901283091852,7326.0,tarde,sábado,distrito 10,4.0,5.0,1.0,07/07/2025
alta rotación,"3,00 €",50.0,17.0,4.0,62.0,sí,0.6354746933376398,8213.0,mediodía,sábado,distrito 8,4.6,4.0,7.0,04/04/2025
larga estancia,"1,71 €",15.0,5.0,27.0,19.0,sí,1.1802219040306596,13394.0,mediodía,viernes,distrito 10,3.9,0.0,0.0,23/10/2025
residentes,"2,30 €",23.0,45.0,3.0,36.0,no,1.3042721767741676,3717.0,tarde,viernes,distrito 5,2.3,0.0,0.0,03/03/2025
residentes,"0,83 €",57.0,6.0,3.0,48.0,no,1.1139656566853757,5148.0,tarde,lunes,distrito 11,3.2,4.0,1.0,23/10/2025
rotación media,"1,41 €",32.0,15.0,1.0,87.0,no,1.297346034183023,10614.0,mediodía,miércoles,distrito 2,2.5,5.0,8.0,15/08/2025
larga estancia,"2,37 €",27.0,30.0,5.0,53.0,sí,0.7025488395044597,10691.0,mediodía,miércoles,distrito 5,5.4,4.0,3.0,23/03/2025
  alta rotación ,"2,04 €",56.0,20.0,16.0,45.0,sí,1.235207381733467,6632.0,mediodía,viernes,distrito 11,3.7,2.0,0.0,21/09/2025
LARGA ESTANCIA,"2,30 €",13.0,43.0,13.0,65.0,sí,0.8046841586870945,15316.0,mañana,viernes,distrito 8,4.4,0.0,4.0,23/10/2025
alta rotación,"1,48 €",18.0,55.0,5.0,57.0,no,1.7693492936534003,5525.0,tarde,martes,distrito 9,4.9,6.0,1.0,11/01/2025
alta rotación,"1,81 €",22.0,26.0,16.0,32.0,sí,1.3468378943172472,10176.0,mañana,sábado,distrito 1,3.5,6.0,2.0,18/02/2025
residentes,"0,88 €",32.0,43.0,13.0,53.0,sí,1.6974010696526294,15486.0,mediodía,sábado,distrito 1,5.2,5.0,3.0,23/08/2025
residentes,"0,98 €",37.0,0.0,4.0,157.0,sí,0.5799063221941445,9094.0,mañana,jueves,distrito 7,0.8,0.0,1.0,21/10/2025
larga estancia,"1,89 €",24.0,41.0,39.0,52.0,sí,1.2873851955114268,12797.0,tarde,martes,distrito 2,4.9,3.0,4.0,19/07/2025
  residentes ,"2,15 €",43.0,17.0,10.0,239.0,sí,0.9041647439065045,10946.0,mañana,jueves,distrito 2,2.2,5.0,7.0,12/06/2025
rotación media,"2,62 €",19.0,27.0,2.0,36.0,sí,0.9559236866515745,15662.0,tarde,jueves,distrito 8,3.9,2.0,4.0,30/07/2025
residentes,"1,47 €",41.0,18.0,7.0,20.0,sí,1.4313614965507413,6543.0,mediodía,viernes,distrito 9,3.8,0.0,8.0,23/01/2025
residentes,"1,60 €",60.0,68.0,16.0,62.0,sí,1.3513312030136517,9652.0,tarde,martes,distrito 9,5.1,5.0,5.0,09/06/2025
alta rotación,"1,02 €",16.0,10.0,3.0,99.0,sí,1.2742862444479712,7949.0,tarde,sábado,distrito 8,2.4,5.0,4.0,12/07/2025
alta rotación,"1,75 €",32.0,48.0,0.0,75.0,no,1.3025494681939644,10325.0,mañana,miércoles,distrito 11,3.6,1.0,0.0,10/10/2025
larga estancia,"1,40 €",56.0,25.0,17.0,40.0,sí,1.0761797445967436,7003.0,mediodía,viernes,distrito 3,4.4,2.0,8.0,17/10/2025
  alta rotación ,"0,50 €",35.0,30.0,11.0,96.0,sí,1.8716435467858894,3356.0,mañana,miércoles,distrito 11,3.5,6.0,3.0,02/06/2025
  rotación media ,"1,75 €",41.0,13.0,5.0,33.0,no,1.2561002770583753,26439.0,mañana,miércoles,distrito 6,-99.0,0.0,7.0,08/02/2025
LARGA ESTANCIA,"2,30 €",56.0,22.0,16.0,7.0,sí,0.8987907760483254,8159.0,tarde,martes,distrito 10,0.8,1.0,7.0,25/04/2025
larga estancia,"1,08 €",38.0,26.0,44.0,5.0,no,1.6101140562861573,10097.0,mediodía,lunes,distrito 10,2.5,5.0,0.0,27/03/2025
alta rotación,"2,23 €",37.0,6.0,1.0,164.0,sí,0.6814459233999737,6509.0,mañana,viernes,distrito 9,1.1,4.0,0.0,12/07/2025
alta rotación,"1,75 €",20.0,9.0,6.0,25.0,no,1.6180059739436374,14652.0,tarde,jueves,distrito 5,5.2,2.0,7.0,26/01/2025
alta rotación,"1,91 €",53.0,12.0,2.0,62.0,sí,1.09690413802787,4040.0,tarde,jueves,distrito 10,4.1,4.0,3.0,01/11/2025
alta rotacion,"1,78 €",8.0,10.0,35.0,9.0,sí,0.899783389424947,16128.0,mañana,sábado,distrito 2,4.9,4.0,1.0,27/03/2025
ROTACIÓN MEDIA,"2,39 €",10.0,16.0,16.0,30.0,no,0.8840526109605386,7332.0,mañana,martes,distrito 4,3.2,5.0,8.0,24/10/2025
rotación media,"0,82 €",31.0,4.0,5.0,57.0,sí,1.1919633564919965,4298.0,tarde,sábado,distrito 9,3.7,0.0,1.0,30/07/2025
larga estancia,"3,26 €",49.0,29.0,5.0,2.0,no,1.2849193091054947,11738.0,mediodía,viernes,distrito 2,2.3,5.0,4.0,16/10/2025
residentes,"1,07 €",58.0,34.0,23.0,59.0,sí,1.851103437533892,3932.0,tarde,viernes,distrito 9,-99.0,6.0,0.0,29/08/2025
larga estancia,"1,08 €",36.0,60.0,6.0,35.0,no,1.8313199488867093,9592.0,tarde,lunes,distrito 8,2.0,2.0,7.0,19/02/2025
residentes,"2,10 €",24.0,21.0,2.0,129.0,sí,0.5863168167783599,6057.0,tarde,martes,distrito 1,3.5,3.0,1.0,21/07/2025
rotación media,"2,26 €",25.0,21.0,0.0,30.0,no,0.823878278039918,3861.0,mañana,martes,distrito 11,2.7,5.0,5.0,26/02/2025
rotación media,"0,72 €",10.0,18.0,9.0,124.0,no,1.5608337190836639,4815.0,mañana,martes,distrito 10,4.6,2.0,5.0,02/03/2025
larga estancia,"2,01 €",50.0,18.0,29.0,43.0,sí,1.1031921787561678,8797.0,mañana,miércoles,distrito 4,1.4,6.0,5.0,10/05/2025
residentes,"1,69 €",37.0,50.0,12.0,115.0,sí,1.0779278540812878,3883.0,tarde,jueves,distrito 1,1.7,0.0,5.0,20/05/2025
alta rotación,"2,76 €",58.0,41.0,13.0,276.0,sí,0.752041598203298,6666.0,mañana,martes,distrito 1,3.8,5.0,1.0,13/08/2025
residentes,"1,34 €",25.0,10.0,16.0,37.0,sí,1.2781993854246965,7254.0,mañana,lunes,distrito 8,4.1,0.0,2.0,11/06/2025
  residentes ,"3,02 €",9.0,13.0,4.0,43.0,no,0.2369057324275068,18024.0,tarde,martes,distrito 5,-99.0,6.0,3.0,11/08/2025
larga estancia,"1,97 €",51.0,11.0,44.0,82.0,sí,0.9386789703247171,3564.0,mediodía,miércoles,distrito 11,5.2,2.0,7.0,22/10/2025
rotación media,"3,62 €",60.0,6.0,17.0,99.0,no,0.8090236957817639,35911.0,mañana,viernes,distrito 9,4.1,0.0,0.0,30/10/2025
RESIDENTES,"3,59 €",20.0,51.0,4.0,5.0,sí,0.7505400997818854,24317.0,mañana,jueves,distrito 8,3.0,3.0,0.0,25/02/2025
  rotación media ,"2,58 €",48.0,35.0,4.0,8.0,sí,0.7521296484554929,4876.0,tarde,sábado,distrito 8,3.5,3.0,4.0,21/03/2025
larga estancia,"0,66 €",46.0,33.0,3.0,15.0,sí,1.1260560879307848,17810.0,tarde,sábado,distrito 9,4.4,4.0,3.0,22/10/2025
  rotación media ,"1,86 €",16.0,42.0,34.0,25.0,sí,1.0685703600096377,9692.0,mediodía,viernes,distrito 2,1.2,5.0,2.0,24/03/2025
alta rotación,"2,11 €",46.0,16.0,41.0,20.0,sí,1.2146687985723026,5146.0,mañana,miércoles,distrito 6,2.7,4.0,6.0,18/01/2025
alta rotación,"1,50 €",23.0,23.0,15.0,15.0,no,1.4514073574172672,15499.0,mañana,miércoles,distrito 10,4.0,4.0,0.0,13/01/2025
residentes,"1,89 €",24.0,12.0,2.0,60.0,sí,0.7923745681308874,8204.0,tarde,jueves,distrito 4,5.3,4.0,1.0,16/04/2025
ALTA ROTACIÓN,"1,76 €",10.0,23.0,1.0,10.0,no,1.382904856644541,51167.0,mañana,sábado,distrito 8,1.2,6.0,2.0,11/10/2025
alta rotacion,"1,60 €",8.0,26.0,11.0,111.0,sí,0.9041911297065943,7319.0,mediodía,viernes,distrito 10,4.2,4.0,6.0,14/03/2025
rotación media,"3,56 €",8.0,9.0,14.0,24.0,sí,0.7263663084700674,5208.0,tarde,martes,distrito 8,2.5,4.0,6.0,27/09/2025
rotación media,"2,04 €",17.0,9.0,5.0,12.0,sí,1.332482316588284,2691.0,mañana,sábado,distrito 4,3.3,5.0,0.0,21/10/2025
larga estancia,"1,88 €",48.0,9.0,15.0,10.0,no,1.3799321733525165,9808.0,mañana,jueves,distrito 2,2.9,4.0,2.0,24/08/2025
residentes,"0,63 €",13.0,7.0,20.0,12.0,no,1.9981544545748597,14540.0,mañana,viernes,distrito 1,3.5,2.0,2.0,09/03/2025
rotación media,"2,36 €",55.0,34.0,5.0,11.0,sí,1.1036466035890866,4193.0,tarde,sábado,distrito 8,1.2,6.0,8.0,19/03/2025
RESIDENTES,"2,01 €",9.0,10.0,15.0,14.0,no,1.1657327987789334,9575.0,tarde,sábado,distrito 2,3.5,0.0,5.0,12/04/2025
ROTACIÓN MEDIA,"1,02 €",40.0,21.0,1.0,3.0,no,1.5589628052270343,12922.0,tarde,lunes,distrito 10,5.7,4.0,2.0,19/03/2025
residentes,"2,54 €",6.0,16.0,5.0,63.0,no,1.0050033197417145,6852.0,mediodía,martes,distrito 8,-99.0,4.0,6.0,24/01/2025
residentes,"2,04 €",43.0,12.0,3.0,35.0,sí,1.0116937002789994,26380.0,tarde,lunes,distrito 5,1.1,4.0,3.0,22/09/2025
rotacion media,"1,80 €",57.0,23.0,1.0,48.0,no,1.1112045297068183,9594.0,tarde,martes,distrito 11,3.8,4.0,4.0,10/05/2025
residentes,"3,38 €",14.0,17.0,17.0,69.0,sí,0.6599085185430257,3015.0,tarde,sábado,distrito 7,1.9,3.0,7.0,19/04/2025
ROTACIÓN MEDIA,"3,74 €",22.0,33.0,11.0,144.0,sí,0.8565501627239669,15117.0,tarde,jueves,distrito 10,0.8,4.0,6.0,23/06/2025
larga estancia,"0,97 €",16.0,34.0,15.0,42.0,no,1.5203456492341056,2595.0,mañana,miércoles,distrito 1,2.7,2.0,5.0,22/06/2025
ROTACIÓN MEDIA,"1,80 €",29.0,53.0,10.0,35.0,sí,1.3555476088495741,4987.0,mediodía,lunes,distrito 4,4.6,3.0,2.0,12/02/2025
alta rotación,"0,50 €",41.0,31.0,10.0,15.0,no,2.0332283109904012,24797.0,tarde,jueves,distrito 2,4.9,6.0,7.0,22/02/2025
larga estancia,"0,81 €",7.0,46.0,13.0,136.0,sí,1.4184471645227679,12426.0,mañana,jueves,distrito 8,2.9,3.0,6.0,29/10/2025
rotacion media,"1,86 €",23.0,49.0,14.0,99.0,no,1.6509983257591248,5744.0,mediodía,miércoles,distrito 2,3.9,0.0,5.0,04/10/2025
alta rotación,"0,90 €",48.0,36.0,5.0,164.0,no,2.049593865947064,21621.0,tarde,sábado,distrito 9,-99.0,5.0,7.0,07/05/2025
residentes,"2,98 €",6.0,51.0,13.0,29.0,sí,1.1646862754926646,9132.0,mañana,viernes,distrito 9,1.8,6.0,3.0,08/08/2025
larga estancia,"2,47 €",40.0,25.0,3.0,76.0,sí,0.660556551831694,6395.0,tarde,viernes,distrito 2,1.1,1.0,0.0,07/08/2025
rotación media,"2,15 €",42.0,15.0,10.0,37.0,sí,1.1248485779424897,11148.0,mediodía,lunes,distrito 9,1.3,4.0,5.0,06/02/2025
residentes,"3,43 €",48.0,18.0,9.0,48.0,no,1.0502115269535028,21059.0,mañana,martes,distrito 6,4.0,1.0,1.0,01/02/2025
rotación media,"2,13 €",37.0,67.0,22.0,30.0,sí,1.5261853819687592,6689.0,mañana,martes,distrito 6,3.2,4.0,3.0,17/03/2025
rotación media,"2,25 €",20.0,28.0,6.0,100.0,sí,0.667318613081742,15680.0,mañana,viernes,distrito 11,2.0,4.0,4.0,16/03/2025
alta rotación,"3,47 €",7.0,32.0,20.0,23.0,sí,0.8625466200660958,4676.0,tarde,martes,distrito 2,1.4,2.0,7.0,30/08/2025
larga estancia,"1,40 €",20.0,10.0,18.0,59.0,sí,1.0884109307638923,14538.0,tarde,sábado,distrito 3,2.7,3.0,2.0,23/08/2025
rotación media,"1,84 €",25.0,16.0,6.0,4.0,sí,1.4532026895229362,11372.0,mediodía,sábado,distrito 9,4.6,5.0,4.0,07/07/2025
  larga estancia ,"1,81 €",34.0,24.0,5.0,105.0,sí,1.0375799508081849,6337.0,mañana,miércoles,distrito 2,3.8,1.0,1.0,20/02/2025
residentes,"0,69 €",26.0,3.0,23.0,67.0,sí,1.491640152267765,20561.0,tarde,jueves,distrito 5,4.9,3.0,2.0,30/08/2025
  rotación media ,"4,21 €",15.0,30.0,28.0,79.0,sí,0.5284391671425667,6423.0,mañana,martes,distrito 8,4.0,4.0,6.0,24/05/2025
rotación media,"2,17 €",10.0,20.0,2.0,53.0,sí,0.9956309686118229,15426.0,mediodía,viernes,distrito 6,2.1,1.0,4.0,02/06/2025
rotación media,"2,05 €",7.0,20.0,2.0,165.0,sí,0.6868531913818441,18052.0,mediodía,lunes,distrito 8,-99.0,2.0,3.0,08/03/2025
residentes,"3,96 €",51.0,13.0,4.0,118.0,sí,-0.08777656948687079,4961.0,mediodía,jueves,distrito 4,3.8,3.0,5.0,26/03/2025
rotación media,"4,49 €",40.0,28.0,10.0,31.0,sí,0.6740526434335177,9105.0,mediodía,viernes,distrito 6,2.4,0.0,3.0,24/06/2025
alta rotación,"2,39 €",55.0,31.0,1.0,80.0,sí,1.0594153122415524,12787.0,tarde,jueves,distrito 7,3.1,6.0,7.0,25/08/2025
residentes,"0,91 €",29.0,12.0,17.0,55.0,sí,1.4699905391304369,23587.0,mediodía,lunes,distrito 4,2.7,5.0,8.0,06/03/2025
alta rotación,"1,08 €",24.0,9.0,10.0,58.0,sí,1.3729403154570277,13864.0,mañana,lunes,distrito 1,1.9,5.0,6.0,03/09/2025
residentes,"2,86 €",36.0,30.0,8.0,92.0,sí,0.7387694763795609,8339.0,tarde,sábado,distrito 2,2.4,5.0,3.0,04/06/2025
alta rotación,"1,74 €",8.0,24.0,1.0,28.0,sí,0.8039034038507817,8326.0,tarde,sábado,distrito 3,1.6,0.0,8.0,07/10/2025
alta rotación,"2,54 €",50.0,18.0,1.0,37.0,sí,0.5962370307186858,3196.0,tarde,jueves,distrito 11,4.9,5.0,4.0,01/04/2025
alta rotación,"2,01 €",6.0,7.0,4.0,29.0,sí,0.5982846308752214,10053.0,tarde,miércoles,distrito 9,0.8,4.0,5.0,31/10/2025
larga estancia,"2,18 €",34.0,21.0,2.0,114.0,no,0.9634969024069879,10690.0,mañana,lunes,distrito 10,2.6,3.0,1.0,07/03/2025
rotación media,"1,24 €",41.0,21.0,12.0,22.0,sí,1.7801601028553258,9077.0,tarde,martes,distrito 9,4.4,6.0,0.0,19/05/2025
larga estancia,"1,77 €",9.0,5.0,26.0,104.0,sí,0.7208325938571509,11800.0,mañana,viernes,distrito 8,4.0,5.0,8.0,09/06/2025
ALTA ROTACIÓN,"2,40 €",33.0,35.0,9.0,66.0,sí,1.040601702356019,8324.0,mañana,sábado,distrito 1,0.8,4.0,2.0,01/05/2025
alta rotación,"0,50 €",46.0,13.0,11.0,143.0,sí,1.8913165337778157,10200.0,mediodía,miércoles,distrito 4,3.9,0.0,1.0,01/11/2025
rotación media,"2,69 €",56.0,10.0,15.0,281.0,no,0.6307119256667847,7042.0,mañana,sábado,distrito 4,4.6,3.0,6.0,02/11/2025
residentes,"1,50 €",34.0,32.0,15.0,30.0,sí,1.447485419668998,10855.0,mañana,lunes,distrito 7,1.6,5.0,8.0,06/09/2025
rotación media,"0,50 €",44.0,3.0,10.0,87.0,sí,1.124600523748564,24113.0,mañana,sábado,distrito 8,3.8,2.0,1.0,16/04/2025
alta rotación,"1,41 €",8.0,15.0,10.0,123.0,sí,1.3726460426610558,8765.0,mediodía,miércoles,distrito 11,2.1,0.0,5.0,24/07/2025
rotación media,"2,58 €",55.0,15.0,0.0,26.0,no,0.8761894288551418,11767.0,tarde,martes,distrito 8,3.0,5.0,4.0,13/09/2025
larga estancia,"1,41 €",35.0,26.0,9.0,220.0,sí,1.2164335865709577,21443.0,tarde,martes,distrito 6,3.8,6.0,7.0,23/01/2025
rotación media,"3,20 €",26.0,11.0,1.0,49.0,sí,0.6405569535730333,4520.0,mañana,viernes,distrito 6,-99.0,1.0,3.0,19/07/2025
alta rotación,"1,43 €",23.0,10.0,31.0,124.0,sí,1.4244583947550717,8251.0,mañana,miércoles,distrito 6,4.8,2.0,4.0,13/05/2025
rotación media,"2,57 €",17.0,26.0,3.0,74.0,sí,0.8940164114455517,2940.0,tarde,miércoles,distrito 10,-99.0,2.0,2.0,02/07/2025
residentes,"2,28 €",15.0,20.0,0.0,6.0,sí,0.8042964315625016,4934.0,tarde,lunes,distrito 1,4.7,4.0,1.0,26/02/2025
rotación media,"2,15 €",20.0,24.0,18.0,40.0,sí,1.1425620531042622,5470.0,tarde,lunes,distrito 5,3.6,2.0,2.0,14/04/2025
alta rotación,"2,40 €",32.0,8.0,15.0,285.0,sí,0.689152863248788,11707.0,mañana,miércoles,distrito 9,3.3,5.0,2.0,06/07/2025
alta rotacion,"1,32 €",24.0,1.0,8.0,32.0,sí,0.9144228876489274,9282.0,tarde,martes,distrito 7,2.4,1.0,2.0,15/09/2025
alta rotación,"2,34 €",52.0,23.0,4.0,150.0,sí,0.9869677792161955,3817.0,mañana,jueves,distrito 10,3.2,5.0,3.0,01/09/2025
residentes,"2,16 €",14.0,8.0,10.0,21.0,no,1.185526127185541,12333.0,tarde,martes,distrito 9,1.6,5.0,0.0,19/05/2025
rotación media,"2,20 €",15.0,29.0,8.0,79.0,sí,0.973263540835388,3290.0,mañana,jueves,distrito 11,4.7,0.0,4.0,17/04/2025
ROTACIÓN MEDIA,"1,76 €",30.0,46.0,0.0,12.0,no,1.1180139899929284,5985.0,mediodía,jueves,distrito 6,5.7,3.0,2.0,04/08/2025
rotacion media,"3,81 €",48.0,23.0,6.0,53.0,sí,0.6260464633309935,3327.0,mañana,lunes,distrito 6,1.9,0.0,3.0,27/06/2025
larga estancia,"2,14 €",52.0,49.0,14.0,151.0,sí,1.126994487463499,8932.0,tarde,sábado,distrito 9,1.7,5.0,1.0,28/09/2025
  larga estancia ,"0,96 €",57.0,22.0,2.0,56.0,no,1.3924274521020779,4817.0,tarde,viernes,distrito 6,5.5,6.0,8.0,28/10/2025
residentes,"1,26 €",60.0,45.0,5.0,13.0,no,1.6495541617222498,23378.0,mañana,sábado,distrito 6,2.4,3.0,8.0,25/04/2025
residentes,"1,84 €",48.0,65.0,1.0,169.0,sí,0.9982458605453748,14823.0,mañana,viernes,distrito 1,3.4,3.0,5.0,26/02/2025
larga estancia,"2,93 €",28.0,20.0,11.0,94.0,sí,0.482732444479836,10625.0,mediodía,sábado,distrito 3,2.0,1.0,6.0,19/01/2025
alta rotación,"2,51 €",8.0,19.0,7.0,79.0,no,1.2520206524572943,14079.0,mañana,viernes,distrito 11,2.8,6.0,3.0,21/01/2025
alta rotación,"3,31 €",52.0,30.0,2.0,31.0,sí,0.8075927786121816,12924.0,mediodía,miércoles,distrito 2,3.8,1.0,8.0,20/10/2025
alta rotación,"1,70 €",18.0,5.0,1.0,25.0,no,0.5200299395463561,12043.0,mañana,viernes,distrito 8,-99.0,3.0,2.0,09/03/2025
rotación media,"2,31 €",42.0,5.0,21.0,149.0,no,1.151653377922514,18845.0,tarde,sábado,distrito 8,1.9,4.0,5.0,01/06/2025
rotación media,"1,23 €",21.0,22.0,15.0,27.0,sí,1.3880705028225877,6832.0,mediodía,lunes,distrito 3,5.7,0.0,6.0,07/08/2025
alta rotación,"1,54 €",39.0,9.0,2.0,42.0,sí,0.8409274417278954,5707.0,mediodía,lunes,distrito 2,3.1,6.0,8.0,17/06/2025
larga estancia,"2,94 €",49.0,21.0,10.0,416.0,sí,0.4273207683393887,1578.0,mañana,sábado,distrito 9,3.7,1.0,1.0,28/10/2025
larga estancia,"3,85 €",52.0,17.0,3.0,64.0,sí,0.5932906504370928,10526.0,mañana,martes,distrito 4,2.4,2.0,6.0,17/08/2025
larga estancia,"1,69 €",41.0,48.0,21.0,55.0,no,1.401899317913297,4734.0,mediodía,viernes,distrito 5,4.5,6.0,8.0,11/05/2025
rotación media,"1,45 €",30.0,39.0,28.0,23.0,sí,1.8828149855446465,14411.0,mediodía,jueves,distrito 4,2.8,2.0,3.0,07/03/2025
alta rotación,"3,41 €",19.0,69.0,7.0,69.0,sí,0.9446211575141588,7978.0,tarde,jueves,distrito 1,2.6,4.0,7.0,05/10/2025
alta rotación,"2,52 €",17.0,29.0,4.0,9.0,sí,1.0198890420551487,10894.0,tarde,lunes,distrito 7,3.7,6.0,0.0,27/08/2025
  alta rotación ,"0,94 €",8.0,19.0,12.0,43.0,sí,1.4218429986145378,10244.0,mediodía,martes,distrito 5,2.1,0.0,6.0,30/08/2025
  rotación media ,"1,76 €",41.0,10.0,16.0,57.0,no,1.239286909402417,13915.0,mañana,jueves,distrito 8,4.8,1.0,8.0,13/05/2025
  rotación media ,"1,97 €",37.0,11.0,0.0,64.0,sí,0.9953973715496034,14715.0,mañana,martes,distrito 9,2.0,3.0,7.0,29/06/2025
alta rotación,"2,06 €",9.0,30.0,8.0,218.0,sí,0.969318301070712,9597.0,mañana,jueves,distrito 7,3.3,4.0,0.0,08/09/2025
ALTA ROTACIÓN,"2,36 €",56.0,33.0,1.0,117.0,sí,0.4772952286045775,7923.0,tarde,viernes,distrito 5,0.8,0.0,7.0,09/04/2025
rotacion media,"0,54 €",24.0,15.0,10.0,99.0,no,1.640872512067629,14186.0,mediodía,sábado,distrito 1,3.4,0.0,4.0,06/05/2025
rotación media,"2,65 €",21.0,39.0,6.0,122.0,sí,0.7492197575407091,18077.0,tarde,jueves,distrito 10,3.9,1.0,0.0,07/04/2025
alta rotación,"3,10 €",49.0,16.0,6.0,116.0,sí,0.6518898240659576,9808.0,mañana,viernes,distrito 7,4.6,6.0,8.0,24/05/2025
rotación media,"2,99 €",53.0,3.0,2.0,7.0,no,0.9755977942809845,35069.0,mañana,lunes,distrito 7,2.1,4.0,7.0,19/08/2025
alta rotación,"1,99 €",13.0,42.0,11.0,100.0,sí,1.5288016446765733,32741.0,mañana,martes,distrito 7,2.7,1.0,6.0,04/02/2025
larga estancia,"1,95 €",21.0,40.0,2.0,13.0,sí,1.013506542813372,5655.0,mediodía,lunes,distrito 10,3.9,1.0,8.0,07/10/2025
LARGA ESTANCIA,"2,92 €",49.0,8.0,19.0,38.0,sí,0.5495267638109345,3448.0,mediodía,martes,distrito 11,3.2,0.0,8.0,07/03/2025
alta rotacion,"1,69 €",47.0,46.0,5.0,33.0,no,1.9118427291522884,7587.0,mediodía,viernes,distrito 1,6.2,3.0,7.0,22/02/2025
rotación media,"2,36 €",42.0,13.0,16.0,17.0,sí,0.6225638984862576,17968.0,mañana,viernes,distrito 3,3.3,3.0,6.0,15/03/2025
rotación media,"2,92 €",50.0,11.0,24.0,47.0,sí,0.9364410912653373,17741.0,mañana,jueves,distrito 10,1.9,4.0,5.0,21/06/2025
rotación media,"1,50 €",11.0,35.0,10.0,53.0,sí,1.1510958658793,9790.0,tarde,sábado,distrito 1,5.8,5.0,5.0,16/01/2025
residentes,"2,54 €",25.0,11.0,3.0,260.0,sí,0.8777633352265267,7006.0,mediodía,viernes,distrito 3,-99.0,4.0,7.0,23/07/2025
larga estancia,"1,62 €",56.0,10.0,2.0,20.0,sí,0.923676903198509,3002.0,tarde,viernes,distrito 3,4.6,4.0,7.0,11/04/2025
  alta rotación ,"2,47 €",25.0,50.0,17.0,68.0,no,1.3010846969173038,7230.0,mañana,sábado,distrito 4,2.8,3.0,5.0,02/02/2025
residentes,"1,85 €",14.0,13.0,6.0,85.0,no,1.1289338737969041,5201.0,mañana,viernes,distrito 8,3.6,0.0,6.0,21/07/2025
residentes,"1,14 €",56.0,24.0,5.0,50.0,no,1.5816050517367397,7024.0,mediodía,jueves,distrito 2,4.3,0.0,3.0,05/06/2025
alta rotación,"1,67 €",7.0,10.0,7.0,22.0,sí,1.3946735877834946,4447.0,tarde,lunes,distrito 2,1.8,4.0,1.0,31/03/2025
larga estancia,"1,93 €",33.0,21.0,12.0,43.0,sí,1.01453669593033,6521.0,mañana,martes,distrito 9,1.8,6.0,5.0,03/09/2025
LARGA ESTANCIA,"1,59 €",18.0,20.0,5.0,121.0,sí,1.0529854567515207,15139.0,mediodía,sábado,distrito 1,4.3,0.0,0.0,12/03/2025
rotación media,"2,24 €",6.0,14.0,12.0,28.0,no,0.9810322702008971,14659.0,mediodía,miércoles,distrito 11,-99.0,3.0,1.0,30/03/2025
alta rotación,"1,51 €",56.0,2.0,40.0,94.0,no,1.743879684936809,6470.0,tarde,jueves,distrito 4,1.4,4.0,0.0,16/08/2025
alta rotación,"2,69 €",35.0,34.0,20.0,32.0,sí,0.8719201900478168,19440.0,mañana,miércoles,distrito 3,4.5,6.0,7.0,20/04/2025
alta rotación,"0,82 €",8.0,35.0,11.0,67.0,sí,1.768876133004192,6913.0,tarde,lunes,distrito 4,3.6,3.0,5.0,06/03/2025
residentes,"2,40 €",11.0,47.0,18.0,54.0,sí,1.3876604285312069,2680.0,mañana,sábado,distrito 2,3.4,5.0,6.0,07/03/2025
alta rotación,"2,16 €",58.0,8.0,10.0,51.0,sí,0.7199208653240037,20267.0,tarde,jueves,distrito 2,0.8,4.0,6.0,03/10/2025
alta rotación,"1,06 €",9.0,33.0,3.0,78.0,sí,1.4207927073697404,11470.0,mañana,lunes,distrito 1,2.9,2.0,4.0,24/03/2025
ALTA ROTACIÓN,"0,96 €",10.0,43.0,5.0,105.0,no,1.2425816067105788,6755.0,tarde,viernes,distrito 7,0.8,6.0,4.0,25/07/2025
residentes,"1,71 €",35.0,27.0,5.0,51.0,sí,1.5715816763934578,9940.0,mañana,lunes,distrito 2,6.2,3.0,3.0,30/08/2025
rotación media,"2,16 €",45.0,37.0,3.0,20.0,sí,0.9172897560057707,14768.0,tarde,lunes,distrito 11,2.3,1.0,2.0,22/01/2025
alta rotación,"3,08 €",53.0,19.0,62.0,217.0,no,1.0925802173574601,8367.0,mañana,viernes,distrito 10,3.6,6.0,1.0,16/10/2025
rotación media,"2,61 €",57.0,30.0,2.0,11.0,sí,0.8768701084274041,3439.0,tarde,martes,distrito 7,0.9,3.0,1.0,09/10/2025
rotación media,"2,06 €",31.0,15.0,6.0,9.0,sí,0.8438765749461474,5346.0,tarde,viernes,distrito 10,3.5,1.0,6.0,28/09/2025
residentes,"1,25 €",11.0,29.0,10.0,245.0,sí,1.793185899261466,4100.0,mediodía,lunes,distrito 1,4.8,4.0,8.0,21/03/2025
rotación media,"1,05 €",12.0,1.0,9.0,94.0,no,1.512549944069071,9382.0,mañana,martes,distrito 8,3.2,6.0,1.0,04/10/2025
  larga estancia ,"0,61 €",14.0,29.0,8.0,25.0,sí,1.348592155511115,8105.0,mañana,jueves,distrito 3,5.8,4.0,4.0,30/09/2025
rotación media,"2,81 €",38.0,5.0,23.0,121.0,no,0.7546469269010803,9115.0,tarde,lunes,distrito 9,3.0,4.0,1.0,11/07/2025
rotación media,"1,08 €",45.0,18.0,20.0,76.0,sí,1.3876205478658377,2952.0,tarde,miércoles,distrito 1,4.6,0.0,5.0,18/01/2025
residentes,"2,01 €",21.0,33.0,22.0,2.0,no,1.8465259050297576,15759.0,mediodía,jueves,distrito 9,5.5,6.0,2.0,21/02/2025
rotación media,"1,91 €",28.0,45.0,4.0,55.0,sí,0.8867158176414018,9459.0,mañana,sábado,distrito 7,-99.0,3.0,5.0,22/04/2025
ALTA ROTACIÓN,"1,12 €",46.0,69.0,14.0,87.0,no,2.0215718952948505,20624.0,mediodía,viernes,distrito 8,2.0,0.0,3.0,19/03/2025
larga estancia,"2,04 €",46.0,7.0,0.0,30.0,no,0.7152621614608126,5649.0,mañana,sábado,distrito 8,2.5,6.0,7.0,22/02/2025
alta rotacion,"0,87 €",53.0,6.0,1.0,102.0,no,1.0861790837654643,9312.0,tarde,lunes,distrito 10,3.4,5.0,3.0,06/08/2025
alta rotación,"2,71 €",30.0,13.0,1.0,129.0,no,0.6960613420563214,5946.0,tarde,jueves,distrito 6,4.3,5.0,3.0,18/10/2025
  alta rotación ,"1,64 €",45.0,7.0,17.0,48.0,sí,0.9023964285831718,5908.0,mañana,miércoles,distrito 11,1.5,0.0,0.0,21/09/2025
rotacion media,"1,14 €",57.0,22.0,8.0,55.0,sí,1.607806173294272,11527.0,mañana,martes,distrito 1,0.8,6.0,7.0,11/06/2025
  residentes ,"1,75 €",8.0,40.0,0.0,43.0,no,1.0716604630550801,4691.0,tarde,sábado,distrito 9,1.0,2.0,2.0,30/06/2025
rotación media,"2,94 €",25.0,27.0,16.0,36.0,sí,0.9827011746474179,8480.0,tarde,sábado,distrito 8,2.2,6.0,3.0,02/05/2025
rotacion media,"2,30 €",18.0,30.0,14.0,56.0,sí,1.263966537506641,7681.0,mañana,martes,distrito 11,2.5,3.0,1.0,05/03/2025
larga estancia,"1,47 €",57.0,12.0,11.0,61.0,sí,1.1904495197647669,17032.0,mediodía,viernes,distrito 3,4.4,5.0,3.0,19/01/2025
rotación media,"2,13 €",20.0,21.0,23.0,35.0,sí,1.0262103367934796,17447.0,mediodía,sábado,distrito 4,3.4,4.0,7.0,29/04/2025
  residentes ,"2,38 €",8.0,6.0,0.0,102.0,sí,0.6801063029981478,13280.0,mañana,jueves,distrito 5,3.3,0.0,7.0,31/03/2025
larga estancia,"1,72 €",14.0,36.0,8.0,26.0,sí,1.6102640726642448,6391.0,mañana,sábado,distrito 6,3.4,1.0,6.0,21/04/2025
alta rotación,"2,45 €",15.0,43.0,24.0,85.0,no,1.1719106947753644,20990.0,mediodía,sábado,distrito 8,3.6,4.0,0.0,07/10/2025
rotación media,"1,14 €",46.0,23.0,4.0,45.0,sí,1.5421306391559626,32348.0,tarde,viernes,distrito 9,3.3,5.0,8.0,07/07/2025
rotacion media,"2,89 €",18.0,51.0,14.0,219.0,sí,0.6258378336312302,6668.0,mediodía,martes,distrito 1,3.5,4.0,4.0,23/03/2025
larga estancia,"4,70 €",55.0,4.0,0.0,19.0,sí,0.04619950510042278,14424.0,mañana,lunes,distrito 7,0.8,5.0,4.0,10/05/2025
rotación media,"1,55 €",49.0,15.0,11.0,71.0,sí,0.8319174170071442,19106.0,mediodía,miércoles,distrito 6,4.0,6.0,0.0,15/08/2025
alta rotación,"2,20 €",22.0,33.0,5.0,186.0,no,1.0025583219979406,14986.0,mañana,sábado,distrito 9,3.7,3.0,6.0,18/05/2025
ALTA ROTACIÓN,"2,51 €",34.0,29.0,11.0,105.0,no,1.2252327587071665,11794.0,mañana,lunes,distrito 1,4.0,5.0,7.0,08/04/2025
larga estancia,"1,93 €",28.0,38.0,9.0,124.0,sí,0.5519801321763261,5602.0,mediodía,sábado,distrito 1,3.3,0.0,2.0,11/10/2025
rotación media,"2,43 €",19.0,23.0,4.0,96.0,sí,0.5709711942293254,22277.0,mañana,jueves,distrito 3,3.1,4.0,4.0,04/07/2025
larga estancia,"1,83 €",36.0,2.0,11.0,157.0,sí,0.5233031296589007,12547.0,mañana,lunes,distrito 10,-99.0,5.0,4.0,25/05/2025
rotación media,"1,77 €",48.0,30.0,1.0,27.0,no,1.4269417807392697,2910.0,mañana,miércoles,distrito 2,3.3,0.0,5.0,12/01/2025
residentes,"3,58 €",18.0,12.0,4.0,10.0,sí,0.6185990389487035,8775.0,tarde,martes,distrito 11,1.9,6.0,1.0,30/08/2025
larga estancia,"2,86 €",22.0,41.0,22.0,100.0,sí,0.634724272759885,12616.0,tarde,miércoles,distrito 9,1.0,2.0,0.0,18/01/2025
alta rotación,"2,03 €",58.0,44.0,6.0,72.0,sí,0.8209447656666233,8945.0,tarde,lunes,distrito 7,3.8,3.0,7.0,01/11/2025
larga estancia,"2,19 €",55.0,10.0,10.0,86.0,no,0.7032813238109012,11024.0,mediodía,jueves,distrito 11,2.6,4.0,2.0,24/02/2025
larga estancia,"2,33 €",15.0,39.0,2.0,45.0,no,1.4181123618884188,6461.0,mañana,lunes,distrito 6,1.9,0.0,8.0,26/07/2025
larga estancia,"2,87 €",18.0,21.0,5.0,193.0,sí,0.6030596923681313,4652.0,mañana,viernes,distrito 6,1.5,5.0,7.0,08/02/2025
larga estancia,"2,33 €",54.0,28.0,0.0,123.0,no,0.6827175525888438,10220.0,mediodía,lunes,distrito 10,4.1,1.0,6.0,15/07/2025
alta rotación,"3,10 €",50.0,51.0,3.0,40.0,sí,0.7245100860370373,9095.0,tarde,sábado,distrito 1,1.2,3.0,1.0,24/02/2025
residentes,"0,76 €",17.0,23.0,1.0,37.0,sí,1.6390737943472442,8027.0,tarde,sábado,distrito 11,4.4,6.0,8.0,16/03/2025
alta rotación,"2,34 €",39.0,42.0,5.0,54.0,sí,1.3946949082578524,17116.0,tarde,lunes,distrito 9,2.6,3.0,2.0,23/02/2025
ROTACIÓN MEDIA,"1,54 €",29.0,13.0,8.0,41.0,sí,0.9280045089000402,7056.0,tarde,martes,distrito 11,3.6,3.0,1.0,17/01/2025
  larga estancia ,"1,66 €",49.0,65.0,9.0,44.0,sí,1.4882851985572436,2618.0,mañana,lunes,distrito 8,1.6,4.0,6.0,25/09/2025
larga estancia,"2,14 €",44.0,22.0,11.0,40.0,sí,0.7210798872651889,10536.0,mañana,miércoles,distrito 4,2.0,4.0,8.0,28/10/2025
rotación media,"0,90 €",25.0,29.0,11.0,566.0,sí,0.9714793656636197,5028.0,tarde,lunes,distrito 2,1.4,5.0,7.0,12/04/2025
larga estancia,"2,16 €",45.0,11.0,7.0,97.0,sí,0.5441748179619954,22742.0,mañana,lunes,distrito 2,3.1,1.0,3.0,23/05/2025
rotación media,"4,10 €",9.0,59.0,8.0,19.0,no,1.1056742788100997,2744.0,mediodía,lunes,distrito 4,4.7,1.0,2.0,27/08/2025
larga estancia,"1,01 €",41.0,9.0,10.0,14.0,sí,0.9527999370122665,19673.0,mediodía,jueves,distrito 7,0.8,4.0,8.0,27/09/2025
rotación media,"2,04 €",15.0,26.0,26.0,45.0,sí,1.2468783204152774,5196.0,mañana,viernes,distrito 7,1.6,6.0,1.0,24/02/2025
  rotación media ,"2,74 €",10.0,9.0,9.0,5.0,sí,0.7162525073625348,18533.0,mediodía,viernes,distrito 11,2.2,1.0,0.0,19/01/2025
residentes,"2,73 €",52.0,11.0,14.0,256.0,sí,0.7456098032971297,3853.0,mediodía,viernes,distrito 11,1.8,5.0,1.0,19/02/2025
  rotación media ,"2,30 €",7.0,8.0,1.0,16.0,no,0.860669086842967,21192.0,tarde,jueves,distrito 8,1.8,1.0,0.0,08/05/2025
rotación media,"1,08 €",8.0,46.0,14.0,45.0,no,2.224533591863056,20456.0,mediodía,jueves,distrito 7,4.5,3.0,3.0,07/08/2025
LARGA ESTANCIA,"0,50 €",51.0,11.0,0.0,21.0,sí,1.284210578635134,6300.0,mediodía,lunes,distrito 9,2.0,2.0,6.0,21/05/2025
alta rotación,"2,57 €",53.0,25.0,14.0,43.0,sí,1.1045240234882312,5587.0,tarde,miércoles,distrito 9,4.5,1.0,8.0,22/02/2025
larga estancia,"2,18 €",9.0,36.0,11.0,165.0,no,1.3805150960288715,12218.0,mañana,jueves,distrito 6,4.7,4.0,8.0,21/05/2025
rotación media,"1,47 €",52.0,30.0,8.0,154.0,sí,0.8228305360109264,12615.0,mañana,miércoles,distrito 9,5.8,0.0,1.0,30/04/2025
rotación media,"3,01 €",31.0,14.0,2.0,59.0,sí,0.37087834581486334,5124.0,tarde,martes,distrito 2,4.5,2.0,1.0,06/09/2025
rotación media,"1,84 €",47.0,20.0,2.0,4.0,sí,1.211948459753112,8080.0,mañana,martes,distrito 5,4.1,2.0,6.0,16/08/2025
larga estancia,"2,81 €",56.0,10.0,0.0,35.0,sí,0.3748718523705246,7315.0,mañana,viernes,distrito 4,1.9,2.0,0.0,17/09/2025
rotación media,"1,76 €",54.0,11.0,17.0,42.0,sí,1.1558371868590585,16500.0,mediodía,miércoles,distrito 1,4.8,2.0,3.0,17/03/2025
rotación media,"2,86 €",27.0,3.0,0.0,13.0,sí,-0.08543030472241797,8396.0,mañana,sábado,distrito 9,2.7,4.0,7.0,14/09/2025
alta rotación,"2,32 €",25.0,16.0,12.0,29.0,sí,0.8763807714025069,16286.0,tarde,martes,distrito 7,3.1,3.0,1.0,08/02/2025
alta rotación,"0,77 €",40.0,12.0,11.0,153.0,sí,1.94315534828445,9092.0,mañana,lunes,distrito 11,2.0,2.0,5.0,26/09/2025
RESIDENTES,"0,85 €",55.0,2.0,4.0,139.0,sí,0.6656851377555261,6888.0,mañana,lunes,distrito 7,3.6,3.0,0.0,03/07/2025
ROTACIÓN MEDIA,"2,21 €",17.0,71.0,1.0,60.0,no,0.9145040654888095,2881.0,mañana,miércoles,distrito 6,3.1,4.0,4.0,31/07/2025
alta rotación,"2,39 €",21.0,20.0,3.0,56.0,sí,0.9004580036936112,6896.0,tarde,jueves,distrito 4,2.7,6.0,1.0,04/07/2025
larga estancia,"2,69 €",58.0,90.0,16.0,42.0,sí,1.3677227494386512,12260.0,mañana,sábado,distrito 2,3.8,6.0,8.0,20/07/2025
  larga estancia ,"2,09 €",40.0,24.0,3.0,139.0,no,0.9751170221964708,5947.0,tarde,viernes,distrito 1,5.1,5.0,8.0,11/09/2025
alta rotacion,"2,31 €",51.0,22.0,26.0,102.0,sí,1.1482641753700857,10729.0,tarde,jueves,distrito 8,4.1,1.0,0.0,21/10/2025
alta rotación,"3,08 €",14.0,3.0,4.0,20.0,sí,0.7196515454073629,12816.0,mañana,lunes,distrito 9,4.4,1.0,3.0,18/04/2025
rotación media,"1,87 €",54.0,49.0,4.0,87.0,no,1.5264424208444916,6121.0,mañana,martes,distrito 8,3.0,2.0,1.0,11/05/2025
larga estancia,"0,93 €",31.0,26.0,14.0,44.0,sí,1.4156739744501552,13267.0,tarde,viernes,distrito 8,2.7,2.0,7.0,09/05/2025
rotación media,"2,05 €",18.0,11.0,12.0,64.0,sí,0.9526376261031111,33352.0,tarde,lunes,distrito 3,2.3,6.0,7.0,18/02/2025
larga estancia,"2,02 €",49.0,7.0,12.0,18.0,sí,0.34163703215215624,9708.0,tarde,viernes,distrito 9,3.6,3.0,7.0,25/05/2025
alta rotación,"2,19 €",34.0,12.0,0.0,59.0,sí,0.7942900919612028,7783.0,mañana,jueves,distrito 9,2.6,6.0,3.0,26/08/2025
larga estancia,"1,47 €",56.0,12.0,11.0,28.0,sí,1.132878487513616,9690.0,mañana,martes,distrito 2,-99.0,1.0,6.0,09/07/2025
alta rotación,"2,43 €",9.0,32.0,12.0,23.0,sí,1.111867104774443,11437.0,tarde,sábado,distrito 4,3.3,3.0,3.0,02/11/2025
rotación media,"2,20 €",44.0,44.0,7.0,182.0,sí,1.0745230977752633,12548.0,mediodía,lunes,distrito 4,3.8,3.0,8.0,16/06/2025
  rotación media ,"1,84 €",39.0,25.0,0.0,49.0,sí,0.6964588191172902,12349.0,mediodía,martes,distrito 11,2.4,4.0,2.0,29/01/2025
  residentes ,"2,11 €",24.0,4.0,12.0,94.0,sí,0.8861865156280309,14077.0,mediodía,sábado,distrito 9,1.7,1.0,5.0,07/06/2025
residentes,"3,15 €",37.0,16.0,18.0,6.0,sí,0.7497477554546145,6234.0,mañana,sábado,distrito 10,1.1,4.0,3.0,23/10/2025
  larga estancia ,"2,06 €",23.0,3.0,1.0,12.0,sí,0.3894625692193611,16701.0,mañana,martes,distrito 2,4.5,0.0,0.0,08/08/2025
larga estancia,"2,34 €",9.0,40.0,4.0,74.0,no,1.2544313401698863,7526.0,mañana,miércoles,distrito 7,5.9,1.0,0.0,17/09/2025
  larga estancia ,"1,26 €",7.0,22.0,33.0,69.0,sí,1.1216981392831846,16246.0,tarde,jueves,distrito 8,-99.0,3.0,0.0,02/02/2025
residentes,"0,85 €",54.0,23.0,7.0,42.0,sí,1.3536230440121026,18706.0,tarde,sábado,distrito 11,-99.0,2.0,1.0,30/06/2025
larga estancia,"2,25 €",6.0,29.0,0.0,93.0,no,0.7947811342959537,4056.0,mañana,lunes,distrito 2,2.3,0.0,1.0,18/08/2025
alta rotación,"1,26 €",24.0,9.0,9.0,55.0,no,1.5291825807389994,10312.0,mediodía,martes,distrito 1,1.8,2.0,4.0,01/11/2025
alta rotación,"2,24 €",29.0,4.0,36.0,22.0,sí,0.882667260201884,6384.0,mañana,lunes,distrito 11,1.9,1.0,6.0,20/09/2025
rotación media,"1,51 €",28.0,14.0,0.0,116.0,sí,0.6419996170436891,23055.0,tarde,sábado,distrito 10,3.2,0.0,5.0,06/07/2025
larga estancia,"2,17 €",38.0,19.0,9.0,1.0,no,1.0453539545422765,3019.0,tarde,lunes,distrito 10,6.6,2.0,7.0,29/08/2025
larga estancia,"2,28 €",58.0,8.0,6.0,6.0,no,1.0558441332597461,28334.0,mediodía,martes,distrito 10,0.8,2.0,0.0,16/02/2025
larga estancia,"1,37 €",16.0,31.0,4.0,25.0,sí,1.1844240522763512,4203.0,tarde,sábado,distrito 10,3.1,0.0,1.0,24/07/2025
  alta rotación ,"1,83 €",55.0,1.0,13.0,56.0,no,1.047291521965227,8202.0,mañana,lunes,distrito 10,-99.0,3.0,4.0,11/09/2025
rotación media,"1,21 €",37.0,11.0,0.0,55.0,sí,0.8627153196998367,7729.0,mediodía,martes,distrito 3,-99.0,5.0,5.0,01/08/2025
  rotación media ,"1,31 €",42.0,26.0,10.0,57.0,no,1.4565332226593182,5870.0,mañana,jueves,distrito 8,3.5,3.0,2.0,21/07/2025
larga estancia,"2,01 €",37.0,6.0,21.0,20.0,sí,0.8743814677706941,8897.0,tarde,sábado,distrito 3,3.8,0.0,1.0,19/07/2025
  rotación media ,"2,37 €",39.0,2.0,4.0,136.0,no,0.7896040382995688,11578.0,tarde,miércoles,distrito 7,-99.0,2.0,6.0,17/03/2025
larga estancia,"2,48 €",31.0,18.0,30.0,22.0,sí,0.7914814639258572,4448.0,mañana,miércoles,distrito 1,1.9,1.0,4.0,16/02/2025
residentes,"2,37 €",35.0,19.0,9.0,58.0,no,0.9804544046063237,6804.0,tarde,jueves,distrito 10,4.3,2.0,2.0,26/03/2025
rotacion media,"2,97 €",27.0,13.0,10.0,55.0,sí,0.7237721937901735,12311.0,tarde,sábado,distrito 9,4.9,3.0,3.0,16/07/2025
  residentes ,"2,68 €",37.0,11.0,8.0,41.0,no,1.0007428719437026,6466.0,mediodía,lunes,distrito 6,4.7,0.0,5.0,19/07/2025
rotación media,"2,05 €",34.0,16.0,19.0,53.0,sí,1.4481454812663546,4162.0,mañana,jueves,distrito 8,3.9,1.0,2.0,17/05/2025
alta rotación,"2,40 €",60.0,25.0,34.0,118.0,sí,1.052855448141509,37526.0,mañana,miércoles,distrito 9,4.0,4.0,1.0,31/08/2025
rotación media,"3,02 €",15.0,3.0,5.0,42.0,no,0.9855469587017585,29130.0,tarde,miércoles,distrito 9,-99.0,2.0,5.0,28/06/2025
larga estancia,"2,78 €",54.0,40.0,3.0,48.0,sí,0.8002527660254903,10501.0,mañana,martes,distrito 7,3.1,4.0,7.0,27/06/2025
larga estancia,"1,83 €",49.0,8.0,8.0,50.0,no,1.2333274744235958,7986.0,tarde,jueves,distrito 5,1.6,6.0,8.0,18/01/2025
rotación media,"1,90 €",31.0,39.0,6.0,98.0,no,1.4114141243333334,14306.0,mañana,lunes,distrito 10,4.8,1.0,3.0,24/10/2025
rotación media,"2,33 €",16.0,17.0,11.0,84.0,sí,0.9330769393072337,11910.0,mediodía,sábado,distrito 11,3.9,1.0,7.0,27/04/2025
rotación media,"1,87 €",22.0,9.0,10.0,4.0,sí,1.011954957040728,7121.0,mediodía,martes,distrito 2,1.1,0.0,4.0,23/05/2025
rotación media,"3,40 €",38.0,14.0,0.0,52.0,no,0.9036365517132305,9106.0,mañana,miércoles,distrito 10,3.5,1.0,3.0,20/02/2025
residentes,"3,21 €",38.0,14.0,5.0,17.0,sí,0.5819909237462466,6508.0,mañana,viernes,distrito 4,4.2,5.0,5.0,03/09/2025
rotación media,"1,78 €",30.0,17.0,10.0,34.0,no,1.5406732786314774,15452.0,mediodía,martes,distrito 10,5.4,1.0,6.0,22/02/2025
larga estancia,"2,53 €",43.0,18.0,0.0,14.0,sí,0.20780359328524517,2802.0,mediodía,viernes,distrito 9,3.5,0.0,3.0,03/02/2025
residentes,"3,30 €",28.0,47.0,5.0,291.0,sí,0.6202549399275485,15608.0,mañana,martes,distrito 8,2.7,4.0,2.0,30/10/2025
larga estancia,"1,54 €",38.0,42.0,4.0,148.0,no,0.7941821260915566,3483.0,mediodía,jueves,distrito 6,2.7,4.0,5.0,28/04/2025
  alta rotación ,"1,25 €",60.0,6.0,13.0,117.0,no,1.3542486681802641,8104.0,mediodía,lunes,distrito 10,4.7,1.0,0.0,09/10/2025
residentes,"2,41 €",47.0,48.0,44.0,81.0,no,1.2109494740870375,6927.0,mañana,lunes,distrito 4,2.9,0.0,7.0,30/08/2025
rotación media,"0,76 €",31.0,6.0,1.0,66.0,sí,1.374225082130177,5549.0,mediodía,miércoles,distrito 7,6.8,0.0,1.0,01/03/2025
rotación media,"1,87 €",56.0,45.0,7.0,99.0,no,1.218856428938532,9025.0,tarde,martes,distrito 9,2.7,4.0,1.0,29/05/2025
alta rotación,"1,59 €",31.0,32.0,6.0,150.0,sí,1.6815534126826894,20668.0,mediodía,viernes,distrito 11,1.7,2.0,3.0,07/03/2025
residentes,"1,84 €",48.0,27.0,3.0,19.0,sí,1.0733371586299012,12842.0,mediodía,jueves,distrito 1,2.4,6.0,2.0,02/08/2025
alta rotación,"3,05 €",18.0,19.0,22.0,151.0,sí,0.8887918791128008,22438.0,tarde,sábado,distrito 10,2.4,6.0,3.0,24/09/2025
residentes,"2,04 €",12.0,8.0,1.0,6.0,sí,0.6372777420762127,6175.0,tarde,lunes,distrito 4,3.6,5.0,6.0,22/08/2025
alta rotación,"1,98 €",31.0,53.0,7.0,64.0,sí,0.9717081810469175,20059.0,mañana,miércoles,distrito 2,3.3,3.0,3.0,17/04/2025
rotación media,"1,85 €",53.0,32.0,6.0,12.0,sí,0.9080935075990284,3569.0,mañana,martes,distrito 1,2.1,4.0,3.0,09/05/2025
rotación media,"4,09 €",37.0,14.0,24.0,60.0,no,0.907541450246933,7962.0,mediodía,jueves,distrito 10,3.0,1.0,6.0,18/07/2025
alta rotacion,"2,17 €",17.0,39.0,6.0,104.0,sí,1.1602014388333386,6337.0,mañana,martes,distrito 6,2.4,3.0,3.0,14/03/2025
residentes,"1,69 €",46.0,26.0,28.0,101.0,no,1.3056506365192613,15713.0,mañana,lunes,distrito 10,-99.0,4.0,2.0,26/02/2025
  residentes ,"1,83 €",58.0,39.0,16.0,48.0,sí,1.5076679831114668,2715.0,tarde,viernes,distrito 11,1.9,1.0,1.0,17/10/2025
larga estancia,"2,89 €",46.0,28.0,11.0,22.0,no,1.2186252899444994,20469.0,mediodía,sábado,distrito 4,2.2,5.0,0.0,09/04/2025
larga estancia,"1,77 €",56.0,22.0,3.0,35.0,sí,0.6395173348840251,8832.0,tarde,sábado,distrito 11,2.4,3.0,8.0,09/05/2025
  alta rotación ,"3,44 €",45.0,27.0,1.0,122.0,no,0.7145086602009237,5020.0,mañana,jueves,distrito 3,-99.0,6.0,8.0,18/04/2025
residentes,"2,41 €",30.0,47.0,13.0,44.0,sí,1.099700073828516,11584.0,tarde,lunes,distrito 4,0.8,0.0,5.0,12/07/2025
larga estancia,"1,40 €",6.0,10.0,0.0,41.0,sí,0.7588922405870857,3022.0,mañana,sábado,distrito 10,3.5,2.0,7.0,31/07/2025
alta rotación,"2,24 €",21.0,4.0,0.0,69.0,sí,0.3884865058886063,7568.0,mediodía,lunes,distrito 11,4.0,3.0,6.0,05/03/2025
rotación media,"1,13 €",23.0,19.0,3.0,20.0,no,1.3015306630773447,10302.0,mediodía,jueves,distrito 5,4.0,2.0,7.0,09/08/2025
LARGA ESTANCIA,"1,73 €",25.0,13.0,0.0,12.0,no,0.6104191450783741,8603.0,mediodía,miércoles,distrito 11,3.3,5.0,0.0,20/03/2025
larga estancia,"2,98 €",54.0,30.0,11.0,56.0,sí,0.6544969241002456,5190.0,mañana,lunes,distrito 10,3.5,4.0,4.0,07/08/2025
larga estancia,"2,86 €",49.0,42.0,5.0,83.0,sí,0.7080787264150381,21370.0,mañana,lunes,distrito 5,1.4,5.0,7.0,06/09/2025
larga estancia,"2,59 €",51.0,70.0,0.0,60.0,sí,0.7159826821269863,22047.0,tarde,lunes,distrito 2,2.6,6.0,5.0,08/02/2025
alta rotación,"1,49 €",26.0,4.0,3.0,43.0,no,1.279067951213849,14740.0,mañana,viernes,distrito 9,2.0,4.0,0.0,28/02/2025
rotación media,"3,41 €",32.0,7.0,4.0,24.0,sí,0.5991760448164705,12137.0,mediodía,martes,distrito 2,3.3,0.0,3.0,30/09/2025
rotacion media,"2,40 €",25.0,9.0,2.0,81.0,no,0.3933755166249325,9125.0,mañana,jueves,distrito 4,3.7,4.0,7.0,02/06/2025
alta rotación,"2,67 €",8.0,22.0,20.0,76.0,sí,1.1390278326551564,20009.0,mañana,miércoles,distrito 5,1.5,5.0,4.0,30/08/2025
residentes,"2,87 €",50.0,65.0,5.0,30.0,no,1.2916966446079092,7134.0,tarde,lunes,distrito 9,2.7,2.0,2.0,29/05/2025
residentes,"2,96 €",51.0,33.0,38.0,172.0,sí,0.9369827171780617,5212.0,tarde,miércoles,distrito 9,3.5,0.0,1.0,24/05/2025
alta rotacion,"0,67 €",7.0,60.0,1.0,25.0,no,2.0678318197956087,14509.0,mañana,sábado,distrito 7,5.3,1.0,6.0,12/07/2025
rotación media,"1,95 €",44.0,5.0,6.0,39.0,sí,0.7833657233589839,9917.0,tarde,jueves,distrito 3,-99.0,2.0,0.0,03/09/2025
alta rotación,"3,33 €",20.0,45.0,1.0,112.0,sí,0.6960351180828289,7150.0,mediodía,lunes,distrito 6,0.8,6.0,0.0,17/10/2025
alta rotacion,"3,11 €",7.0,19.0,1.0,87.0,no,0.6087323257177178,7864.0,mediodía,miércoles,distrito 1,0.8,3.0,2.0,29/01/2025
  alta rotación ,"1,80 €",6.0,29.0,19.0,49.0,sí,1.1511748902011534,7337.0,tarde,sábado,distrito 9,1.7,6.0,5.0,19/05/2025
rotación media,"2,19 €",48.0,5.0,0.0,89.0,sí,0.2083470072143507,9332.0,mediodía,sábado,distrito 9,3.5,3.0,2.0,14/03/2025
  alta rotación ,"0,50 €",45.0,16.0,0.0,78.0,sí,1.3334600376052266,4795.0,mañana,miércoles,distrito 10,4.5,0.0,6.0,24/08/2025
residentes,"1,61 €",35.0,13.0,0.0,32.0,sí,0.6976436464147899,21635.0,mañana,jueves,distrito 8,3.7,1.0,1.0,08/05/2025
ALTA ROTACIÓN,"2,54 €",31.0,6.0,8.0,7.0,sí,0.5336240852415924,12571.0,tarde,jueves,distrito 6,3.0,1.0,0.0,11/10/2025
rotación media,"1,83 €",40.0,18.0,10.0,158.0,sí,0.8475069417107146,36619.0,tarde,jueves,distrito 8,4.4,5.0,8.0,04/02/2025
  rotación media ,"1,03 €",21.0,40.0,5.0,52.0,sí,1.64729757975243,4991.0,mañana,jueves,distrito 8,2.9,2.0,6.0,12/07/2025
larga estancia,"2,89 €",12.0,8.0,24.0,25.0,no,0.8805969892920708,8128.0,mediodía,viernes,distrito 1,4.9,6.0,1.0,24/09/2025
larga estancia,"3,44 €",27.0,7.0,14.0,61.0,no,0.8293987777711828,10126.0,mañana,sábado,distrito 3,5.2,4.0,1.0,10/06/2025
rotacion media,"2,41 €",19.0,17.0,4.0,77.0,sí,0.7073548851020095,3647.0,tarde,martes,distrito 6,4.6,6.0,6.0,15/04/2025
larga estancia,"2,71 €",9.0,1.0,5.0,8.0,sí,0.3792024045415536,4611.0,mañana,sábado,distrito 5,4.4,5.0,1.0,28/09/2025
alta rotación,"1,04 €",49.0,15.0,37.0,3.0,sí,1.6513698948808135,7740.0,tarde,sábado,distrito 8,3.2,6.0,5.0,02/08/2025
larga estancia,"1,59 €",55.0,17.0,2.0,261.0,sí,1.213237647430787,10071.0,mañana,viernes,distrito 10,2.7,2.0,8.0,01/02/2025
  rotación media ,"1,14 €",32.0,28.0,4.0,80.0,no,1.1890155240596627,2362.0,mañana,martes,distrito 10,3.2,1.0,3.0,24/10/2025
ROTACIÓN MEDIA,"2,38 €",60.0,24.0,1.0,29.0,sí,0.7299850884161705,18348.0,tarde,lunes,distrito 5,-99.0,6.0,3.0,30/06/2025
residentes,"1,79 €",17.0,49.0,31.0,30.0,no,1.8498909101803394,5603.0,mediodía,viernes,distrito 3,4.5,4.0,4.0,25/06/2025
rotación media,"2,05 €",30.0,20.0,4.0,142.0,sí,0.9780816625731292,23118.0,mediodía,viernes,distrito 9,1.5,2.0,7.0,25/01/2025
alta rotación,"2,25 €",60.0,33.0,1.0,2.0,sí,1.2418643163946863,8683.0,mediodía,viernes,distrito 10,1.8,6.0,7.0,06/10/2025
ALTA ROTACIÓN,"1,54 €",57.0,6.0,5.0,113.0,sí,1.0172802093666011,15188.0,mañana,jueves,distrito 1,2.6,5.0,4.0,21/06/2025
residentes,"2,62 €",9.0,6.0,5.0,10.0,sí,0.8430036144690735,8598.0,mañana,sábado,distrito 6,4.8,1.0,8.0,09/06/2025
rotación media,"1,71 €",46.0,42.0,1.0,106.0,sí,0.9699693200997693,12962.0,mañana,jueves,distrito 6,3.6,2.0,4.0,27/08/2025
residentes,"1,86 €",54.0,35.0,2.0,80.0,no,1.227726344413672,7589.0,mañana,martes,distrito 6,3.7,4.0,5.0,12/07/2025
alta rotación,"2,77 €",33.0,37.0,0.0,110.0,sí,0.48909400990690377,12373.0,tarde,sábado,distrito 3,4.3,4.0,7.0,02/09/2025
  alta rotación ,"2,63 €",33.0,20.0,4.0,115.0,no,1.080555907355733,6649.0,tarde,lunes,distrito 10,4.7,2.0,2.0,13/08/2025
rotacion media,"3,50 €",34.0,35.0,5.0,64.0,sí,0.6546448842633537,2935.0,mañana,viernes,distrito 9,-99.0,0.0,0.0,02/06/2025
rotacion media,"1,54 €",13.0,11.0,8.0,119.0,sí,0.912916998076998,12133.0,mediodía,miércoles,distrito 2,4.7,5.0,2.0,09/07/2025
rotación media,"1,43 €",44.0,12.0,16.0,116.0,sí,1.2624523820040292,5414.0,mediodía,lunes,distrito 5,5.6,0.0,3.0,20/03/2025
residentes,"1,86 €",38.0,5.0,5.0,94.0,sí,0.6599590070351878,8131.0,tarde,viernes,distrito 10,4.6,1.0,4.0,05/06/2025
ALTA ROTACIÓN,"2,10 €",28.0,15.0,1.0,37.0,sí,0.8286224238872844,29084.0,tarde,martes,distrito 4,1.5,1.0,0.0,27/01/2025
rotación media,"3,20 €",28.0,18.0,2.0,68.0,sí,0.6447571507444549,10079.0,mediodía,jueves,distrito 1,2.7,1.0,8.0,28/06/2025
LARGA ESTANCIA,"3,14 €",21.0,70.0,29.0,31.0,sí,1.0417990680418752,4480.0,mediodía,martes,distrito 6,2.3,3.0,2.0,19/08/2025
ROTACIÓN MEDIA,"1,31 €",20.0,9.0,6.0,1.0,sí,1.5308137707863034,7516.0,tarde,viernes,distrito 3,3.6,4.0,8.0,01/10/2025
rotación media,"2,40 €",9.0,21.0,1.0,66.0,sí,0.7546347071872468,10166.0,mediodía,lunes,distrito 11,4.8,3.0,8.0,10/03/2025
alta rotación,"2,19 €",47.0,25.0,7.0,33.0,no,1.690432296004051,5693.0,mañana,martes,distrito 4,3.1,3.0,1.0,13/10/2025
alta rotación,"1,58 €",22.0,5.0,26.0,29.0,sí,0.9755982003946078,12474.0,mañana,jueves,distrito 10,4.1,5.0,6.0,15/01/2025
larga estancia,"2,41 €",50.0,1.0,8.0,118.0,sí,0.2581726885820322,2743.0,mañana,viernes,distrito 11,3.8,6.0,3.0,25/04/2025
rotación media,"3,08 €",42.0,33.0,8.0,167.0,no,1.0755382923591015,6895.0,mañana,sábado,distrito 3,3.6,2.0,8.0,27/02/2025
alta rotacion,"0,50 €",15.0,16.0,13.0,12.0,sí,1.864415182531931,15330.0,mañana,martes,distrito 4,-99.0,3.0,6.0,06/03/2025
larga estancia,"1,78 €",26.0,24.0,9.0,26.0,sí,1.052527738233342,5588.0,mediodía,jueves,distrito 3,-99.0,4.0,3.0,06/06/2025
rotación media,"1,57 €",31.0,113.0,11.0,67.0,sí,1.552181122150344,11525.0,mediodía,viernes,distrito 7,2.2,1.0,4.0,05/02/2025
residentes,"2,83 €",19.0,20.0,33.0,28.0,sí,0.877830568534825,5332.0,mañana,jueves,distrito 8,3.1,6.0,4.0,30/10/2025
residentes,"1,61 €",20.0,12.0,4.0,68.0,sí,1.4293026975205643,15770.0,mañana,lunes,distrito 3,3.3,0.0,7.0,12/02/2025
ROTACIÓN MEDIA,"1,88 €",48.0,11.0,0.0,25.0,sí,0.6651259529828725,9867.0,mediodía,lunes,distrito 6,4.2,5.0,3.0,23/08/2025
alta rotación,"1,27 €",60.0,12.0,0.0,63.0,no,1.1910229701383273,15712.0,tarde,martes,distrito 2,2.3,0.0,4.0,06/09/2025
larga estancia,"1,89 €",45.0,30.0,7.0,12.0,no,1.1032028223242458,9432.0,mañana,viernes,distrito 5,4.8,5.0,4.0,13/06/2025
residentes,"3,74 €",55.0,7.0,0.0,119.0,sí,0.11851880210591456,6064.0,mediodía,jueves,distrito 1,2.5,6.0,7.0,24/09/2025
rotación media,"2,32 €",7.0,4.0,3.0,21.0,no,0.7691943781970636,6621.0,tarde,jueves,distrito 5,3.2,3.0,7.0,30/05/2025
rotacion media,"2,29 €",8.0,31.0,21.0,119.0,sí,1.2425193253478481,10306.0,tarde,miércoles,distrito 2,5.4,0.0,7.0,09/07/2025
rotación media,"2,12 €",50.0,18.0,9.0,18.0,sí,0.8897472537288746,3667.0,mediodía,lunes,distrito 6,3.2,6.0,6.0,11/05/2025
larga estancia,"2,32 €",29.0,25.0,3.0,53.0,sí,0.4701447465179495,10182.0,mañana,lunes,distrito 6,3.5,1.0,5.0,18/02/2025
rotación media,"1,94 €",42.0,16.0,4.0,52.0,sí,0.5615307775035687,7724.0,mañana,jueves,distrito 8,1.3,4.0,0.0,24/02/2025
larga estancia,"2,54 €",47.0,39.0,5.0,32.0,no,0.9548080477863722,12915.0,tarde,viernes,distrito 10,4.9,5.0,7.0,14/10/2025
rotación media,"2,35 €",44.0,23.0,2.0,29.0,no,1.342370728490417,8438.0,mañana,jueves,distrito 7,5.3,0.0,1.0,30/05/2025
rotación media,"1,86 €",49.0,4.0,5.0,274.0,no,0.38572318204560496,12398.0,tarde,viernes,distrito 5,3.0,4.0,4.0,28/09/2025
larga estancia,"1,15 €",22.0,13.0,0.0,4.0,sí,0.8418195055786707,3017.0,mañana,viernes,distrito 5,2.8,1.0,4.0,13/10/2025
alta rotacion,"2,70 €",8.0,34.0,17.0,45.0,sí,0.9911254616381582,11228.0,mañana,lunes,distrito 11,2.7,2.0,4.0,04/05/2025
larga estancia,"1,68 €",40.0,43.0,33.0,109.0,sí,1.1056969366152687,5889.0,mediodía,lunes,distrito 9,1.8,5.0,2.0,06/05/2025
RESIDENTES,"3,12 €",14.0,6.0,6.0,94.0,no,0.836370205736672,8163.0,mediodía,jueves,distrito 1,0.8,6.0,1.0,22/09/2025
residentes,"3,65 €",28.0,23.0,17.0,59.0,sí,1.1690881529787647,4963.0,mañana,martes,distrito 6,4.5,1.0,7.0,29/05/2025
residentes,"1,11 €",9.0,42.0,30.0,28.0,sí,1.599318850828491,8982.0,mediodía,jueves,distrito 2,4.5,5.0,1.0,16/05/2025
alta rotacion,"2,64 €",53.0,14.0,1.0,36.0,sí,0.40509620714882444,4419.0,tarde,sábado,distrito 4,1.6,1.0,2.0,29/04/2025
residentes,"1,70 €",50.0,24.0,0.0,57.0,sí,0.5988645871579256,6548.0,mediodía,viernes,distrito 5,4.1,0.0,4.0,17/05/2025
  larga estancia ,"1,68 €",37.0,7.0,5.0,47.0,sí,0.9257097240524762,12041.0,tarde,martes,distrito 7,2.7,3.0,7.0,14/10/2025
larga estancia,"1,21 €",10.0,32.0,6.0,57.0,sí,1.174893856965439,9493.0,tarde,jueves,distrito 4,1.9,0.0,3.0,17/05/2025
rotación media,"3,05 €",46.0,6.0,6.0,136.0,sí,0.4825576039174606,9640.0,mañana,viernes,distrito 3,3.0,2.0,7.0,05/03/2025
  alta rotación ,"2,05 €",37.0,6.0,9.0,69.0,sí,0.8826776537976663,4531.0,mañana,sábado,distrito 8,0.9,4.0,3.0,16/04/2025
rotación media,"1,94 €",59.0,14.0,14.0,26.0,sí,0.8686516060661065,9082.0,tarde,sábado,distrito 1,2.4,1.0,0.0,22/10/2025
larga estancia,"0,67 €",30.0,21.0,2.0,5.0,sí,1.1712928351863445,9745.0,mediodía,miércoles,distrito 10,4.5,3.0,7.0,24/03/2025
  alta rotación ,"2,01 €",46.0,55.0,11.0,33.0,sí,1.6609664541337945,12478.0,mañana,lunes,distrito 3,3.9,3.0,7.0,25/03/2025
  residentes ,"1,21 €",15.0,6.0,14.0,20.0,no,1.3290542508405083,12518.0,mediodía,lunes,distrito 4,5.0,5.0,5.0,24/09/2025
residentes,"2,40 €",18.0,24.0,8.0,48.0,sí,1.1062939425313099,15333.0,mediodía,lunes,distrito 10,3.2,1.0,4.0,25/01/2025
alta rotación,"2,60 €",12.0,29.0,16.0,51.0,no,1.1975700797283206,13384.0,mañana,martes,distrito 7,5.3,4.0,4.0,10/10/2025
larga estancia,"2,59 €",39.0,34.0,7.0,37.0,no,1.2757810754140841,8112.0,mediodía,viernes,distrito 6,4.7,6.0,6.0,06/04/2025
rotación media,"1,48 €",17.0,10.0,10.0,68.0,no,1.6722991067182114,14947.0,mediodía,miércoles,distrito 2,4.5,4.0,3.0,11/10/2025
alta rotación,"2,37 €",30.0,6.0,6.0,21.0,sí,0.8083368758239329,29380.0,mediodía,miércoles,distrito 4,2.6,2.0,4.0,07/10/2025
ROTACIÓN MEDIA,"4,00 €",55.0,7.0,24.0,42.0,sí,0.7554353479286464,10707.0,mañana,martes,distrito 11,4.5,3.0,2.0,27/09/2025
larga estancia,"3,39 €",30.0,19.0,20.0,48.0,sí,0.4792652097380026,10886.0,tarde,miércoles,distrito 9,2.9,3.0,6.0,21/03/2025
larga estancia,"1,38 €",26.0,14.0,12.0,58.0,sí,0.903291378563872,8353.0,mañana,miércoles,distrito 11,2.1,3.0,8.0,27/07/2025
larga estancia,"0,50 €",17.0,8.0,7.0,7.0,sí,1.3602715642332117,7141.0,tarde,viernes,distrito 6,-99.0,4.0,7.0,19/05/2025
alta rotación,"1,79 €",46.0,16.0,8.0,53.0,no,1.188109094291201,3077.0,tarde,miércoles,distrito 1,2.6,2.0,2.0,04/04/2025
residentes,"1,50 €",45.0,26.0,3.0,31.0,sí,1.2690889247702963,8909.0,mediodía,miércoles,distrito 4,2.8,1.0,0.0,23/09/2025
ROTACIÓN MEDIA,"2,65 €",17.0,11.0,8.0,137.0,sí,0.7185956976571045,14331.0,mediodía,jueves,distrito 5,4.4,6.0,3.0,15/06/2025
RESIDENTES,"1,81 €",44.0,13.0,4.0,136.0,no,1.2400987906216316,15622.0,mediodía,jueves,distrito 9,-99.0,2.0,2.0,09/02/2025
alta rotación,"1,68 €",58.0,12.0,3.0,61.0,sí,0.8981144710437166,13068.0,mediodía,sábado,distrito 6,1.1,5.0,5.0,06/02/2025
larga estancia,"2,96 €",6.0,35.0,6.0,113.0,sí,0.5795187269992195,18692.0,tarde,viernes,distrito 3,0.8,5.0,5.0,16/05/2025
residentes,"2,22 €",54.0,46.0,9.0,128.0,sí,1.1280928139137114,3438.0,mediodía,jueves,distrito 2,3.6,2.0,8.0,20/06/2025
ALTA ROTACIÓN,"2,43 €",14.0,23.0,0.0,89.0,sí,0.7274923822590684,10282.0,mediodía,jueves,distrito 8,2.5,4.0,8.0,18/06/2025
larga estancia,"1,34 €",42.0,38.0,5.0,50.0,no,1.289177076493232,4747.0,tarde,miércoles,distrito 2,0.8,5.0,4.0,27/01/2025
LARGA ESTANCIA,"2,22 €",18.0,19.0,14.0,56.0,sí,0.6826753998197722,5250.0,mediodía,jueves,distrito 10,4.5,4.0,8.0,10/05/2025
rotación media,"3,59 €",11.0,12.0,6.0,50.0,sí,0.9676114879347056,17163.0,mañana,jueves,distrito 2,3.8,3.0,1.0,25/08/2025
alta rotación,"1,26 €",43.0,9.0,2.0,36.0,sí,1.1264171490120312,16241.0,tarde,sábado,distrito 10,2.6,1.0,7.0,23/06/2025
LARGA ESTANCIA,"2,85 €",52.0,19.0,53.0,148.0,sí,0.7969261715523498,6509.0,tarde,jueves,distrito 6,2.2,4.0,5.0,30/01/2025
rotación media,"2,40 €",60.0,11.0,4.0,1.0,sí,0.8893716883678823,11604.0,mañana,sábado,distrito 5,4.3,3.0,2.0,24/08/2025
rotación media,"2,53 €",10.0,50.0,8.0,78.0,sí,0.8960668427785362,9780.0,tarde,sábado,distrito 11,3.4,1.0,0.0,20/08/2025
  alta rotación ,"1,56 €",20.0,32.0,27.0,245.0,no,1.8495007170536706,7340.0,tarde,sábado,distrito 11,5.7,2.0,1.0,22/06/2025
alta rotación,"1,70 €",27.0,21.0,0.0,120.0,sí,0.8206550418262055,18614.0,tarde,miércoles,distrito 9,-99.0,2.0,1.0,20/10/2025
rotación media,"1,67 €",22.0,15.0,4.0,58.0,sí,1.2384327117243759,16227.0,mañana,viernes,distrito 1,3.7,6.0,5.0,13/06/2025
alta rotación,"1,86 €",26.0,10.0,6.0,95.0,sí,1.3148790886630701,22170.0,mediodía,viernes,distrito 9,2.1,4.0,3.0,08/06/2025
alta rotación,"1,73 €",54.0,10.0,4.0,35.0,sí,0.7639059622501462,5004.0,tarde,sábado,distrito 5,2.2,1.0,6.0,10/03/2025
alta rotación,"2,38 €",41.0,8.0,44.0,17.0,sí,1.0771447850748967,17605.0,tarde,lunes,distrito 9,2.0,2.0,7.0,30/09/2025
rotación media,"1,48 €",48.0,16.0,5.0,8.0,sí,1.1938077306064199,13013.0,mediodía,lunes,distrito 5,2.2,5.0,7.0,06/09/2025
alta rotacion,"2,30 €",45.0,8.0,3.0,58.0,sí,0.7155764953664269,17321.0,tarde,viernes,distrito 3,4.3,2.0,0.0,11/08/2025
residentes,"2,35 €",32.0,51.0,5.0,98.0,sí,1.120483825948931,1813.0,tarde,lunes,distrito 6,1.2,6.0,3.0,03/09/2025
ROTACIÓN MEDIA,"2,89 €",51.0,54.0,8.0,69.0,no,1.0779594460285724,13154.0,tarde,jueves,distrito 10,3.9,4.0,4.0,03/02/2025
  larga estancia ,"1,68 €",55.0,2.0,1.0,137.0,sí,0.27135464053988695,5428.0,mediodía,martes,distrito 2,2.4,0.0,2.0,25/02/2025
residentes,"1,90 €",38.0,62.0,4.0,64.0,sí,0.8264045179875827,10419.0,mañana,sábado,distrito 2,1.5,3.0,4.0,26/04/2025
alta rotación,"2,88 €",36.0,36.0,1.0,62.0,sí,0.6869108355493666,4676.0,mañana,viernes,distrito 2,1.7,3.0,8.0,20/05/2025
alta rotación,"2,00 €",36.0,2.0,4.0,192.0,no,0.5739474198882981,20755.0,tarde,miércoles,distrito 11,6.0,5.0,8.0,23/01/2025
larga estancia,"0,90 €",16.0,4.0,5.0,31.0,sí,1.2183140099995164,12187.0,mañana,miércoles,distrito 1,5.4,4.0,7.0,21/08/2025
alta rotacion,"2,82 €",21.0,28.0,21.0,82.0,sí,1.003233813137456,7743.0,mañana,martes,distrito 2,3.2,1.0,2.0,11/10/2025
larga estancia,"2,23 €",41.0,35.0,7.0,61.0,sí,0.6913975288744201,30755.0,mañana,viernes,distrito 8,3.1,4.0,1.0,27/01/2025
ROTACIÓN MEDIA,"1,10 €",59.0,14.0,16.0,50.0,sí,1.341313237504254,4162.0,tarde,lunes,distrito 6,2.0,5.0,6.0,23/02/2025
residentes,"1,70 €",46.0,4.0,5.0,4.0,sí,1.2014811434406039,10944.0,tarde,lunes,distrito 1,3.1,4.0,8.0,27/09/2025
residentes,"1,89 €",33.0,0.0,4.0,20.0,sí,0.6761797639689409,9839.0,mañana,lunes,distrito 8,4.5,3.0,7.0,15/05/2025
alta rotación,"2,69 €",16.0,3.0,7.0,160.0,sí,0.5488071518019242,8082.0,mañana,sábado,distrito 6,0.8,5.0,6.0,24/08/2025
  alta rotación ,"2,57 €",59.0,26.0,3.0,8.0,no,0.7560390526874693,11171.0,tarde,jueves,distrito 8,4.0,3.0,2.0,10/05/2025
  rotación media ,"2,96 €",25.0,34.0,5.0,143.0,no,0.8127321647461151,12199.0,mañana,martes,distrito 5,3.3,1.0,4.0,16/05/2025
rotación media,"2,56 €",11.0,23.0,45.0,33.0,sí,1.0814705495314414,16195.0,mediodía,sábado,distrito 10,2.8,2.0,2.0,15/09/2025
residentes,"1,15 €",38.0,21.0,19.0,45.0,no,1.9738478087688012,3371.0,mañana,lunes,distrito 6,3.1,3.0,3.0,16/07/2025
larga estancia,"2,31 €",24.0,20.0,16.0,25.0,no,1.4670339679112272,9379.0,mediodía,viernes,distrito 9,3.8,6.0,6.0,26/02/2025
alta rotación,"2,12 €",48.0,33.0,3.0,84.0,sí,1.1534586049696607,4396.0,mañana,jueves,distrito 7,1.7,3.0,3.0,19/06/2025
residentes,"1,86 €",42.0,19.0,8.0,16.0,sí,1.0010249680899568,16274.0,mediodía,miércoles,distrito 9,2.3,2.0,5.0,09/06/2025
LARGA ESTANCIA,"1,83 €",7.0,13.0,0.0,117.0,sí,0.26668470404532185,2173.0,mañana,lunes,distrito 7,3.7,0.0,6.0,04/03/2025
rotación media,"1,76 €",23.0,17.0,10.0,101.0,sí,1.4782197498365197,3315.0,tarde,sábado,distrito 5,1.8,0.0,7.0,05/02/2025
rotación media,"2,96 €",34.0,24.0,0.0,68.0,sí,0.5717808577127815,6121.0,mediodía,miércoles,distrito 6,3.2,1.0,0.0,29/07/2025
residentes,"2,81 €",37.0,24.0,6.0,99.0,no,1.3649289865689855,15240.0,tarde,miércoles,distrito 11,4.5,1.0,0.0,08/06/2025
residentes,"2,19 €",45.0,15.0,6.0,158.0,sí,1.2105242763638708,9807.0,mediodía,martes,distrito 3,4.0,1.0,0.0,16/08/2025
larga estancia,"1,94 €",19.0,7.0,2.0,44.0,sí,0.8862537494038012,13342.0,mediodía,lunes,distrito 3,4.2,3.0,6.0,24/09/2025
  rotación media ,"3,26 €",43.0,7.0,11.0,30.0,sí,0.723722029424706,7023.0,mañana,miércoles,distrito 1,0.8,4.0,8.0,16/10/2025
alta rotación,"1,44 €",47.0,42.0,7.0,77.0,sí,1.555912238306055,19370.0,mañana,lunes,distrito 3,2.8,4.0,2.0,17/01/2025
larga estancia,"2,47 €",30.0,18.0,9.0,139.0,sí,0.7113488624763634,10483.0,mañana,lunes,distrito 10,3.9,3.0,0.0,31/03/2025
alta rotación,"1,81 €",33.0,12.0,11.0,3.0,no,1.1707115158910995,17686.0,mañana,viernes,distrito 6,2.7,3.0,2.0,22/06/2025
rotacion media,"3,22 €",54.0,29.0,0.0,83.0,sí,0.4659139401025127,12043.0,tarde,miércoles,distrito 6,2.4,2.0,7.0,05/03/2025
larga estancia,"2,10 €",45.0,10.0,14.0,66.0,sí,0.753906125606019,3750.0,mañana,viernes,distrito 9,2.6,0.0,1.0,09/06/2025
residentes,"3,25 €",18.0,22.0,25.0,8.0,sí,1.237567291441543,15584.0,tarde,viernes,distrito 2,3.3,2.0,4.0,08/03/2025
  larga estancia ,"2,67 €",53.0,9.0,3.0,253.0,no,0.9956862033760907,4233.0,mediodía,viernes,distrito 11,3.3,6.0,4.0,07/06/2025
alta rotación,"2,50 €",23.0,34.0,4.0,38.0,sí,1.0420357195868066,6852.0,mediodía,miércoles,distrito 4,2.1,6.0,7.0,07/08/2025
rotación media,"1,37 €",43.0,2.0,8.0,58.0,sí,0.9888634934605891,9236.0,tarde,miércoles,distrito 6,3.6,4.0,8.0,18/01/2025
residentes,"1,49 €",29.0,11.0,13.0,136.0,sí,1.0614328569643159,4469.0,mediodía,martes,distrito 10,4.4,6.0,2.0,16/03/2025
LARGA ESTANCIA,"2,78 €",14.0,20.0,16.0,111.0,sí,0.5330920499213889,12101.0,mañana,viernes,distrito 7,2.4,3.0,8.0,22/08/2025
rotación media,"3,12 €",18.0,2.0,5.0,15.0,no,0.10804826024559605,18669.0,tarde,miércoles,distrito 3,3.7,6.0,0.0,30/01/2025
alta rotación,"2,26 €",20.0,5.0,27.0,26.0,sí,0.9457583399972104,3672.0,mañana,viernes,distrito 10,3.4,4.0,1.0,21/09/2025
ALTA ROTACIÓN,"2,94 €",31.0,18.0,9.0,19.0,sí,1.1358143507662426,9786.0,tarde,viernes,distrito 4,5.7,3.0,2.0,09/04/2025
alta rotación,"0,93 €",33.0,2.0,1.0,223.0,sí,1.0878683153014967,4588.0,mañana,martes,distrito 2,2.3,1.0,6.0,03/06/2025
rotación media,"3,35 €",39.0,22.0,12.0,191.0,no,0.8096731163010722,5378.0,mañana,lunes,distrito 2,3.5,4.0,4.0,03/02/2025
rotación media,"2,33 €",15.0,27.0,1.0,155.0,sí,0.7110557713825967,6483.0,tarde,lunes,distrito 10,2.5,1.0,2.0,30/10/2025
larga estancia,"2,96 €",30.0,21.0,12.0,72.0,no,1.1456975970130874,2074.0,mañana,sábado,distrito 7,3.3,2.0,5.0,18/01/2025
alta rotacion,"1,96 €",52.0,39.0,1.0,149.0,sí,1.0011797039715744,7766.0,mediodía,miércoles,distrito 7,2.4,5.0,6.0,04/02/2025
residentes,"1,63 €",21.0,11.0,2.0,49.0,sí,0.6302712683001881,9864.0,mediodía,miércoles,distrito 10,1.4,5.0,2.0,12/03/2025
larga estancia,"1,99 €",58.0,28.0,3.0,61.0,sí,0.9405657671310009,5913.0,tarde,jueves,distrito 1,3.7,3.0,3.0,11/02/2025
alta rotación,"1,60 €",53.0,31.0,0.0,12.0,sí,1.1799382166243382,10571.0,mediodía,lunes,distrito 11,2.5,0.0,6.0,08/09/2025
alta rotación,"0,91 €",11.0,29.0,4.0,180.0,sí,1.3289929322903133,9055.0,mediodía,viernes,distrito 10,3.7,0.0,6.0,06/05/2025
larga estancia,"2,30 €",23.0,14.0,34.0,57.0,sí,0.8633401919066983,5141.0,tarde,jueves,distrito 5,0.8,2.0,7.0,05/03/2025
larga estancia,"2,18 €",33.0,29.0,2.0,29.0,no,0.8768135253499932,2594.0,mañana,viernes,distrito 7,2.5,4.0,5.0,16/07/2025
larga estancia,"3,09 €",27.0,16.0,14.0,27.0,sí,0.6929715318417046,5925.0,tarde,lunes,distrito 7,4.7,3.0,0.0,12/01/2025
  alta rotación ,"0,91 €",21.0,8.0,5.0,145.0,sí,0.862791751707224,8743.0,mediodía,sábado,distrito 7,2.4,6.0,5.0,27/07/2025
alta rotación,"2,63 €",26.0,20.0,2.0,36.0,sí,0.8858583392449152,10596.0,mediodía,jueves,distrito 2,1.6,5.0,1.0,29/04/2025
residentes,"2,24 €",31.0,14.0,4.0,3.0,sí,1.0803103579799291,10350.0,tarde,martes,distrito 11,2.7,5.0,2.0,04/05/2025
alta rotacion,"2,61 €",23.0,39.0,1.0,140.0,no,0.527400935636662,10666.0,tarde,sábado,distrito 8,4.0,2.0,3.0,05/02/2025
residentes,"2,19 €",32.0,35.0,2.0,196.0,sí,1.0719359319066972,10901.0,mañana,martes,distrito 11,3.0,0.0,8.0,08/04/2025
rotación media,"2,38 €",8.0,79.0,15.0,1.0,no,1.6651303746705115,17772.0,tarde,sábado,distrito 4,4.1,2.0,0.0,02/07/2025
alta rotacion,"1,87 €",41.0,4.0,1.0,53.0,sí,0.7038556059914818,4550.0,mañana,miércoles,distrito 2,0.8,5.0,0.0,07/05/2025
alta rotacion,"2,97 €",55.0,40.0,7.0,103.0,sí,0.554965964328626,19069.0,tarde,jueves,distrito 1,-99.0,6.0,5.0,03/04/2025
RESIDENTES,"0,51 €",49.0,11.0,9.0,30.0,no,2.123664153070927,4246.0,mañana,lunes,distrito 7,4.5,2.0,6.0,15/05/2025
  rotación media ,"1,44 €",38.0,20.0,2.0,39.0,no,0.76958750154472,11801.0,mediodía,miércoles,distrito 3,4.3,5.0,8.0,12/10/2025
  residentes ,"2,53 €",46.0,20.0,17.0,58.0,sí,1.246220161471525,22700.0,mañana,viernes,distrito 5,1.4,3.0,0.0,06/09/2025
alta rotación,"3,02 €",8.0,9.0,16.0,42.0,sí,0.33291382298402505,5695.0,mediodía,sábado,distrito 5,5.5,2.0,7.0,29/05/2025
rotación media,"3,25 €",45.0,20.0,5.0,24.0,no,0.7678566940780542,16560.0,mañana,lunes,distrito 3,4.9,4.0,8.0,09/06/2025
rotación media,"1,03 €",23.0,11.0,3.0,65.0,no,1.7450674037893392,9470.0,mañana,sábado,distrito 1,0.8,6.0,4.0,20/04/2025
  alta rotación ,"1,92 €",44.0,3.0,11.0,37.0,sí,0.8966177144733715,9912.0,mediodía,viernes,distrito 9,2.4,6.0,5.0,31/05/2025
rotación media,"1,32 €",27.0,29.0,3.0,72.0,no,1.4942409737396223,3403.0,tarde,viernes,distrito 3,2.8,4.0,0.0,23/05/2025
residentes,"1,47 €",26.0,66.0,11.0,150.0,no,1.818532630445702,14374.0,mañana,viernes,distrito 6,2.3,4.0,7.0,08/02/2025
rotación media,"1,42 €",23.0,43.0,0.0,84.0,sí,0.9293113002279009,6605.0,tarde,miércoles,distrito 10,4.5,2.0,2.0,22/04/2025
alta rotación,"2,25 €",57.0,12.0,4.0,27.0,sí,0.5332804795256274,19231.0,tarde,lunes,distrito 3,1.0,3.0,6.0,05/06/2025
  alta rotación ,"1,79 €",53.0,16.0,0.0,52.0,sí,0.8403621491084802,6864.0,tarde,miércoles,distrito 5,2.9,3.0,5.0,01/11/2025
residentes,"0,71 €",35.0,29.0,9.0,31.0,sí,1.504860298033221,24062.0,mediodía,martes,distrito 8,3.9,3.0,7.0,05/05/2025
rotación media,"2,93 €",57.0,21.0,3.0,127.0,sí,0.6983973905604731,2750.0,mediodía,lunes,distrito 10,0.8,3.0,4.0,31/08/2025
ROTACIÓN MEDIA,"2,44 €",40.0,6.0,23.0,9.0,no,1.1583128915290781,12277.0,mañana,viernes,distrito 2,4.4,1.0,7.0,09/07/2025
residentes,"2,19 €",40.0,3.0,13.0,91.0,no,0.8248625765483298,6818.0,mañana,sábado,distrito 9,1.2,2.0,0.0,17/05/2025
alta rotación,"2,07 €",49.0,32.0,6.0,64.0,sí,1.067410882242565,9346.0,mediodía,viernes,distrito 7,4.8,5.0,3.0,31/08/2025
rotación media,"1,51 €",48.0,37.0,14.0,150.0,no,1.4422995483864038,11933.0,tarde,miércoles,distrito 11,3.2,0.0,6.0,15/03/2025
larga estancia,"0,87 €",23.0,43.0,1.0,136.0,sí,1.1806913611240673,15825.0,mañana,miércoles,distrito 4,2.3,5.0,3.0,13/10/2025
larga estancia,"2,62 €",34.0,54.0,17.0,146.0,no,1.4431886125694504,10370.0,mañana,lunes,distrito 1,2.4,4.0,8.0,17/04/2025
ROTACIÓN MEDIA,"1,54 €",24.0,12.0,2.0,55.0,no,1.3861391465190662,7951.0,mañana,sábado,distrito 9,-99.0,4.0,6.0,19/07/2025
rotación media,"0,50 €",25.0,8.0,25.0,2.0,sí,1.677895506640294,24765.0,tarde,jueves,distrito 6,1.5,1.0,8.0,16/06/2025
larga estancia,"2,71 €",44.0,24.0,6.0,51.0,sí,0.7223254359171813,4030.0,tarde,sábado,distrito 3,5.0,5.0,5.0,14/07/2025
larga estancia,"1,30 €",47.0,1.0,12.0,166.0,no,1.0286053685505478,6578.0,tarde,miércoles,distrito 5,2.1,0.0,2.0,02/03/2025
  alta rotación ,"2,95 €",11.0,35.0,2.0,146.0,no,1.061283514832567,7569.0,tarde,miércoles,distrito 2,3.4,6.0,4.0,29/09/2025
alta rotación,"2,84 €",33.0,12.0,16.0,69.0,no,0.9337562709554876,13144.0,tarde,lunes,distrito 2,3.4,4.0,5.0,12/08/2025
rotación media,"2,21 €",37.0,25.0,14.0,62.0,sí,0.9801706912912049,10344.0,mediodía,sábado,distrito 1,2.8,2.0,0.0,25/04/2025
  alta rotación ,"2,44 €",43.0,30.0,11.0,21.0,sí,1.5425600118535567,9882.0,tarde,lunes,distrito 6,2.3,0.0,3.0,02/06/2025
larga estancia,"1,29 €",16.0,45.0,50.0,96.0,no,1.9941944991836027,9956.0,tarde,viernes,distrito 6,1.6,1.0,7.0,01/03/2025
alta rotación,"2,16 €",19.0,10.0,12.0,285.0,sí,1.072525035174733,11392.0,mañana,miércoles,distrito 3,0.8,0.0,1.0,01/04/2025
rotación media,"2,76 €",34.0,15.0,2.0,63.0,sí,0.730127087889219,8304.0,tarde,jueves,distrito 5,4.6,6.0,4.0,24/10/2025
ROTACIÓN MEDIA,"2,80 €",12.0,12.0,10.0,0.0,sí,1.3199720571067097,32862.0,mediodía,jueves,distrito 4,1.9,3.0,5.0,02/04/2025
residentes,"1,98 €",32.0,5.0,1.0,189.0,no,1.1006685485311232,11850.0,mediodía,miércoles,distrito 6,2.2,5.0,6.0,14/02/2025
ALTA ROTACIÓN,"2,48 €",33.0,17.0,8.0,259.0,sí,0.7546275196904265,14635.0,mediodía,lunes,distrito 6,4.1,5.0,2.0,26/01/2025
larga estancia,"1,94 €",29.0,3.0,1.0,23.0,sí,0.29829042762267,12581.0,tarde,sábado,distrito 5,-99.0,3.0,2.0,27/09/2025
rotación media,"1,64 €",13.0,30.0,1.0,63.0,sí,1.009576269054007,13179.0,mediodía,viernes,distrito 1,4.3,3.0,3.0,22/05/2025
residentes,"1,78 €",29.0,15.0,0.0,19.0,sí,0.8569065390342756,7728.0,mediodía,sábado,distrito 7,3.1,0.0,2.0,19/05/2025
larga estancia,"2,85 €",40.0,13.0,31.0,27.0,sí,1.090912106324498,11469.0,mediodía,viernes,distrito 1,2.7,3.0,6.0,06/03/2025
alta rotación,"1,55 €",47.0,9.0,5.0,14.0,sí,0.9458336934001732,4807.0,mañana,miércoles,distrito 5,7.3,2.0,2.0,09/09/2025
  rotación media ,"1,44 €",31.0,17.0,2.0,137.0,sí,1.3199270835214105,7797.0,mañana,miércoles,distrito 4,4.6,6.0,1.0,25/10/2025
rotación media,"1,98 €",13.0,83.0,11.0,148.0,sí,1.2257962359533896,8153.0,mañana,miércoles,distrito 9,3.3,0.0,2.0,20/01/2025
alta rotación,"3,48 €",10.0,17.0,20.0,58.0,sí,0.6951730522197465,6058.0,mediodía,lunes,distrito 9,2.3,0.0,5.0,13/02/2025
residentes,"3,11 €",17.0,17.0,3.0,45.0,no,0.6788467915354912,10428.0,tarde,sábado,distrito 2,0.8,6.0,5.0,15/07/2025
alta rotación,"1,43 €",26.0,8.0,15.0,6.0,no,1.6993281147098607,8206.0,mañana,jueves,distrito 7,3.2,0.0,2.0,18/02/2025
rotación media,"3,27 €",19.0,13.0,7.0,130.0,sí,0.8460307398563045,3673.0,mediodía,sábado,distrito 11,4.2,1.0,6.0,01/07/2025
rotación media,"2,14 €",21.0,8.0,7.0,118.0,no,0.8301034421934532,27100.0,mañana,lunes,distrito 11,5.0,3.0,3.0,13/07/2025
rotación media,"3,98 €",23.0,11.0,14.0,28.0,sí,1.2482983208151974,7053.0,mañana,miércoles,distrito 9,3.4,3.0,0.0,14/03/2025
rotación media,"2,27 €",42.0,27.0,10.0,30.0,sí,0.6148037955432859,5266.0,mediodía,martes,distrito 4,-99.0,1.0,6.0,16/02/2025
larga estancia,"1,37 €",39.0,29.0,1.0,98.0,sí,1.3148788003025342,3859.0,mediodía,martes,distrito 9,-99.0,5.0,7.0,21/03/2025
alta rotación,"2,31 €",10.0,22.0,14.0,27.0,sí,1.123503424419148,13517.0,mañana,martes,distrito 4,5.2,0.0,3.0,17/07/2025
larga estancia,"2,96 €",29.0,57.0,13.0,239.0,sí,1.2679795929576754,5775.0,mañana,sábado,distrito 6,2.7,0.0,0.0,02/02/2025
rotación media,"2,25 €",6.0,9.0,20.0,45.0,no,1.3121100691953407,32396.0,mediodía,martes,distrito 3,2.1,0.0,5.0,30/03/2025
larga estancia,"1,98 €",35.0,31.0,5.0,23.0,sí,1.0353654122903533,18531.0,mediodía,lunes,distrito 2,4.9,5.0,3.0,28/06/2025
alta rotación,"2,26 €",52.0,23.0,4.0,171.0,sí,0.908706215472204,7482.0,mediodía,viernes,distrito 2,2.1,0.0,0.0,24/06/2025
larga estancia,"2,00 €",27.0,21.0,3.0,151.0,sí,0.7570709867628976,9497.0,mediodía,lunes,distrito 4,2.2,1.0,8.0,13/02/2025
  alta rotación ,"2,25 €",18.0,8.0,12.0,184.0,sí,0.6871481633602033,5448.0,tarde,martes,distrito 11,5.2,1.0,8.0,01/10/2025
larga estancia,"2,24 €",10.0,14.0,3.0,93.0,sí,0.6308042208358479,14461.0,mañana,martes,distrito 6,4.4,6.0,3.0,08/10/2025
ALTA ROTACIÓN,"3,25 €",10.0,11.0,66.0,35.0,sí,0.5913025170789956,6833.0,mediodía,jueves,distrito 3,3.1,2.0,6.0,06/02/2025
larga estancia,"2,63 €",48.0,12.0,3.0,246.0,sí,0.4207540173869616,11855.0,tarde,jueves,distrito 10,2.3,3.0,3.0,22/04/2025
residentes,"2,17 €",11.0,22.0,3.0,32.0,no,1.2565013777564638,6652.0,mañana,jueves,distrito 10,5.2,3.0,4.0,24/10/2025
larga estancia,"1,55 €",45.0,14.0,3.0,37.0,sí,1.1127120663948515,8318.0,mañana,sábado,distrito 9,0.8,0.0,6.0,26/02/2025
residentes,"1,98 €",60.0,40.0,42.0,65.0,sí,1.2106203893748895,8133.0,tarde,miércoles,distrito 6,4.8,2.0,0.0,15/08/2025
alta rotacion,"0,58 €",58.0,4.0,2.0,116.0,no,1.7609261504625562,7624.0,tarde,martes,distrito 4,2.8,4.0,4.0,23/04/2025
  rotación media ,"2,11 €",39.0,13.0,15.0,4.0,sí,1.149016678515004,10535.0,mañana,jueves,distrito 1,3.7,1.0,3.0,30/10/2025
alta rotación,"2,85 €",13.0,36.0,5.0,67.0,sí,0.7482245172507265,11759.0,mediodía,jueves,distrito 6,2.5,6.0,8.0,27/01/2025
larga estancia,"0,87 €",29.0,25.0,1.0,90.0,sí,1.3385449486305303,17182.0,tarde,sábado,distrito 8,4.3,4.0,1.0,10/09/2025
rotación media,"2,32 €",53.0,49.0,48.0,43.0,sí,1.227497755256104,3456.0,mañana,viernes,distrito 11,-99.0,3.0,5.0,03/04/2025
larga estancia,"2,80 €",27.0,25.0,34.0,19.0,sí,1.208323501961395,10492.0,mediodía,jueves,distrito 8,2.9,2.0,1.0,18/06/2025
residentes,"1,97 €",28.0,71.0,29.0,140.0,no,1.4165671276346037,20937.0,tarde,viernes,distrito 9,6.4,3.0,1.0,26/10/2025
alta rotación,"1,77 €",38.0,26.0,1.0,15.0,sí,0.8583179242006876,14869.0,mediodía,sábado,distrito 5,3.3,4.0,5.0,12/06/2025
residentes,"1,78 €",43.0,2.0,5.0,61.0,sí,0.8337526715832183,18090.0,mañana,jueves,distrito 1,3.7,6.0,3.0,15/02/2025
larga estancia,"1,98 €",34.0,43.0,3.0,43.0,sí,1.197557994534867,6782.0,mediodía,martes,distrito 2,1.8,0.0,7.0,30/06/2025
larga estancia,"3,77 €",37.0,7.0,6.0,78.0,sí,0.00010680869603324483,5603.0,mediodía,lunes,distrito 9,2.1,6.0,6.0,25/03/2025
residentes,"2,04 €",28.0,19.0,8.0,18.0,no,1.2221616343151727,4615.0,mañana,jueves,distrito 11,2.4,4.0,0.0,19/09/2025
ALTA ROTACIÓN,"2,51 €",24.0,29.0,4.0,83.0,sí,0.7362084289990536,3769.0,mediodía,martes,distrito 6,4.4,5.0,0.0,05/05/2025
alta rotación,"2,58 €",40.0,14.0,14.0,113.0,sí,0.7321910542835998,15018.0,tarde,miércoles,distrito 7,3.1,0.0,0.0,08/03/2025
residentes,"1,25 €",22.0,3.0,1.0,129.0,sí,0.5369528935746538,8114.0,mañana,sábado,distrito 8,4.8,5.0,1.0,16/01/2025
rotación media,"2,18 €",33.0,14.0,1.0,105.0,sí,1.0934012846013401,18456.0,tarde,jueves,distrito 3,5.8,4.0,1.0,29/10/2025
alta rotacion,"2,55 €",14.0,40.0,5.0,135.0,no,0.9692802437030645,9316.0,mediodía,viernes,distrito 10,3.5,3.0,6.0,27/02/2025
larga estancia,"0,70 €",51.0,2.0,8.0,151.0,sí,1.136891831056074,4074.0,mañana,miércoles,distrito 4,3.3,2.0,4.0,30/09/2025
alta rotación,"2,72 €",45.0,53.0,17.0,24.0,sí,1.3597493080320937,9328.0,tarde,lunes,distrito 3,-99.0,3.0,5.0,30/03/2025
alta rotación,"2,45 €",44.0,5.0,32.0,335.0,sí,0.9460145393733952,3870.0,mediodía,miércoles,distrito 9,4.8,4.0,1.0,17/06/2025
rotación media,"2,65 €",51.0,34.0,51.0,131.0,sí,1.1059333306065597,6771.0,tarde,jueves,distrito 5,3.3,2.0,0.0,25/05/2025
residentes,"1,31 €",8.0,19.0,13.0,75.0,no,1.510779959165332,7117.0,mediodía,sábado,distrito 11,2.3,5.0,6.0,16/06/2025
rotación media,"1,13 €",32.0,31.0,32.0,146.0,no,1.5399118660391131,6962.0,mediodía,sábado,distrito 8,3.1,3.0,8.0,05/06/2025
residentes,"1,76 €",50.0,8.0,6.0,284.0,sí,0.4441253700825576,11887.0,mañana,miércoles,distrito 8,2.5,2.0,0.0,30/10/2025
rotación media,"3,21 €",16.0,42.0,11.0,113.0,sí,0.8901346494514502,8989.0,mediodía,sábado,distrito 11,5.1,5.0,1.0,17/09/2025
  residentes ,"1,77 €",47.0,26.0,5.0,66.0,no,1.255236535211197,4626.0,mediodía,jueves,distrito 6,2.8,0.0,7.0,20/07/2025
residentes,"1,71 €",24.0,4.0,4.0,45.0,sí,0.7628570151993387,7995.0,mediodía,miércoles,distrito 8,4.1,1.0,1.0,31/05/2025
residentes,"3,33 €",45.0,13.0,3.0,14.0,sí,0.8111506902052388,3706.0,mediodía,miércoles,distrito 6,1.6,4.0,5.0,26/03/2025
residentes,"1,72 €",9.0,15.0,1.0,100.0,sí,0.619116299597953,5766.0,tarde,viernes,distrito 4,3.5,5.0,2.0,02/10/2025
rotación media,"3,03 €",8.0,2.0,14.0,30.0,sí,0.6443590974593637,6614.0,mañana,jueves,distrito 2,0.8,4.0,1.0,11/08/2025
alta rotación,"2,08 €",32.0,17.0,1.0,195.0,sí,0.8811526337569014,39012.0,tarde,sábado,distrito 11,1.8,4.0,0.0,16/04/2025
rotacion media,"1,91 €",34.0,30.0,1.0,48.0,sí,0.51599270339361,8527.0,mañana,lunes,distrito 8,2.4,2.0,1.0,04/03/2025
residentes,"2,18 €",60.0,16.0,23.0,46.0,sí,1.498576167969301,24076.0,tarde,martes,distrito 6,3.8,3.0,0.0,09/01/2025
rotación media,"1,68 €",18.0,22.0,18.0,30.0,no,1.4006799832494121,7428.0,mañana,martes,distrito 7,3.9,4.0,2.0,20/04/2025
residentes,"2,30 €",9.0,27.0,4.0,253.0,no,1.2457551725221647,14447.0,mañana,martes,distrito 1,2.8,1.0,1.0,18/06/2025
rotación media,"1,79 €",46.0,20.0,2.0,86.0,sí,0.6301630246057135,7315.0,tarde,viernes,distrito 3,2.5,6.0,0.0,22/10/2025
rotación media,"1,79 €",52.0,17.0,16.0,50.0,sí,1.1385286473758578,26365.0,mañana,sábado,distrito 5,0.8,3.0,3.0,10/03/2025
alta rotación,"1,36 €",27.0,12.0,9.0,54.0,no,1.5807828432540947,8381.0,mediodía,martes,distrito 10,3.9,6.0,2.0,02/02/2025
larga estancia,"2,59 €",32.0,15.0,0.0,158.0,no,0.4772086431791491,11041.0,mañana,martes,distrito 3,2.1,2.0,2.0,05/07/2025
rotación media,"2,09 €",38.0,24.0,6.0,36.0,sí,1.2576196513109617,5424.0,tarde,jueves,distrito 5,3.8,1.0,6.0,08/06/2025
RESIDENTES,"2,68 €",12.0,43.0,17.0,62.0,sí,0.8823419160470551,22305.0,mañana,miércoles,distrito 2,2.9,2.0,4.0,19/07/2025
rotación media,"2,06 €",36.0,16.0,19.0,18.0,sí,1.3113227436950277,1922.0,tarde,sábado,distrito 11,0.8,2.0,3.0,28/07/2025
  rotación media ,"1,49 €",35.0,25.0,5.0,116.0,no,1.4829927476196325,9576.0,tarde,jueves,distrito 3,4.5,5.0,6.0,19/09/2025
rotación media,"1,84 €",59.0,9.0,20.0,52.0,sí,1.63166014375855,2434.0,mañana,lunes,distrito 10,5.3,5.0,7.0,09/02/2025
rotación media,"1,41 €",27.0,18.0,0.0,18.0,sí,1.0459363976926959,2326.0,mañana,martes,distrito 6,-99.0,1.0,6.0,05/08/2025
  residentes ,"2,95 €",41.0,2.0,8.0,51.0,sí,0.14589689608127243,6178.0,mañana,miércoles,distrito 2,1.2,2.0,8.0,19/07/2025
  alta rotación ,"0,97 €",33.0,17.0,33.0,62.0,sí,1.8295158529166797,18221.0,mañana,sábado,distrito 9,1.5,1.0,1.0,06/04/2025
alta rotación,"1,96 €",52.0,12.0,16.0,128.0,sí,1.269017345222019,7439.0,tarde,miércoles,distrito 4,4.6,4.0,7.0,29/05/2025
larga estancia,"3,35 €",36.0,29.0,3.0,16.0,sí,0.547068833344167,4944.0,mediodía,jueves,distrito 3,5.5,6.0,7.0,04/06/2025
alta rotación,"0,50 €",28.0,74.0,8.0,24.0,sí,1.915893715400864,9000.0,mañana,lunes,distrito 5,2.1,5.0,1.0,23/04/2025
rotación media,"2,62 €",40.0,18.0,3.0,55.0,sí,0.8647752190551579,2431.0,mañana,jueves,distrito 10,3.4,3.0,0.0,24/04/2025
alta rotacion,"1,22 €",49.0,19.0,4.0,151.0,sí,1.5869050455415739,6980.0,mediodía,lunes,distrito 9,4.3,0.0,4.0,11/05/2025
residentes,"1,80 €",31.0,21.0,1.0,29.0,sí,1.0463601388069608,15749.0,mediodía,lunes,distrito 6,1.5,6.0,2.0,18/07/2025
alta rotación,"2,20 €",34.0,9.0,2.0,82.0,sí,0.5999236822196016,10318.0,tarde,lunes,distrito 5,3.4,2.0,4.0,16/02/2025
rotación media,"2,90 €",39.0,15.0,6.0,124.0,sí,0.5877612777262476,31250.0,mañana,martes,distrito 2,2.9,1.0,0.0,31/05/2025
ALTA ROTACIÓN,"1,47 €",18.0,13.0,28.0,38.0,sí,1.4916881445801573,21437.0,tarde,lunes,distrito 8,3.1,2.0,1.0,03/08/2025
alta rotación,"1,54 €",8.0,25.0,41.0,79.0,no,1.4800185601928673,8035.0,mañana,jueves,distrito 1,4.7,5.0,6.0,10/10/2025
residentes,"2,85 €",52.0,28.0,6.0,79.0,no,0.9454020525650264,11838.0,tarde,viernes,distrito 9,2.0,6.0,5.0,27/04/2025
rotación media,"2,68 €",11.0,22.0,1.0,139.0,sí,0.7940043940476698,8805.0,mediodía,sábado,distrito 5,0.8,4.0,8.0,30/05/2025
RESIDENTES,"2,50 €",24.0,19.0,8.0,42.0,no,0.6242825271680402,6927.0,mañana,miércoles,distrito 1,3.1,2.0,3.0,26/09/2025
residentes,"2,30 €",44.0,41.0,25.0,32.0,sí,1.5898949298603606,11609.0,mediodía,viernes,distrito 8,1.4,1.0,7.0,14/08/2025
rotación media,"2,58 €",6.0,9.0,9.0,51.0,no,0.6167015804675609,6666.0,mañana,sábado,distrito 8,3.8,0.0,7.0,15/03/2025
larga estancia,"2,18 €",7.0,81.0,2.0,88.0,sí,0.9298412438581598,10756.0,mañana,lunes,distrito 1,4.8,3.0,0.0,30/05/2025
residentes,"1,26 €",25.0,25.0,3.0,64.0,sí,1.5660866209699933,5990.0,mediodía,jueves,distrito 3,3.2,0.0,1.0,20/06/2025
rotación media,"1,52 €",28.0,14.0,9.0,71.0,sí,1.4380229467720302,14051.0,mañana,miércoles,distrito 2,4.3,5.0,4.0,20/03/2025
residentes,"2,87 €",15.0,13.0,2.0,3.0,sí,1.0123153495666672,5258.0,mediodía,lunes,distrito 1,4.1,2.0,2.0,02/06/2025
  rotación media ,"2,24 €",30.0,19.0,0.0,33.0,sí,0.7598848329593059,6633.0,mediodía,miércoles,distrito 11,2.1,4.0,7.0,13/03/2025
alta rotación,"2,05 €",42.0,11.0,10.0,35.0,sí,1.1358021564944591,21784.0,mañana,viernes,distrito 1,0.8,3.0,4.0,28/06/2025
larga estancia,"1,43 €",48.0,28.0,2.0,22.0,sí,1.0200937189384829,6627.0,mañana,jueves,distrito 3,3.6,3.0,5.0,24/10/2025
rotación media,"3,88 €",46.0,44.0,2.0,91.0,sí,0.3646087448017802,3236.0,tarde,jueves,distrito 1,2.8,4.0,3.0,16/05/2025
  residentes ,"1,97 €",58.0,17.0,1.0,81.0,sí,0.5732800354591039,20861.0,mediodía,jueves,distrito 5,-99.0,0.0,6.0,17/01/2025
rotación media,"2,02 €",31.0,8.0,4.0,72.0,sí,1.1792354512076952,5338.0,mañana,martes,distrito 11,1.2,2.0,1.0,14/08/2025
larga estancia,"3,21 €",53.0,25.0,14.0,46.0,sí,0.78850901307623,5136.0,tarde,sábado,distrito 11,3.1,5.0,5.0,06/03/2025
LARGA ESTANCIA,"2,95 €",60.0,37.0,17.0,86.0,no,1.2878656635868908,9825.0,mediodía,martes,distrito 10,3.7,1.0,4.0,05/08/2025
  larga estancia ,"3,72 €",38.0,55.0,10.0,91.0,sí,0.6793369550949407,21557.0,mediodía,lunes,distrito 9,4.8,6.0,4.0,16/03/2025
larga estancia,"2,17 €",56.0,26.0,1.0,17.0,sí,0.9236625680699821,6511.0,mañana,jueves,distrito 2,4.1,1.0,8.0,03/04/2025
rotación media,"1,91 €",42.0,9.0,14.0,26.0,sí,0.8715188043989096,18410.0,mañana,viernes,distrito 2,4.2,4.0,4.0,11/08/2025
  rotación media ,"1,49 €",28.0,28.0,10.0,26.0,sí,1.3116641752381175,5086.0,tarde,sábado,distrito 11,1.8,5.0,7.0,30/09/2025
residentes,"2,62 €",22.0,2.0,3.0,19.0,no,0.7195296763713119,6862.0,mediodía,lunes,distrito 6,2.1,1.0,5.0,15/05/2025
rotación media,"2,06 €",35.0,47.0,5.0,118.0,sí,0.6080655433171374,8668.0,mediodía,viernes,distrito 5,2.8,3.0,8.0,02/10/2025
rotacion media,"4,08 €",46.0,16.0,10.0,96.0,no,0.9862333409491301,1643.0,mañana,sábado,distrito 10,4.9,0.0,6.0,05/04/2025
residentes,"2,92 €",60.0,17.0,3.0,9.0,sí,1.258127198764222,4678.0,mediodía,jueves,distrito 9,2.5,5.0,0.0,23/06/2025
  larga estancia ,"1,76 €",27.0,27.0,2.0,47.0,sí,0.8444888119418834,7925.0,tarde,martes,distrito 1,3.3,6.0,0.0,13/03/2025
rotación media,"1,55 €",12.0,14.0,0.0,16.0,no,0.7479786769094119,5565.0,tarde,lunes,distrito 11,4.2,1.0,2.0,30/08/2025
alta rotación,"2,31 €",57.0,17.0,1.0,10.0,no,1.1515521511435571,19564.0,mediodía,lunes,distrito 8,1.8,5.0,0.0,29/08/2025
larga estancia,"1,87 €",15.0,29.0,5.0,35.0,sí,0.8643262899503861,8562.0,mediodía,jueves,distrito 10,4.8,2.0,5.0,15/09/2025
larga estancia,"1,72 €",20.0,11.0,3.0,111.0,no,1.008518668007182,6810.0,mediodía,viernes,distrito 3,2.8,4.0,6.0,17/06/2025
rotación media,"2,49 €",30.0,44.0,14.0,77.0,sí,1.1443731786058988,3366.0,mañana,martes,distrito 9,2.1,0.0,7.0,29/10/2025
alta rotación,"2,63 €",14.0,34.0,7.0,89.0,sí,0.6450697712396734,7235.0,mañana,miércoles,distrito 7,3.8,4.0,0.0,04/06/2025
rotación media,"2,02 €",24.0,51.0,25.0,45.0,no,1.37681198386387,43686.0,mañana,viernes,distrito 3,1.9,1.0,1.0,15/02/2025
rotación media,"1,74 €",30.0,45.0,4.0,63.0,sí,1.6795670679797756,14639.0,mañana,sábado,distrito 9,2.9,6.0,1.0,08/01/2025
larga estancia,"1,41 €",36.0,5.0,4.0,146.0,no,0.8956516822749272,7128.0,mediodía,lunes,distrito 2,5.4,5.0,2.0,22/10/2025
  rotación media ,"1,73 €",42.0,29.0,0.0,17.0,sí,1.0378475012750965,28482.0,tarde,lunes,distrito 5,4.1,4.0,5.0,31/05/2025
larga estancia,"2,33 €",40.0,45.0,4.0,200.0,no,0.9333883146934252,3972.0,mediodía,martes,distrito 7,-99.0,3.0,5.0,15/06/2025
  residentes ,"2,68 €",9.0,28.0,0.0,30.0,sí,0.2327641003264998,7582.0,tarde,martes,distrito 4,5.6,0.0,2.0,16/01/2025
alta rotación,"2,09 €",19.0,11.0,4.0,89.0,no,1.0311453264384525,9941.0,tarde,sábado,distrito 1,2.4,4.0,2.0,30/08/2025
residentes,"3,12 €",55.0,16.0,14.0,128.0,no,0.9109753965682311,9125.0,mañana,martes,distrito 3,1.0,2.0,3.0,27/08/2025
larga estancia,"2,23 €",58.0,4.0,19.0,29.0,sí,0.9528060305671864,17943.0,mediodía,jueves,distrito 11,4.7,0.0,2.0,24/08/2025
  larga estancia ,"1,68 €",60.0,13.0,1.0,99.0,sí,0.5947221845028635,5338.0,mañana,martes,distrito 8,2.6,5.0,1.0,13/05/2025
rotación media,"1,50 €",7.0,31.0,8.0,137.0,sí,1.2577002451930792,7466.0,mañana,sábado,distrito 11,1.7,1.0,8.0,26/04/2025
residentes,"1,70 €",30.0,19.0,10.0,11.0,sí,1.1979025575017808,22652.0,mediodía,martes,distrito 2,1.4,3.0,8.0,30/07/2025
larga estancia,"1,60 €",43.0,27.0,8.0,279.0,sí,1.1373789720102327,22517.0,tarde,miércoles,distrito 4,4.0,3.0,0.0,25/05/2025
residentes,"1,70 €",39.0,12.0,4.0,119.0,sí,0.7754853225410523,15378.0,tarde,jueves,distrito 11,2.2,2.0,0.0,02/07/2025
larga estancia,"2,85 €",24.0,17.0,16.0,114.0,sí,0.7737628559480433,20337.0,tarde,viernes,distrito 9,2.8,3.0,6.0,28/09/2025
residentes,"2,23 €",13.0,28.0,12.0,7.0,no,1.5955429751438712,7865.0,tarde,miércoles,distrito 4,3.5,3.0,2.0,16/01/2025
rotación media,"2,67 €",16.0,22.0,3.0,276.0,no,0.8175297456290412,12990.0,tarde,jueves,distrito 3,0.8,1.0,0.0,27/09/2025
alta rotacion,"2,45 €",28.0,8.0,3.0,1.0,sí,0.4756849090443169,3220.0,mediodía,martes,distrito 7,3.1,4.0,8.0,13/02/2025
alta rotacion,"2,03 €",21.0,24.0,20.0,37.0,sí,1.7788320207592854,21595.0,tarde,sábado,distrito 7,4.1,3.0,0.0,04/09/2025
rotación media,"0,94 €",24.0,25.0,24.0,17.0,sí,1.8033638218318826,5037.0,tarde,sábado,distrito 8,2.9,5.0,0.0,12/09/2025
rotación media,"1,13 €",7.0,54.0,6.0,51.0,no,2.0260390610576815,21717.0,mañana,martes,distrito 10,0.9,4.0,6.0,19/01/2025
rotación media,"1,27 €",51.0,12.0,4.0,31.0,sí,1.181116798947019,3999.0,mediodía,sábado,distrito 1,2.4,6.0,3.0,26/10/2025
alta rotación,"1,91 €",15.0,53.0,31.0,25.0,sí,1.4300218652825076,12413.0,mediodía,lunes,distrito 4,3.5,6.0,7.0,22/09/2025
larga estancia,"2,91 €",55.0,13.0,3.0,106.0,no,0.5390210072762688,9121.0,tarde,miércoles,distrito 4,3.5,3.0,4.0,11/03/2025
rotación media,"2,64 €",44.0,4.0,3.0,116.0,sí,0.5808975254639862,3961.0,mediodía,martes,distrito 1,5.2,6.0,7.0,07/03/2025
alta rotación,"2,42 €",36.0,34.0,12.0,50.0,sí,1.4412624995312329,25331.0,tarde,jueves,distrito 1,-99.0,5.0,5.0,15/08/2025
residentes,"1,58 €",27.0,42.0,8.0,146.0,no,1.3144249565092734,17817.0,tarde,jueves,distrito 11,2.5,5.0,7.0,16/04/2025
rotación media,"2,48 €",24.0,26.0,1.0,31.0,sí,1.0107633005440286,31651.0,mediodía,martes,distrito 9,5.1,3.0,3.0,26/03/2025
larga estancia,"1,96 €",38.0,34.0,18.0,211.0,sí,1.0870856570257736,9472.0,mediodía,sábado,distrito 9,0.8,4.0,3.0,06/04/2025
rotación media,"2,92 €",46.0,16.0,1.0,18.0,sí,0.5969400978597424,12399.0,tarde,sábado,distrito 10,6.1,6.0,1.0,28/08/2025
larga estancia,"1,01 €",41.0,21.0,13.0,5.0,no,1.5893851864545487,4207.0,mediodía,viernes,distrito 1,0.8,5.0,8.0,04/04/2025
alta rotación,"1,90 €",11.0,8.0,5.0,92.0,sí,1.0174641648688123,14455.0,tarde,martes,distrito 9,1.3,1.0,7.0,26/10/2025
residentes,"2,04 €",6.0,2.0,3.0,81.0,sí,0.3539284139484287,18117.0,mañana,sábado,distrito 3,-99.0,4.0,1.0,09/02/2025
larga estancia,"1,44 €",15.0,21.0,3.0,7.0,sí,1.146468104975822,6027.0,tarde,miércoles,distrito 10,3.4,5.0,3.0,22/10/2025
  larga estancia ,"1,31 €",17.0,35.0,26.0,66.0,sí,1.2850776141510443,6887.0,mediodía,viernes,distrito 8,2.2,6.0,7.0,24/04/2025
alta rotación,"2,30 €",25.0,17.0,6.0,30.0,sí,0.934721763747884,6058.0,mañana,martes,distrito 4,4.8,1.0,6.0,17/05/2025
larga estancia,"2,08 €",36.0,53.0,10.0,99.0,no,1.2686538196213164,17150.0,tarde,martes,distrito 7,1.3,0.0,1.0,28/07/2025
rotación media,"2,17 €",60.0,10.0,2.0,70.0,sí,0.35239255237923306,10922.0,mañana,sábado,distrito 11,2.3,1.0,7.0,23/02/2025
larga estancia,"2,33 €",43.0,7.0,4.0,91.0,sí,0.571617436600143,13045.0,mañana,sábado,distrito 10,1.9,0.0,8.0,10/02/2025
LARGA ESTANCIA,"2,27 €",55.0,30.0,13.0,21.0,no,1.350059138936069,18265.0,tarde,jueves,distrito 3,4.1,5.0,0.0,08/10/2025
residentes,"2,25 €",36.0,5.0,2.0,52.0,sí,0.7858760159608302,19112.0,mañana,miércoles,distrito 3,1.9,0.0,6.0,10/10/2025
  rotación media ,"3,10 €",53.0,65.0,0.0,110.0,no,0.7138509776153593,6328.0,tarde,sábado,distrito 7,3.1,6.0,3.0,27/06/2025
rotación media,"0,70 €",36.0,25.0,5.0,20.0,sí,1.5996597664379666,4736.0,mañana,martes,distrito 2,2.8,4.0,3.0,26/10/2025
rotacion media,"2,36 €",52.0,19.0,2.0,134.0,sí,0.7804183291157598,4382.0,mañana,viernes,distrito 5,4.1,6.0,6.0,27/04/2025
larga estancia,"1,85 €",31.0,20.0,2.0,113.0,no,1.126727069061262,8072.0,mañana,martes,distrito 4,3.5,3.0,2.0,18/03/2025
larga estancia,"3,09 €",58.0,39.0,1.0,99.0,sí,0.9410387650175022,14643.0,mañana,jueves,distrito 1,3.7,3.0,3.0,19/03/2025
residentes,"2,57 €",34.0,13.0,3.0,46.0,no,1.0394074245396299,3254.0,tarde,martes,distrito 1,2.1,2.0,0.0,14/03/2025
alta rotación,"1,70 €",8.0,15.0,2.0,35.0,no,1.194057014899667,9442.0,mañana,sábado,distrito 10,2.2,2.0,6.0,05/06/2025
alta rotación,"2,58 €",58.0,13.0,6.0,49.0,sí,0.9657972223488751,17527.0,mediodía,viernes,distrito 9,1.8,3.0,3.0,09/06/2025
alta rotación,"2,38 €",42.0,32.0,7.0,62.0,sí,1.277713031375841,17056.0,mañana,sábado,distrito 5,3.7,3.0,5.0,08/01/2025
residentes,"2,87 €",29.0,38.0,12.0,76.0,sí,0.9791506614675909,9148.0,mediodía,jueves,distrito 7,2.1,1.0,7.0,17/03/2025
residentes,"2,80 €",11.0,14.0,10.0,355.0,sí,0.5884089659498442,5851.0,tarde,miércoles,distrito 7,3.2,1.0,1.0,21/06/2025
alta rotacion,"1,98 €",46.0,11.0,2.0,156.0,sí,0.8836763084007745,8731.0,tarde,miércoles,distrito 8,5.3,5.0,5.0,20/06/2025
alta rotación,"2,16 €",48.0,23.0,2.0,128.0,sí,0.779643120281897,26089.0,mediodía,lunes,distrito 5,2.8,6.0,4.0,07/10/2025
rotación media,"1,20 €",48.0,75.0,9.0,29.0,sí,1.9202822045325456,5850.0,tarde,miércoles,distrito 9,5.2,2.0,2.0,12/04/2025
rotación media,"2,12 €",47.0,3.0,17.0,56.0,sí,0.9307869075719719,6559.0,mañana,jueves,distrito 8,1.6,1.0,6.0,28/10/2025
alta rotación,"1,73 €",17.0,2.0,15.0,57.0,no,1.0888110073938724,7342.0,tarde,martes,distrito 5,2.3,1.0,1.0,21/10/2025
alta rotación,"1,45 €",27.0,25.0,4.0,95.0,sí,1.4502330510331076,28740.0,mañana,martes,distrito 8,3.9,2.0,6.0,08/10/2025
rotación media,"1,98 €",45.0,22.0,15.0,45.0,no,1.048844570815964,9975.0,tarde,lunes,distrito 6,-99.0,5.0,4.0,02/11/2025
residentes,"3,51 €",46.0,31.0,7.0,79.0,sí,1.1110077313232931,2634.0,tarde,viernes,distrito 2,4.8,5.0,6.0,24/06/2025
larga estancia,"2,52 €",58.0,43.0,19.0,147.0,no,1.726442207219614,4769.0,tarde,martes,distrito 11,3.2,3.0,7.0,04/09/2025
alta rotación,"1,90 €",28.0,32.0,3.0,137.0,sí,1.2865355257795956,6951.0,mañana,viernes,distrito 6,3.4,3.0,1.0,06/05/2025
  larga estancia ,"2,22 €",8.0,20.0,9.0,152.0,sí,1.183607596685071,8069.0,mañana,martes,distrito 4,2.3,3.0,6.0,20/09/2025
  alta rotación ,"2,02 €",59.0,34.0,13.0,3.0,sí,1.5368532510742836,13738.0,tarde,jueves,distrito 4,3.9,3.0,3.0,14/09/2025
alta rotación,"1,52 €",38.0,8.0,35.0,307.0,sí,1.542177367688977,8782.0,mediodía,lunes,distrito 3,3.0,5.0,8.0,02/06/2025
residentes,"2,08 €",45.0,13.0,12.0,76.0,sí,0.8981811267509001,4805.0,tarde,lunes,distrito 6,2.2,6.0,3.0,19/06/2025
rotación media,"1,99 €",15.0,21.0,33.0,75.0,sí,1.1979543824548664,8525.0,mañana,sábado,distrito 9,2.5,2.0,0.0,08/07/2025
rotación media,"2,71 €",28.0,27.0,24.0,43.0,no,1.1946486169054285,9383.0,mañana,lunes,distrito 4,2.7,0.0,1.0,05/04/2025
alta rotación,"2,72 €",59.0,7.0,1.0,77.0,sí,0.18050929993969195,16595.0,mañana,viernes,distrito 8,0.8,4.0,0.0,12/05/2025
  residentes ,"1,02 €",59.0,2.0,5.0,128.0,sí,0.914726851126438,14877.0,tarde,martes,distrito 2,-99.0,3.0,1.0,26/04/2025
rotación media,"2,29 €",14.0,4.0,6.0,7.0,sí,0.7588047934849407,6601.0,tarde,sábado,distrito 4,2.4,5.0,7.0,16/07/2025
residentes,"1,91 €",19.0,30.0,0.0,56.0,no,0.6604024745575092,6056.0,mañana,lunes,distrito 2,3.6,0.0,6.0,09/04/2025
rotación media,"2,27 €",48.0,0.0,7.0,17.0,sí,0.14706806376522302,19569.0,mañana,miércoles,distrito 10,4.3,4.0,6.0,21/04/2025
alta rotación,"0,97 €",21.0,10.0,15.0,27.0,sí,1.6587647721599386,17936.0,mañana,miércoles,distrito 6,4.7,6.0,0.0,22/02/2025
residentes,"1,79 €",58.0,9.0,25.0,97.0,sí,1.1342745721659626,11728.0,mediodía,miércoles,distrito 3,3.0,4.0,6.0,08/08/2025
LARGA ESTANCIA,"3,58 €",49.0,11.0,3.0,45.0,sí,0.29365035147107355,12037.0,mañana,lunes,distrito 6,3.1,0.0,0.0,20/04/2025
residentes,"3,31 €",49.0,25.0,3.0,22.0,sí,0.9680536922860764,15766.0,tarde,sábado,distrito 3,4.1,5.0,7.0,04/02/2025
alta rotación,"2,45 €",56.0,16.0,7.0,31.0,sí,0.8334684497831403,6779.0,tarde,miércoles,distrito 1,3.2,4.0,3.0,09/10/2025
rotación media,"2,73 €",26.0,2.0,15.0,3.0,sí,0.6348151511129995,19242.0,mañana,martes,distrito 7,3.9,0.0,4.0,09/09/2025
  alta rotación ,"2,15 €",19.0,36.0,0.0,33.0,sí,0.979490991203676,9270.0,mediodía,sábado,distrito 11,4.6,4.0,4.0,21/04/2025
alta rotacion,"4,08 €",9.0,17.0,4.0,28.0,sí,0.6488367351048998,5201.0,mañana,lunes,distrito 2,2.2,2.0,6.0,03/08/2025
larga estancia,"1,47 €",27.0,32.0,7.0,17.0,sí,0.9936892731241899,7672.0,mañana,viernes,distrito 1,2.2,5.0,7.0,12/05/2025
LARGA ESTANCIA,"1,47 €",44.0,24.0,17.0,68.0,sí,1.257856756161077,7822.0,mediodía,viernes,distrito 10,7.6,2.0,5.0,27/04/2025
larga estancia,"1,80 €",33.0,7.0,18.0,109.0,no,1.1289450997271187,16162.0,mediodía,viernes,distrito 5,3.9,6.0,6.0,14/04/2025
larga estancia,"1,66 €",46.0,38.0,24.0,115.0,sí,1.3167810391718802,3132.0,tarde,viernes,distrito 2,4.3,1.0,8.0,21/03/2025
rotación media,"0,90 €",15.0,13.0,4.0,36.0,no,1.529499784737847,14471.0,mediodía,martes,distrito 2,2.9,1.0,4.0,12/04/2025
rotación media,"4,24 €",48.0,13.0,7.0,67.0,no,0.9144535574226224,7369.0,tarde,lunes,distrito 3,0.9,5.0,7.0,24/01/2025
larga estancia,"3,42 €",14.0,11.0,5.0,31.0,sí,0.7067471664574805,16207.0,tarde,jueves,distrito 1,3.4,2.0,1.0,23/04/2025
residentes,"1,08 €",53.0,22.0,13.0,224.0,sí,1.9499199821795876,26539.0,tarde,jueves,distrito 11,3.1,0.0,5.0,17/06/2025
alta rotación,"2,51 €",53.0,12.0,23.0,262.0,no,1.392933894895565,25645.0,tarde,martes,distrito 3,3.2,5.0,4.0,18/10/2025
larga estancia,"2,26 €",37.0,3.0,15.0,59.0,sí,0.6255510162575347,9879.0,tarde,lunes,distrito 9,2.5,6.0,7.0,18/04/2025
larga estancia,"3,04 €",7.0,31.0,18.0,49.0,sí,0.777538278650139,7754.0,mediodía,martes,distrito 8,2.1,2.0,2.0,02/04/2025
rotación media,"3,12 €",54.0,51.0,8.0,35.0,sí,1.0754926461712813,8119.0,mediodía,martes,distrito 6,3.4,3.0,2.0,05/05/2025
larga estancia,"2,36 €",28.0,10.0,25.0,56.0,no,1.1064282126878662,10030.0,tarde,martes,distrito 10,5.1,4.0,5.0,13/10/2025
ROTACIÓN MEDIA,"1,75 €",40.0,51.0,26.0,43.0,sí,1.5387472809020135,5454.0,mediodía,viernes,distrito 8,2.0,2.0,6.0,03/05/2025
rotación media,"2,72 €",45.0,17.0,7.0,50.0,sí,1.2471213353831567,16314.0,mañana,martes,distrito 11,5.1,0.0,3.0,11/01/2025
rotación media,"2,18 €",30.0,15.0,17.0,108.0,sí,0.8991504942550984,5458.0,mediodía,sábado,distrito 7,2.1,1.0,1.0,22/03/2025
larga estancia,"2,55 €",21.0,50.0,10.0,140.0,sí,0.863211783251551,4805.0,mediodía,miércoles,distrito 3,1.9,4.0,5.0,06/05/2025
ROTACIÓN MEDIA,"1,72 €",17.0,13.0,22.0,40.0,sí,1.413156528252342,14543.0,tarde,viernes,distrito 9,5.4,6.0,0.0,22/02/2025
alta rotación,"2,43 €",35.0,30.0,15.0,42.0,no,1.3589622941814457,5051.0,mañana,viernes,distrito 7,3.5,0.0,3.0,08/05/2025
rotación media,"1,74 €",12.0,40.0,12.0,48.0,no,1.4650451310328583,3189.0,mañana,viernes,distrito 11,4.9,1.0,0.0,01/08/2025
larga estancia,"3,68 €",57.0,19.0,8.0,81.0,sí,0.4946197148966933,8941.0,mañana,lunes,distrito 3,2.6,5.0,6.0,29/09/2025
rotación media,"2,49 €",17.0,17.0,32.0,269.0,sí,1.2920095706617385,4532.0,tarde,martes,distrito 8,4.4,1.0,1.0,07/06/2025
alta rotación,"3,18 €",44.0,40.0,13.0,79.0,sí,1.0715550883805023,11048.0,tarde,martes,distrito 3,3.1,4.0,0.0,11/05/2025
larga estancia,"0,72 €",59.0,14.0,14.0,138.0,sí,1.1318929207071822,3014.0,mediodía,martes,distrito 3,4.6,5.0,2.0,09/06/2025
rotación media,"1,70 €",54.0,5.0,8.0,30.0,sí,1.414007523915424,17042.0,mediodía,sábado,distrito 11,2.1,5.0,6.0,07/06/2025
alta rotación,"1,25 €",41.0,33.0,13.0,231.0,sí,1.8027999942747168,10164.0,mañana,lunes,distrito 5,0.8,5.0,6.0,29/03/2025
rotación media,"1,01 €",10.0,7.0,21.0,75.0,sí,1.2718596274434275,21516.0,tarde,miércoles,distrito 10,0.8,4.0,3.0,11/03/2025
ALTA ROTACIÓN,"1,95 €",48.0,39.0,5.0,52.0,no,1.3113140226739082,8528.0,mediodía,lunes,distrito 4,4.9,4.0,4.0,21/07/2025
rotacion media,"1,81 €",42.0,29.0,2.0,35.0,sí,0.6969381280834646,5717.0,tarde,viernes,distrito 6,3.4,5.0,3.0,11/07/2025
larga estancia,"0,92 €",6.0,7.0,11.0,44.0,sí,1.2317223780935853,3956.0,tarde,viernes,distrito 6,3.7,1.0,0.0,26/07/2025
rotación media,"2,80 €",45.0,18.0,3.0,56.0,sí,0.9269656908806662,10020.0,mediodía,sábado,distrito 10,1.4,0.0,6.0,23/10/2025
residentes,"3,41 €",48.0,13.0,2.0,195.0,sí,0.3273920902964386,4926.0,mediodía,sábado,distrito 1,2.2,2.0,3.0,21/05/2025
larga estancia,"2,08 €",36.0,7.0,11.0,57.0,sí,0.4866604424279928,5406.0,tarde,jueves,distrito 10,3.1,3.0,2.0,23/09/2025
larga estancia,"1,33 €",49.0,5.0,18.0,4.0,sí,1.0256557451435555,9286.0,mediodía,martes,distrito 2,2.2,4.0,2.0,19/09/2025
residentes,"3,76 €",26.0,24.0,9.0,25.0,no,1.036639969226493,9612.0,tarde,jueves,distrito 4,4.7,1.0,1.0,27/04/2025
  alta rotación ,"1,62 €",10.0,8.0,4.0,127.0,sí,0.9270484792840864,4388.0,mañana,sábado,distrito 3,1.9,6.0,3.0,22/09/2025
residentes,"1,97 €",10.0,27.0,5.0,168.0,sí,0.688072834660552,11467.0,mediodía,martes,distrito 6,1.8,6.0,8.0,25/08/2025
larga estancia,"3,68 €",34.0,21.0,18.0,36.0,sí,1.192024048779431,14084.0,mañana,jueves,distrito 4,4.2,4.0,8.0,02/04/2025
rotacion media,"2,87 €",13.0,22.0,5.0,49.0,sí,0.5819292322283165,12606.0,tarde,viernes,distrito 5,2.7,1.0,3.0,13/06/2025
  rotación media ,"1,32 €",38.0,10.0,4.0,40.0,sí,1.2082659799865487,17245.0,tarde,viernes,distrito 3,6.1,2.0,6.0,05/04/2025
alta rotación,"2,95 €",14.0,28.0,2.0,20.0,no,0.956286931047339,13377.0,mañana,jueves,distrito 1,3.4,1.0,3.0,09/07/2025
larga estancia,"1,20 €",56.0,28.0,2.0,18.0,no,1.4505338700589185,13289.0,mañana,viernes,distrito 1,2.4,6.0,7.0,01/11/2025
residentes,"0,89 €",11.0,6.0,29.0,83.0,sí,1.4857195235957026,7111.0,tarde,lunes,distrito 2,-99.0,4.0,6.0,24/07/2025
residentes,"3,22 €",37.0,12.0,0.0,20.0,sí,0.33061123132839554,4112.0,tarde,lunes,distrito 3,3.2,1.0,8.0,09/02/2025
rotacion media,"1,99 €",30.0,24.0,2.0,30.0,sí,0.78151845690113,12854.0,mañana,sábado,distrito 6,2.8,1.0,5.0,19/09/2025
rotación media,"2,55 €",10.0,8.0,25.0,45.0,no,1.355809859419418,6580.0,tarde,sábado,distrito 7,3.6,6.0,7.0,22/07/2025
larga estancia,"0,72 €",54.0,27.0,2.0,15.0,no,1.2203171372742758,8790.0,mediodía,jueves,distrito 8,0.8,2.0,4.0,18/05/2025
rotación media,"1,91 €",6.0,10.0,0.0,135.0,sí,0.5163319865638392,30083.0,mediodía,lunes,distrito 2,3.8,6.0,2.0,21/06/2025
larga estancia,"1,00 €",48.0,81.0,2.0,39.0,no,1.9832275867010778,6801.0,tarde,sábado,distrito 1,2.8,2.0,7.0,12/09/2025
alta rotación,"2,60 €",9.0,7.0,6.0,37.0,no,0.9732745018976673,3974.0,mañana,lunes,distrito 2,2.1,3.0,4.0,20/06/2025
larga estancia,"3,23 €",36.0,19.0,8.0,19.0,sí,0.49203979106686485,3342.0,tarde,sábado,distrito 4,3.9,1.0,4.0,26/08/2025
  larga estancia ,"3,01 €",22.0,18.0,8.0,119.0,sí,0.6391976161170125,11347.0,tarde,miércoles,distrito 2,4.0,1.0,3.0,12/06/2025
alta rotación,"3,57 €",12.0,12.0,14.0,13.0,sí,0.3824830225955269,10195.0,mañana,jueves,distrito 4,2.8,5.0,1.0,13/09/2025
alta rotación,"2,46 €",7.0,11.0,13.0,84.0,no,1.2563005753882726,7794.0,tarde,sábado,distrito 7,3.0,2.0,3.0,26/05/2025
  rotación media ,"3,38 €",39.0,27.0,8.0,23.0,sí,0.9381872692352516,8819.0,mañana,jueves,distrito 9,6.0,1.0,7.0,09/01/2025
  larga estancia ,"3,16 €",42.0,6.0,12.0,10.0,sí,0.6949297280729138,68053.0,tarde,viernes,distrito 11,3.2,3.0,6.0,08/05/2025
residentes,"1,81 €",48.0,18.0,17.0,7.0,sí,1.6613472749853695,6061.0,mediodía,lunes,distrito 6,4.0,2.0,4.0,12/03/2025
residentes,"1,98 €",53.0,5.0,11.0,22.0,no,1.0213014000698835,14019.0,tarde,miércoles,distrito 5,4.5,1.0,8.0,02/07/2025
larga estancia,"2,41 €",16.0,14.0,5.0,73.0,sí,0.3734769470472781,8359.0,mañana,lunes,distrito 6,3.6,4.0,6.0,25/01/2025
larga estancia,"2,88 €",56.0,3.0,6.0,96.0,no,0.3276226089899197,5925.0,mañana,miércoles,distrito 9,1.7,5.0,8.0,31/01/2025
alta rotación,"3,57 €",51.0,8.0,1.0,29.0,sí,0.5256689570786316,11111.0,mediodía,jueves,distrito 6,6.3,2.0,1.0,30/07/2025
rotación media,"2,09 €",36.0,19.0,4.0,38.0,sí,0.8743661512375025,3625.0,mediodía,jueves,distrito 4,3.1,5.0,4.0,19/07/2025
larga estancia,"3,14 €",37.0,6.0,3.0,33.0,sí,0.2418576847241584,11051.0,mediodía,sábado,distrito 3,2.3,3.0,5.0,08/05/2025
rotación media,"3,28 €",46.0,50.0,11.0,38.0,sí,0.627573187384199,8648.0,tarde,martes,distrito 4,3.9,0.0,3.0,18/10/2025
LARGA ESTANCIA,"0,50 €",43.0,42.0,8.0,10.0,sí,1.935613922315181,13342.0,tarde,jueves,distrito 2,4.9,2.0,1.0,21/08/2025
rotación media,"1,23 €",37.0,26.0,16.0,64.0,sí,1.5117768419994928,12470.0,mediodía,martes,distrito 2,2.6,6.0,2.0,24/09/2025
rotación media,"2,57 €",47.0,48.0,2.0,29.0,no,1.4471052980321188,11308.0,mañana,lunes,distrito 8,-99.0,2.0,1.0,22/03/2025
alta rotación,"1,65 €",59.0,9.0,2.0,44.0,sí,0.7211871775245438,36337.0,mañana,miércoles,distrito 5,4.3,5.0,7.0,15/08/2025
rotación media,"2,11 €",20.0,20.0,15.0,73.0,sí,1.2685048427648875,5920.0,mañana,miércoles,distrito 9,3.4,3.0,3.0,02/05/2025
larga estancia,"2,86 €",15.0,10.0,4.0,24.0,no,0.6633050233053346,12468.0,mañana,martes,distrito 5,2.4,1.0,7.0,23/06/2025
rotación media,"1,65 €",48.0,17.0,1.0,141.0,sí,0.743031833108875,11383.0,mañana,sábado,distrito 5,3.7,2.0,1.0,07/01/2025
alta rotación,"1,35 €",17.0,2.0,12.0,21.0,sí,1.4191494033648224,11968.0,tarde,martes,distrito 2,5.5,5.0,0.0,30/05/2025
alta rotación,"2,55 €",20.0,11.0,9.0,9.0,sí,1.0571573284854936,8688.0,mediodía,lunes,distrito 7,6.0,3.0,8.0,08/07/2025
RESIDENTES,"2,50 €",38.0,67.0,2.0,104.0,no,1.3095364582229054,5522.0,tarde,lunes,distrito 2,2.7,6.0,5.0,06/06/2025
  alta rotación ,"2,26 €",11.0,17.0,1.0,39.0,sí,0.6614492211312113,4715.0,mediodía,martes,distrito 1,3.6,0.0,6.0,15/01/2025
alta rotación,"2,37 €",32.0,8.0,15.0,51.0,sí,0.7654915057689576,10285.0,tarde,lunes,distrito 2,3.4,0.0,6.0,13/10/2025
ROTACIÓN MEDIA,"2,27 €",48.0,11.0,0.0,55.0,sí,0.8672062489475625,4217.0,mediodía,lunes,distrito 5,3.1,2.0,7.0,09/03/2025
rotación media,"2,41 €",56.0,20.0,30.0,48.0,sí,1.175779486445187,26953.0,tarde,jueves,distrito 9,6.1,6.0,7.0,14/09/2025
  rotación media ,"1,96 €",54.0,18.0,10.0,30.0,sí,1.2585766997587042,2533.0,mañana,lunes,distrito 9,3.1,3.0,8.0,17/06/2025
alta rotación,"1,77 €",59.0,43.0,2.0,86.0,no,1.491742359524435,7344.0,mañana,miércoles,distrito 7,2.8,4.0,6.0,28/01/2025
  alta rotación ,"0,95 €",60.0,49.0,3.0,54.0,sí,1.672536456408668,13966.0,mediodía,jueves,distrito 8,3.4,2.0,3.0,23/08/2025
rotación media,"1,48 €",48.0,12.0,19.0,11.0,no,1.0378351348196602,8799.0,mañana,jueves,distrito 8,1.6,4.0,8.0,06/05/2025
rotacion media,"3,85 €",35.0,8.0,4.0,30.0,sí,-0.021528996314988502,9373.0,mediodía,jueves,distrito 9,5.0,6.0,0.0,09/06/2025
alta rotación,"2,89 €",22.0,34.0,5.0,69.0,sí,0.9343467978204972,10241.0,tarde,viernes,distrito 11,2.5,2.0,2.0,26/05/2025
larga estancia,"3,14 €",45.0,22.0,7.0,47.0,sí,0.05734177873867996,9365.0,tarde,miércoles,distrito 1,3.5,2.0,6.0,19/07/2025
alta rotación,"1,88 €",27.0,15.0,11.0,8.0,sí,1.1540022307022049,3000.0,mediodía,viernes,distrito 10,1.9,2.0,4.0,05/02/2025
rotación media,"2,84 €",42.0,14.0,31.0,72.0,sí,1.2059491337797854,12069.0,tarde,miércoles,distrito 2,3.5,0.0,1.0,03/02/2025
ALTA ROTACIÓN,"2,22 €",18.0,28.0,11.0,59.0,sí,1.0593121326014647,7174.0,tarde,martes,distrito 3,1.0,5.0,8.0,14/03/2025
alta rotación,"2,88 €",47.0,16.0,9.0,32.0,sí,0.8802128752440821,12870.0,mediodía,lunes,distrito 1,3.9,0.0,5.0,04/04/2025
rotación media,"1,99 €",53.0,28.0,12.0,24.0,sí,1.3695416476018565,6140.0,mediodía,martes,distrito 6,3.6,5.0,0.0,06/06/2025
rotación media,"2,41 €",24.0,22.0,1.0,238.0,sí,0.4688932879855397,4647.0,mediodía,miércoles,distrito 2,3.1,1.0,6.0,08/07/2025
rotación media,"0,89 €",57.0,13.0,10.0,12.0,no,1.5409178892965458,19915.0,mañana,miércoles,distrito 6,4.2,3.0,6.0,16/06/2025
larga estancia,"2,40 €",60.0,17.0,9.0,94.0,sí,0.5438180018054485,9517.0,mediodía,viernes,distrito 1,2.8,6.0,1.0,09/01/2025
alta rotación,"3,65 €",27.0,8.0,0.0,89.0,sí,0.15006604362611398,12412.0,tarde,jueves,distrito 8,2.8,3.0,5.0,14/09/2025
residentes,"3,46 €",60.0,14.0,14.0,10.0,sí,0.6502410751774388,5753.0,tarde,viernes,distrito 8,2.5,3.0,2.0,23/02/2025
rotacion media,"1,53 €",42.0,18.0,9.0,43.0,no,1.274526033889737,9822.0,mediodía,lunes,distrito 9,2.0,4.0,8.0,10/01/2025
alta rotación,"1,28 €",59.0,15.0,4.0,21.0,sí,1.5479750194802666,6707.0,mediodía,sábado,distrito 7,3.3,2.0,6.0,30/07/2025
  rotación media ,"2,88 €",14.0,6.0,2.0,26.0,sí,0.2907727918750438,5165.0,tarde,martes,distrito 7,3.3,3.0,0.0,26/10/2025
  rotación media ,"1,55 €",9.0,49.0,0.0,131.0,no,1.37204251563604,6906.0,mañana,martes,distrito 8,2.9,6.0,1.0,24/05/2025
larga estancia,"2,87 €",53.0,50.0,8.0,90.0,sí,0.8727444147917941,7894.0,mañana,jueves,distrito 2,2.8,6.0,2.0,30/10/2025
rotación media,"2,80 €",25.0,8.0,9.0,236.0,sí,0.48181073175621303,18109.0,tarde,sábado,distrito 10,1.8,4.0,3.0,06/03/2025
larga estancia,"3,85 €",49.0,0.0,1.0,61.0,no,-0.17585461416977136,8574.0,mediodía,martes,distrito 9,2.8,5.0,0.0,07/06/2025
ROTACIÓN MEDIA,"2,10 €",55.0,34.0,18.0,78.0,no,1.4491755029670517,7558.0,tarde,lunes,distrito 2,1.3,6.0,0.0,24/09/2025
alta rotación,"2,54 €",17.0,18.0,13.0,45.0,sí,1.2800085616685049,8003.0,mañana,lunes,distrito 10,2.8,0.0,8.0,22/10/2025
alta rotación,"1,31 €",22.0,17.0,3.0,183.0,sí,0.4629969846367442,5751.0,mañana,martes,distrito 9,2.6,1.0,5.0,22/05/2025
rotación media,"2,32 €",59.0,27.0,9.0,79.0,sí,0.9837097143718325,9549.0,tarde,lunes,distrito 9,6.3,5.0,0.0,08/03/2025
larga estancia,"1,81 €",51.0,12.0,19.0,69.0,sí,1.025980282180521,9032.0,mañana,viernes,distrito 11,4.4,1.0,3.0,06/10/2025
alta rotación,"1,83 €",22.0,17.0,13.0,57.0,sí,1.468036420925499,17687.0,mañana,sábado,distrito 1,2.3,5.0,6.0,05/04/2025
rotacion media,"2,31 €",11.0,18.0,10.0,62.0,no,1.2972851279356903,9554.0,mañana,lunes,distrito 5,3.6,5.0,8.0,28/06/2025
larga estancia,"0,85 €",25.0,27.0,0.0,274.0,no,1.4453473789190558,5329.0,tarde,jueves,distrito 9,3.6,4.0,8.0,21/10/2025
rotación media,"1,83 €",20.0,15.0,12.0,56.0,sí,1.1497105942773105,10733.0,mediodía,miércoles,distrito 10,4.6,5.0,1.0,24/09/2025
alta rotación,"1,39 €",40.0,6.0,17.0,41.0,sí,1.3093007828400791,3200.0,mañana,martes,distrito 8,-99.0,5.0,5.0,27/07/2025
residentes,"1,96 €",56.0,50.0,7.0,176.0,sí,0.7653195799063447,3150.0,tarde,miércoles,distrito 9,3.4,1.0,6.0,21/08/2025
  residentes ,"2,67 €",12.0,37.0,1.0,75.0,no,1.2463935425617272,4492.0,tarde,sábado,distrito 10,6.1,4.0,5.0,03/09/2025
larga estancia,"0,62 €",58.0,7.0,8.0,80.0,sí,1.506147775582317,5759.0,mañana,sábado,distrito 3,1.7,0.0,4.0,03/08/2025
residentes,"1,50 €",11.0,22.0,30.0,60.0,no,1.4057191246313936,11217.0,tarde,viernes,distrito 4,5.3,6.0,8.0,22/07/2025
residentes,"1,88 €",15.0,41.0,1.0,64.0,sí,1.0228192821866968,13400.0,tarde,miércoles,distrito 7,3.0,1.0,1.0,23/04/2025
alta rotación,"2,81 €",45.0,22.0,4.0,27.0,sí,0.7165962360932437,14206.0,mañana,miércoles,distrito 8,2.0,0.0,5.0,26/08/2025
alta rotación,"2,61 €",29.0,13.0,7.0,30.0,sí,0.8505010611353773,13149.0,mañana,lunes,distrito 7,4.4,4.0,8.0,24/05/2025
residentes,"0,50 €",46.0,8.0,10.0,32.0,sí,1.6224666285257778,8826.0,mediodía,martes,distrito 10,2.3,4.0,6.0,22/06/2025
rotación media,"2,99 €",27.0,23.0,1.0,36.0,sí,0.6516382246981247,10934.0,mañana,miércoles,distrito 11,3.6,0.0,1.0,19/09/2025
rotación media,"1,31 €",36.0,12.0,9.0,13.0,no,1.4032587779015642,12096.0,tarde,viernes,distrito 4,2.5,3.0,4.0,25/05/2025
residentes,"0,81 €",12.0,49.0,0.0,48.0,sí,1.5656424602056047,11787.0,mediodía,sábado,distrito 2,2.8,1.0,6.0,19/06/2025
rotacion media,"1,41 €",41.0,15.0,0.0,121.0,sí,0.9825938798279434,5722.0,mañana,miércoles,distrito 3,-99.0,5.0,4.0,28/04/2025
  residentes ,"1,39 €",28.0,23.0,16.0,63.0,no,1.5586748517346456,6773.0,mañana,sábado,distrito 6,4.6,6.0,2.0,25/06/2025
alta rotación,"3,25 €",57.0,9.0,23.0,3.0,sí,0.8835324156435785,5969.0,mediodía,jueves,distrito 2,3.5,0.0,5.0,19/01/2025
residentes,"2,21 €",58.0,12.0,0.0,156.0,sí,0.5145245001374449,5253.0,mediodía,martes,distrito 2,2.6,0.0,8.0,29/08/2025
rotación media,"3,12 €",23.0,6.0,1.0,93.0,sí,0.3476276209245636,20285.0,mañana,jueves,distrito 7,4.3,3.0,7.0,17/10/2025
residentes,"1,80 €",38.0,5.0,13.0,104.0,sí,1.1189572473080351,11430.0,tarde,miércoles,distrito 3,6.7,1.0,6.0,24/07/2025
alta rotación,"2,05 €",60.0,11.0,0.0,69.0,sí,0.49212938038875564,5485.0,mediodía,miércoles,distrito 2,3.7,2.0,3.0,07/08/2025
alta rotación,"3,04 €",57.0,18.0,3.0,52.0,no,0.9724166509129588,10015.0,mediodía,viernes,distrito 7,2.8,2.0,8.0,11/03/2025
alta rotación,"0,94 €",42.0,19.0,9.0,10.0,no,1.8031144063282942,6453.0,mañana,viernes,distrito 6,6.0,1.0,5.0,26/10/2025
rotación media,"2,78 €",27.0,35.0,5.0,18.0,sí,1.005849576056069,12020.0,tarde,miércoles,distrito 10,2.2,3.0,8.0,04/08/2025
alta rotacion,"2,63 €",28.0,35.0,4.0,92.0,sí,0.764985340733662,2346.0,mañana,miércoles,distrito 5,1.9,3.0,0.0,06/03/2025
residentes,"2,81 €",22.0,3.0,4.0,70.0,sí,0.891474677931286,37794.0,mañana,martes,distrito 5,2.0,5.0,4.0,04/05/2025
alta rotación,"1,92 €",40.0,15.0,13.0,32.0,sí,1.0331118295045065,20013.0,mediodía,miércoles,distrito 4,3.3,1.0,2.0,09/04/2025
rotación media,"2,96 €",8.0,25.0,3.0,119.0,sí,0.7511691216975299,9130.0,tarde,sábado,distrito 8,1.6,0.0,5.0,20/09/2025
  alta rotación ,"2,95 €",55.0,22.0,20.0,21.0,sí,0.8997741681852213,10719.0,tarde,martes,distrito 5,3.7,0.0,0.0,13/05/2025
larga estancia,"2,58 €",8.0,66.0,1.0,15.0,sí,0.871697977302585,22149.0,mañana,jueves,distrito 6,1.4,3.0,1.0,12/07/2025
residentes,"2,24 €",60.0,13.0,4.0,33.0,sí,0.9869525808088331,4338.0,mañana,jueves,distrito 4,3.1,4.0,2.0,26/04/2025
residentes,"3,20 €",45.0,1.0,47.0,5.0,sí,0.7793513502600904,7024.0,mediodía,miércoles,distrito 6,4.4,4.0,4.0,19/10/2025
larga estancia,"2,48 €",26.0,40.0,5.0,111.0,sí,0.9946495013428166,15125.0,tarde,lunes,distrito 9,2.0,4.0,0.0,19/02/2025
alta rotación,"1,89 €",35.0,63.0,7.0,302.0,sí,1.4808470485765284,9286.0,mañana,sábado,distrito 2,4.1,5.0,6.0,04/10/2025
rotación media,"2,58 €",15.0,19.0,3.0,72.0,sí,0.4619559427512132,6351.0,mediodía,lunes,distrito 1,2.8,6.0,5.0,12/09/2025
rotación media,"1,39 €",49.0,7.0,2.0,47.0,sí,0.9816914258786661,8828.0,mañana,martes,distrito 10,2.7,3.0,3.0,14/07/2025
rotación media,"1,97 €",39.0,8.0,7.0,200.0,sí,1.0960856766621827,15527.0,tarde,martes,distrito 10,4.0,3.0,2.0,27/08/2025
rotación media,"2,79 €",27.0,12.0,7.0,104.0,sí,0.6985342170180482,10835.0,mañana,jueves,distrito 4,4.0,6.0,4.0,27/02/2025
alta rotación,"2,09 €",29.0,19.0,3.0,7.0,no,0.9625623682635994,8626.0,tarde,sábado,distrito 4,2.7,1.0,8.0,03/08/2025
alta rotación,"1,22 €",28.0,18.0,7.0,293.0,sí,1.4650943462759993,9615.0,mediodía,martes,distrito 6,2.4,1.0,1.0,23/09/2025
residentes,"2,12 €",30.0,19.0,15.0,28.0,sí,1.7656256042649456,8442.0,mañana,martes,distrito 11,2.0,2.0,0.0,06/04/2025
LARGA ESTANCIA,"2,24 €",38.0,79.0,7.0,103.0,no,1.0856750559343868,5823.0,mañana,miércoles,distrito 9,3.2,5.0,2.0,28/02/2025
alta rotación,"1,81 €",20.0,9.0,30.0,19.0,sí,1.4277701618456278,5680.0,mañana,jueves,distrito 4,-99.0,2.0,5.0,28/06/2025
alta rotación,"1,13 €",47.0,47.0,40.0,138.0,sí,1.637752022759969,4344.0,mañana,viernes,distrito 6,4.0,4.0,5.0,14/08/2025
rotación media,"1,23 €",58.0,8.0,16.0,76.0,no,1.0484491871894017,2903.0,mediodía,lunes,distrito 9,2.0,5.0,0.0,05/09/2025
alta rotación,"2,06 €",18.0,70.0,10.0,52.0,sí,1.427859813325367,11264.0,mediodía,jueves,distrito 4,3.4,0.0,5.0,30/03/2025
residentes,"1,19 €",8.0,9.0,1.0,52.0,sí,1.0738104101077692,11655.0,mediodía,sábado,distrito 9,6.2,5.0,1.0,08/03/2025
residentes,"2,15 €",55.0,13.0,12.0,83.0,no,0.9741879587793811,12152.0,tarde,viernes,distrito 10,4.8,6.0,3.0,03/09/2025
rotación media,"1,37 €",46.0,20.0,8.0,16.0,no,1.4534497587856783,6810.0,mañana,sábado,distrito 9,3.7,2.0,1.0,11/05/2025
alta rotación,"3,02 €",53.0,50.0,1.0,95.0,sí,0.3889304031448484,10910.0,mediodía,jueves,distrito 2,3.6,0.0,2.0,30/04/2025
alta rotacion,"2,31 €",45.0,3.0,5.0,21.0,sí,0.7008199277441514,4636.0,mediodía,lunes,distrito 11,3.5,5.0,3.0,30/04/2025
alta rotacion,"1,78 €",38.0,27.0,3.0,11.0,sí,1.0259073461200654,10154.0,mañana,martes,distrito 10,3.2,3.0,2.0,13/10/2025
alta rotación,"1,98 €",54.0,19.0,12.0,100.0,sí,0.9785966905066172,12159.0,mediodía,sábado,distrito 9,6.6,6.0,4.0,18/10/2025
rotación media,"1,85 €",8.0,6.0,0.0,87.0,sí,0.7236458966901488,9787.0,tarde,viernes,distrito 11,3.0,3.0,6.0,07/03/2025
rotación media,"3,37 €",35.0,2.0,13.0,42.0,sí,0.2659677609933427,12333.0,tarde,sábado,distrito 7,2.7,4.0,7.0,10/08/2025
ROTACIÓN MEDIA,"1,54 €",40.0,27.0,0.0,178.0,no,0.9767290774623015,6683.0,tarde,miércoles,distrito 10,3.7,5.0,4.0,28/08/2025
rotación media,"3,00 €",34.0,29.0,14.0,60.0,sí,1.1070650390682069,3075.0,mediodía,sábado,distrito 7,0.8,4.0,0.0,17/09/2025
larga estancia,"1,35 €",23.0,30.0,1.0,47.0,sí,0.7598586140874434,4818.0,mañana,sábado,distrito 5,2.7,4.0,6.0,14/06/2025
rotación media,"3,27 €",28.0,39.0,39.0,53.0,no,1.6383750025702493,8054.0,mañana,lunes,distrito 9,3.4,6.0,0.0,29/10/2025
larga estancia,"2,09 €",53.0,21.0,15.0,40.0,no,1.2679593458170837,5018.0,mediodía,lunes,distrito 3,2.8,3.0,8.0,03/06/2025
alta rotación,"1,79 €",54.0,51.0,15.0,130.0,sí,1.1622532112141715,22188.0,mañana,lunes,distrito 4,6.6,4.0,3.0,21/06/2025
alta rotación,"1,91 €",55.0,5.0,26.0,26.0,sí,0.7687760397330836,15931.0,mañana,lunes,distrito 3,3.8,4.0,7.0,25/05/2025
larga estancia,"2,83 €",19.0,36.0,16.0,74.0,no,1.7623464997147718,21050.0,mediodía,viernes,distrito 10,3.0,1.0,6.0,29/09/2025
larga estancia,"1,86 €",45.0,17.0,8.0,43.0,no,0.7212174516890382,4359.0,mediodía,miércoles,distrito 9,3.5,4.0,0.0,02/06/2025
alta rotación,"2,07 €",6.0,10.0,9.0,90.0,sí,0.9164787925750089,5036.0,mediodía,martes,distrito 6,5.6,3.0,3.0,16/02/2025
larga estancia,"1,96 €",23.0,6.0,0.0,169.0,sí,0.32929989579896984,13617.0,mediodía,miércoles,distrito 10,4.8,2.0,3.0,24/07/2025
residentes,"2,61 €",10.0,25.0,15.0,62.0,sí,0.7423147090784588,5200.0,mediodía,miércoles,distrito 8,1.6,4.0,3.0,28/05/2025
larga estancia,"0,65 €",43.0,11.0,16.0,52.0,sí,0.9171191188687439,4509.0,mediodía,lunes,distrito 2,2.4,0.0,1.0,09/05/2025
alta rotación,"3,79 €",15.0,20.0,14.0,20.0,sí,0.5897094677144623,22916.0,mañana,jueves,distrito 8,3.2,5.0,0.0,20/03/2025
alta rotación,"2,22 €",38.0,26.0,4.0,19.0,no,1.371273454761782,11800.0,mediodía,martes,distrito 11,-99.0,3.0,7.0,27/10/2025
alta rotación,"2,04 €",54.0,26.0,4.0,124.0,sí,1.044703385040765,6933.0,mañana,martes,distrito 7,4.4,1.0,2.0,30/06/2025
residentes,"1,31 €",22.0,24.0,8.0,45.0,sí,1.149108088958586,14032.0,mañana,sábado,distrito 4,5.3,6.0,6.0,07/05/2025
larga estancia,"2,20 €",12.0,49.0,7.0,53.0,sí,0.7181441998410695,8728.0,mañana,lunes,distrito 4,3.2,6.0,1.0,30/10/2025
rotación media,"2,46 €",35.0,36.0,7.0,87.0,no,1.266822461561296,5032.0,mediodía,viernes,distrito 3,4.6,5.0,3.0,30/04/2025
residentes,"0,50 €",50.0,9.0,4.0,29.0,sí,1.4646163818051308,19904.0,mañana,lunes,distrito 1,1.2,0.0,4.0,25/01/2025
alta rotación,"3,25 €",41.0,37.0,1.0,67.0,sí,0.7650227692210996,7180.0,mañana,lunes,distrito 9,4.2,0.0,8.0,23/06/2025
  rotación media ,"0,50 €",23.0,38.0,5.0,22.0,sí,1.3258914225484815,7968.0,mañana,sábado,distrito 10,4.8,4.0,2.0,01/10/2025
  larga estancia ,"1,72 €",38.0,24.0,0.0,70.0,sí,0.8329067711708955,7868.0,mañana,viernes,distrito 1,3.3,5.0,3.0,20/04/2025
larga estancia,"0,50 €",52.0,33.0,2.0,135.0,sí,1.3548335797746056,3761.0,mañana,viernes,distrito 11,4.4,6.0,7.0,11/10/2025
alta rotacion,"2,60 €",24.0,18.0,38.0,197.0,sí,0.7502643786562407,25882.0,tarde,martes,distrito 7,0.8,5.0,0.0,09/04/2025
  larga estancia ,"2,16 €",19.0,17.0,10.0,409.0,sí,1.0132996487678176,4170.0,mediodía,sábado,distrito 9,2.1,1.0,6.0,11/09/2025
alta rotación,"2,29 €",57.0,40.0,1.0,34.0,sí,0.6849199883626718,30902.0,mediodía,jueves,distrito 8,2.3,4.0,4.0,20/03/2025
residentes,"1,16 €",36.0,13.0,0.0,92.0,no,1.338747749178151,11457.0,mañana,viernes,distrito 6,4.1,3.0,6.0,21/07/2025
rotación media,"3,38 €",25.0,7.0,2.0,25.0,sí,0.3160289122559437,4322.0,tarde,martes,distrito 8,0.8,4.0,4.0,30/05/2025
rotación media,"3,42 €",29.0,39.0,3.0,45.0,sí,0.8086460521699081,17512.0,mediodía,sábado,distrito 2,3.6,4.0,2.0,13/07/2025
residentes,"2,77 €",40.0,35.0,2.0,130.0,sí,1.0888723219262928,17805.0,mañana,jueves,distrito 4,2.8,3.0,2.0,13/06/2025
alta rotación,"0,98 €",23.0,38.0,9.0,56.0,sí,1.8754853095433153,20671.0,mediodía,viernes,distrito 1,1.1,1.0,3.0,20/04/2025
residentes,"1,83 €",32.0,13.0,13.0,47.0,sí,0.8781495508391934,7681.0,mediodía,miércoles,distrito 11,4.3,5.0,3.0,17/02/2025
alta rotación,"0,66 €",36.0,22.0,1.0,20.0,sí,1.604328121506601,5975.0,mediodía,jueves,distrito 9,3.3,6.0,5.0,20/05/2025
rotación media,"1,10 €",19.0,49.0,2.0,112.0,no,1.77780036747115,5770.0,mañana,sábado,distrito 2,1.7,6.0,7.0,27/06/2025
alta rotación,"1,53 €",40.0,22.0,31.0,23.0,sí,1.5441959397742822,9605.0,tarde,viernes,distrito 8,3.2,6.0,0.0,27/07/2025
alta rotación,"2,02 €",20.0,52.0,6.0,99.0,sí,1.4921314565722839,5444.0,mediodía,martes,distrito 7,2.6,2.0,4.0,19/02/2025
residentes,"1,24 €",53.0,17.0,7.0,98.0,sí,1.3682400802486405,12166.0,mediodía,martes,distrito 3,-99.0,6.0,5.0,02/11/2025
larga estancia,"1,29 €",9.0,26.0,4.0,18.0,sí,1.1131663415924702,2053.0,mañana,viernes,distrito 1,2.6,6.0,1.0,27/02/2025
alta rotación,"2,03 €",33.0,20.0,11.0,55.0,sí,1.4048772776702763,58535.0,tarde,miércoles,distrito 11,-99.0,1.0,8.0,03/09/2025
rotación media,"3,12 €",27.0,25.0,1.0,92.0,sí,0.9889831460608829,22577.0,mediodía,jueves,distrito 3,3.3,3.0,2.0,10/07/2025
rotacion media,"2,19 €",18.0,35.0,2.0,31.0,no,1.3666471567682004,6443.0,mañana,viernes,distrito 1,2.7,3.0,2.0,05/05/2025
larga estancia,"1,44 €",6.0,11.0,2.0,13.0,no,1.1748032474008887,7675.0,mañana,martes,distrito 9,1.3,1.0,1.0,21/05/2025
ROTACIÓN MEDIA,"2,48 €",40.0,39.0,25.0,37.0,sí,1.1698508577374658,5055.0,mañana,sábado,distrito 6,3.1,6.0,0.0,11/01/2025
ALTA ROTACIÓN,"3,72 €",29.0,6.0,2.0,8.0,sí,0.3650109238107015,13731.0,mañana,sábado,distrito 6,4.0,1.0,5.0,12/03/2025
rotación media,"2,39 €",17.0,27.0,28.0,106.0,no,1.4551433263651008,11335.0,tarde,martes,distrito 9,2.8,1.0,6.0,24/02/2025
rotación media,"2,83 €",53.0,29.0,11.0,43.0,sí,1.0381080908098976,12431.0,mediodía,sábado,distrito 7,3.8,6.0,3.0,24/06/2025
  rotación media ,"2,64 €",6.0,16.0,31.0,18.0,sí,1.3988691554922015,14711.0,mediodía,miércoles,distrito 3,4.8,1.0,4.0,14/06/2025
rotación media,"1,63 €",51.0,14.0,15.0,79.0,sí,1.470121446691559,22643.0,mañana,viernes,distrito 7,3.6,0.0,3.0,17/01/2025
rotación media,"2,19 €",39.0,19.0,1.0,29.0,sí,1.2228781823673374,5691.0,mañana,lunes,distrito 2,3.8,1.0,5.0,07/09/2025
alta rotación,"1,54 €",11.0,30.0,1.0,101.0,sí,1.0006362317375554,8652.0,mañana,sábado,distrito 1,3.5,2.0,2.0,19/05/2025
rotacion media,"2,33 €",53.0,50.0,20.0,121.0,no,1.0703975082813644,7830.0,mañana,lunes,distrito 8,1.9,0.0,8.0,24/04/2025
larga estancia,"3,08 €",49.0,31.0,5.0,38.0,sí,0.8073508419684015,13755.0,mediodía,jueves,distrito 11,4.9,5.0,6.0,07/10/2025
larga estancia,"1,42 €",24.0,42.0,23.0,117.0,sí,1.505137638993914,3030.0,mediodía,lunes,distrito 2,1.9,3.0,3.0,28/03/2025
RESIDENTES,"2,13 €",42.0,11.0,24.0,90.0,sí,1.196337038535927,10734.0,mediodía,martes,distrito 7,3.7,1.0,8.0,06/07/2025
alta rotacion,"1,78 €",8.0,35.0,51.0,10.0,no,1.467287293449823,3837.0,mediodía,sábado,distrito 4,3.9,1.0,4.0,14/08/2025
alta rotación,"1,15 €",45.0,18.0,13.0,230.0,sí,1.4056228333870262,19613.0,mañana,miércoles,distrito 5,1.8,6.0,3.0,10/08/2025
  larga estancia ,"2,31 €",40.0,25.0,10.0,230.0,sí,1.008577547606733,6687.0,tarde,jueves,distrito 10,5.6,5.0,3.0,17/01/2025
larga estancia,"1,81 €",11.0,21.0,2.0,197.0,sí,0.75421928764759,10373.0,tarde,sábado,distrito 8,2.8,2.0,8.0,19/07/2025
rotación media,"1,91 €",17.0,3.0,5.0,14.0,sí,1.0303708608173863,11451.0,mediodía,viernes,distrito 9,4.9,0.0,8.0,22/10/2025
alta rotación,"0,79 €",60.0,0.0,6.0,71.0,sí,1.1068942394368475,4978.0,mañana,miércoles,distrito 2,4.6,1.0,1.0,17/09/2025
alta rotación,"2,75 €",60.0,23.0,14.0,192.0,sí,1.0858028844760903,17955.0,tarde,jueves,distrito 3,2.7,0.0,7.0,11/05/2025
  residentes ,"2,71 €",58.0,24.0,11.0,103.0,sí,0.7104452587795633,3260.0,mañana,jueves,distrito 3,4.2,1.0,1.0,24/06/2025
alta rotación,"1,22 €",54.0,8.0,5.0,29.0,sí,1.096401158524983,1585.0,tarde,lunes,distrito 2,1.8,0.0,7.0,15/10/2025
residentes,"1,71 €",19.0,52.0,17.0,132.0,no,1.4721938523752487,10725.0,tarde,miércoles,distrito 11,4.3,3.0,8.0,16/05/2025
larga estancia,"1,83 €",53.0,33.0,19.0,29.0,sí,1.422233632721981,5289.0,tarde,martes,distrito 6,2.0,3.0,1.0,08/01/2025
  larga estancia ,"2,20 €",8.0,22.0,3.0,34.0,sí,0.6832231088627326,8981.0,mañana,martes,distrito 6,3.6,3.0,7.0,15/02/2025
rotación media,"2,47 €",41.0,41.0,3.0,79.0,no,1.3686267281791933,5668.0,tarde,miércoles,distrito 1,0.9,3.0,4.0,14/01/2025
rotación media,"2,03 €",48.0,58.0,6.0,51.0,sí,1.2567866829831713,15824.0,mañana,miércoles,distrito 5,1.9,3.0,8.0,14/02/2025
rotación media,"1,47 €",9.0,54.0,8.0,24.0,no,1.8150511805834182,11607.0,mañana,sábado,distrito 1,5.0,3.0,6.0,10/01/2025
residentes,"2,24 €",22.0,6.0,4.0,31.0,sí,0.7857000417347592,9133.0,tarde,jueves,distrito 6,3.5,5.0,4.0,28/05/2025
larga estancia,"1,10 €",40.0,20.0,4.0,132.0,sí,1.1520951351257898,9279.0,mediodía,jueves,distrito 8,2.6,5.0,7.0,11/06/2025
rotación media,"1,69 €",36.0,10.0,21.0,18.0,sí,1.139411582688461,5105.0,mañana,martes,distrito 9,3.7,5.0,5.0,15/06/2025
rotación media,"2,65 €",34.0,62.0,9.0,70.0,sí,0.955343071203825,7782.0,mañana,viernes,distrito 10,2.1,5.0,1.0,14/10/2025
larga estancia,"1,67 €",34.0,13.0,14.0,46.0,sí,0.9908390262256692,11724.0,mediodía,martes,distrito 5,2.5,4.0,0.0,21/09/2025
larga estancia,"2,52 €",59.0,3.0,2.0,112.0,sí,0.5081037171786537,3621.0,mediodía,jueves,distrito 7,2.7,0.0,2.0,09/08/2025
rotacion media,"1,95 €",51.0,17.0,15.0,54.0,sí,1.0945345507178788,7083.0,tarde,miércoles,distrito 11,3.3,4.0,7.0,08/03/2025
residentes,"1,84 €",7.0,60.0,0.0,206.0,sí,1.2683454087589323,6591.0,mañana,lunes,distrito 5,4.0,0.0,1.0,12/04/2025
larga estancia,"1,92 €",20.0,12.0,0.0,26.0,no,0.47690466152130156,11351.0,mañana,martes,distrito 9,4.9,0.0,0.0,19/07/2025
alta rotación,"1,29 €",45.0,17.0,8.0,32.0,sí,1.1460605502784238,10345.0,mañana,martes,distrito 3,3.4,1.0,8.0,20/07/2025
alta rotacion,"1,64 €",51.0,20.0,0.0,83.0,no,1.0258535394637722,31034.0,tarde,martes,distrito 6,3.1,0.0,8.0,31/08/2025
RESIDENTES,"2,68 €",16.0,49.0,14.0,27.0,no,0.9654640257566095,8361.0,mañana,jueves,distrito 7,3.4,5.0,0.0,11/06/2025
RESIDENTES,"2,15 €",32.0,61.0,24.0,239.0,sí,1.676826337074512,19736.0,mañana,martes,distrito 5,3.6,3.0,7.0,11/03/2025
rotación media,"2,04 €",16.0,9.0,4.0,11.0,sí,0.8845554225773342,3270.0,mañana,sábado,distrito 10,4.3,5.0,1.0,01/07/2025
residentes,"2,33 €",35.0,28.0,13.0,112.0,no,1.379838568469719,11965.0,tarde,jueves,distrito 3,3.6,5.0,6.0,23/03/2025
alta rotación,"2,07 €",26.0,8.0,2.0,224.0,no,0.943801275429367,6949.0,mediodía,viernes,distrito 10,2.9,6.0,1.0,01/08/2025
alta rotación,"1,88 €",49.0,21.0,1.0,4.0,sí,1.1029152058541092,11868.0,mañana,sábado,distrito 3,1.4,1.0,3.0,18/10/2025
residentes,"1,70 €",56.0,56.0,7.0,100.0,sí,1.1648105837991873,5757.0,tarde,lunes,distrito 4,2.9,5.0,6.0,24/05/2025
alta rotación,"2,81 €",41.0,47.0,1.0,33.0,sí,0.37165944727095795,4522.0,tarde,sábado,distrito 7,2.7,2.0,8.0,08/05/2025
alta rotación,"1,72 €",30.0,10.0,23.0,72.0,sí,1.3136986133400443,5100.0,tarde,martes,distrito 6,3.9,6.0,5.0,08/09/2025
ALTA ROTACIÓN,"3,28 €",36.0,7.0,16.0,43.0,no,0.9403251272629093,23974.0,tarde,jueves,distrito 11,4.8,3.0,6.0,27/08/2025
alta rotación,"1,77 €",43.0,9.0,10.0,60.0,no,1.2627181049941167,5606.0,tarde,miércoles,distrito 9,1.7,2.0,0.0,04/09/2025
alta rotación,"2,97 €",54.0,1.0,25.0,126.0,sí,0.300581072912277,11731.0,mediodía,martes,distrito 3,5.1,5.0,3.0,01/10/2025
rotación media,"2,37 €",20.0,13.0,28.0,88.0,sí,0.8693070156737179,3857.0,tarde,miércoles,distrito 1,1.8,3.0,5.0,13/04/2025
larga estancia,"3,49 €",40.0,45.0,18.0,20.0,no,1.177066126967504,7836.0,tarde,jueves,distrito 6,3.5,2.0,5.0,22/05/2025
residentes,"2,67 €",23.0,56.0,9.0,53.0,sí,1.2589296916164718,24430.0,tarde,viernes,distrito 5,0.9,2.0,5.0,11/02/2025
larga estancia,"1,75 €",30.0,27.0,9.0,25.0,no,1.0245720641264036,5876.0,tarde,lunes,distrito 4,2.5,3.0,6.0,25/03/2025
residentes,"1,51 €",11.0,38.0,2.0,29.0,sí,1.1252924762186498,6244.0,mañana,lunes,distrito 7,5.6,5.0,1.0,27/09/2025
rotación media,"2,57 €",42.0,33.0,5.0,59.0,sí,0.5949115745722133,1922.0,mañana,sábado,distrito 2,4.2,1.0,2.0,26/08/2025
  residentes ,"3,09 €",31.0,78.0,21.0,85.0,sí,0.9627024819569221,11223.0,tarde,jueves,distrito 1,3.4,4.0,0.0,17/06/2025
rotación media,"2,66 €",13.0,13.0,1.0,109.0,sí,0.15344270872255883,3538.0,tarde,sábado,distrito 9,2.7,4.0,1.0,04/07/2025
rotación media,"2,81 €",18.0,10.0,3.0,101.0,sí,0.5193061403981447,14471.0,mediodía,jueves,distrito 3,1.8,0.0,2.0,19/07/2025
rotacion media,"2,93 €",55.0,13.0,15.0,73.0,no,1.079089289124565,7971.0,tarde,martes,distrito 9,3.1,4.0,2.0,22/06/2025
residentes,"1,77 €",11.0,13.0,4.0,209.0,no,1.6342133065413234,9711.0,tarde,lunes,distrito 2,0.9,4.0,3.0,15/07/2025
alta rotación,"2,80 €",7.0,13.0,6.0,54.0,sí,0.8701109731263583,17149.0,tarde,jueves,distrito 9,3.8,6.0,4.0,12/07/2025
alta rotacion,"2,57 €",24.0,23.0,8.0,46.0,no,0.8700080578396845,8407.0,mañana,viernes,distrito 6,2.4,3.0,6.0,26/07/2025
rotación media,"1,01 €",22.0,32.0,27.0,177.0,no,1.8797262519959002,4348.0,mediodía,lunes,distrito 9,1.7,6.0,7.0,03/05/2025
rotacion media,"1,41 €",57.0,28.0,1.0,34.0,sí,1.2656893890530783,19700.0,mediodía,miércoles,distrito 10,2.9,1.0,0.0,01/10/2025
ROTACIÓN MEDIA,"3,08 €",30.0,32.0,10.0,97.0,sí,1.280092270577049,2981.0,mediodía,jueves,distrito 1,3.3,4.0,7.0,03/03/2025
rotación media,"2,26 €",8.0,5.0,5.0,2.0,sí,1.068099047981673,12258.0,tarde,miércoles,distrito 4,4.5,2.0,3.0,02/07/2025
alta rotación,"1,36 €",57.0,67.0,4.0,11.0,no,1.6953833199091268,10019.0,mediodía,sábado,distrito 11,2.2,6.0,2.0,09/01/2025
residentes,"2,89 €",9.0,20.0,9.0,89.0,sí,0.841335936286005,7682.0,mañana,lunes,distrito 6,3.7,4.0,5.0,19/09/2025
alta rotación,"0,50 €",39.0,5.0,4.0,20.0,sí,1.281253830082452,6419.0,mañana,sábado,distrito 11,3.6,0.0,6.0,08/05/2025
alta rotación,"1,22 €",31.0,34.0,2.0,51.0,sí,1.1725837804467438,3687.0,mañana,miércoles,distrito 5,-99.0,3.0,4.0,07/05/2025
rotación media,"2,00 €",34.0,12.0,2.0,25.0,sí,0.7770707295923809,25931.0,mañana,viernes,distrito 5,3.2,6.0,6.0,01/02/2025
  rotación media ,"1,21 €",38.0,66.0,54.0,23.0,sí,1.8327844091010224,5020.0,tarde,jueves,distrito 2,5.2,5.0,1.0,29/01/2025
  rotación media ,"2,49 €",21.0,20.0,19.0,9.0,no,1.0904814809946435,11652.0,tarde,martes,distrito 6,1.5,5.0,5.0,21/01/2025
alta rotación,"2,52 €",56.0,34.0,3.0,61.0,no,1.3596753335151583,3313.0,mañana,viernes,distrito 9,1.1,1.0,2.0,24/09/2025
alta rotacion,"1,86 €",11.0,19.0,4.0,346.0,sí,1.0492491063461065,4883.0,mediodía,sábado,distrito 1,2.1,6.0,7.0,15/01/2025
larga estancia,"1,19 €",45.0,2.0,20.0,270.0,sí,1.0470963853604354,6551.0,mañana,sábado,distrito 5,2.8,3.0,0.0,13/02/2025
alta rotacion,"2,05 €",7.0,8.0,15.0,83.0,sí,0.9665190118245643,4746.0,mañana,jueves,distrito 8,4.3,3.0,2.0,25/05/2025
alta rotacion,"2,95 €",60.0,20.0,4.0,13.0,no,0.6758984339885904,5241.0,mañana,jueves,distrito 9,3.4,1.0,1.0,05/05/2025
rotación media,"1,29 €",26.0,7.0,7.0,22.0,sí,1.3340648770927304,10047.0,mañana,viernes,distrito 3,3.4,6.0,7.0,11/07/2025
  larga estancia ,"2,61 €",19.0,7.0,4.0,13.0,no,0.607652806482831,10579.0,mañana,sábado,distrito 9,2.4,0.0,3.0,13/07/2025
  larga estancia ,"2,46 €",29.0,5.0,16.0,68.0,sí,0.4057868243179149,5455.0,mediodía,sábado,distrito 10,4.3,2.0,6.0,05/05/2025
alta rotación,"2,06 €",55.0,52.0,27.0,12.0,sí,1.2385238485585865,11378.0,mediodía,lunes,distrito 9,1.8,6.0,7.0,13/10/2025
residentes,"2,93 €",8.0,24.0,0.0,88.0,sí,0.5205994054275629,3418.0,mediodía,miércoles,distrito 9,1.1,1.0,4.0,08/01/2025
residentes,"2,37 €",14.0,22.0,28.0,115.0,no,1.4514707103999578,21842.0,mañana,martes,distrito 6,3.2,6.0,8.0,27/01/2025
larga estancia,"2,06 €",29.0,22.0,0.0,38.0,sí,0.7712160020803372,8953.0,tarde,jueves,distrito 4,0.8,0.0,2.0,17/04/2025
residentes,"3,48 €",6.0,37.0,21.0,4.0,sí,1.2572761269767687,5643.0,mañana,miércoles,distrito 8,5.1,4.0,5.0,11/01/2025
residentes,"2,33 €",58.0,11.0,7.0,250.0,sí,0.9158812451042245,5381.0,mañana,lunes,distrito 8,4.3,1.0,3.0,26/04/2025
rotación media,"1,81 €",52.0,23.0,15.0,53.0,no,1.6590728306891456,9934.0,mediodía,sábado,distrito 6,3.2,0.0,0.0,30/08/2025
alta rotación,"2,36 €",40.0,31.0,2.0,7.0,no,1.2436241519296467,5738.0,mañana,miércoles,distrito 9,3.7,0.0,6.0,22/02/2025
rotación media,"2,27 €",46.0,59.0,1.0,83.0,sí,1.070680767832073,10826.0,mediodía,sábado,distrito 10,2.8,5.0,8.0,03/09/2025
alta rotación,"1,42 €",46.0,26.0,2.0,18.0,sí,1.9410605891052617,7106.0,mediodía,martes,distrito 5,4.2,0.0,1.0,11/03/2025
alta rotación,"1,36 €",49.0,33.0,9.0,175.0,sí,1.1683339720780905,18559.0,mañana,lunes,distrito 1,5.7,2.0,5.0,10/09/2025
alta rotación,"1,94 €",15.0,63.0,12.0,31.0,sí,1.2755723480898415,19923.0,tarde,lunes,distrito 6,4.9,4.0,5.0,28/08/2025
residentes,"2,55 €",10.0,52.0,3.0,19.0,sí,0.9149929866799817,12953.0,mañana,martes,distrito 2,2.0,6.0,1.0,11/01/2025
residentes,"1,21 €",43.0,16.0,10.0,38.0,sí,1.4776854642434127,10303.0,mediodía,sábado,distrito 6,5.6,3.0,6.0,16/06/2025
rotación media,"0,99 €",31.0,17.0,0.0,85.0,sí,1.07365750299062,20238.0,tarde,jueves,distrito 4,2.2,2.0,7.0,06/08/2025
alta rotación,"1,97 €",46.0,53.0,9.0,169.0,sí,0.9108244566525945,3642.0,mediodía,jueves,distrito 4,4.1,0.0,8.0,07/01/2025
  rotación media ,"2,35 €",8.0,13.0,1.0,35.0,sí,0.8562319752005519,18119.0,mediodía,jueves,distrito 3,2.5,4.0,6.0,20/02/2025
  residentes ,"2,04 €",42.0,6.0,3.0,75.0,sí,0.9990351103186332,3097.0,tarde,lunes,distrito 2,-99.0,5.0,5.0,02/10/2025
rotación media,"1,70 €",30.0,58.0,40.0,67.0,sí,2.0030802964204955,5972.0,tarde,lunes,distrito 2,2.9,0.0,0.0,28/08/2025
  residentes ,"2,29 €",11.0,30.0,1.0,175.0,sí,0.9504386711248756,11428.0,tarde,lunes,distrito 6,3.3,2.0,0.0,06/04/2025
alta rotación,"1,33 €",8.0,38.0,12.0,18.0,no,1.9266419111842241,5436.0,tarde,martes,distrito 1,2.7,6.0,0.0,03/07/2025
  larga estancia ,"1,37 €",34.0,50.0,3.0,64.0,no,1.2809804382579832,11634.0,mediodía,lunes,distrito 6,3.4,0.0,7.0,30/10/2025
larga estancia,"2,96 €",30.0,36.0,13.0,16.0,no,0.8451277133548594,9829.0,tarde,martes,distrito 3,3.6,2.0,1.0,28/09/2025
rotación media,"2,59 €",21.0,4.0,4.0,19.0,sí,0.47170127022293273,12996.0,mediodía,sábado,distrito 10,3.7,5.0,0.0,10/03/2025
rotación media,"2,20 €",16.0,20.0,7.0,163.0,sí,1.34053693497704,5703.0,mañana,miércoles,distrito 5,3.7,5.0,1.0,18/09/2025
rotación media,"2,45 €",15.0,9.0,39.0,63.0,sí,0.9590676366922406,8075.0,mediodía,miércoles,distrito 5,4.8,5.0,6.0,30/01/2025
larga estancia,"2,05 €",60.0,4.0,2.0,44.0,sí,0.5910115381379595,23163.0,tarde,sábado,distrito 8,2.7,4.0,8.0,08/06/2025
larga estancia,"3,46 €",37.0,58.0,10.0,30.0,sí,1.0974237242664735,8348.0,tarde,viernes,distrito 2,1.7,0.0,8.0,16/08/2025
alta rotación,"2,10 €",30.0,27.0,10.0,112.0,sí,1.1699969596631907,16372.0,tarde,viernes,distrito 7,3.7,0.0,0.0,02/03/2025
alta rotación,"3,35 €",56.0,30.0,4.0,83.0,no,0.7409843724800407,9405.0,tarde,miércoles,distrito 1,5.8,0.0,1.0,11/08/2025
RESIDENTES,"1,45 €",33.0,5.0,4.0,9.0,sí,1.3402472758729032,4401.0,tarde,jueves,distrito 7,2.4,6.0,5.0,23/01/2025
alta rotacion,"2,56 €",13.0,14.0,16.0,103.0,sí,0.7243805590331,6618.0,tarde,viernes,distrito 6,4.3,3.0,6.0,18/09/2025
larga estancia,"1,35 €",51.0,22.0,1.0,134.0,sí,0.7114896466901126,14087.0,tarde,jueves,distrito 4,4.2,2.0,1.0,27/08/2025
rotación media,"1,62 €",8.0,11.0,5.0,192.0,sí,1.2327689046824393,5861.0,mediodía,miércoles,distrito 9,2.7,0.0,5.0,17/03/2025
alta rotación,"3,73 €",14.0,6.0,2.0,110.0,sí,0.09120362932411721,18314.0,mediodía,lunes,distrito 5,1.5,3.0,4.0,26/04/2025
larga estancia,"2,36 €",46.0,25.0,7.0,70.0,sí,1.0605302371839527,7360.0,mediodía,viernes,distrito 11,3.3,6.0,3.0,08/07/2025
alta rotación,"2,85 €",36.0,31.0,34.0,54.0,no,1.4251561261643169,15626.0,mañana,miércoles,distrito 8,2.7,2.0,4.0,03/03/2025
rotacion media,"2,97 €",15.0,34.0,6.0,168.0,sí,0.7128428976298479,4143.0,mediodía,lunes,distrito 9,1.3,3.0,0.0,22/02/2025
residentes,"2,23 €",60.0,16.0,7.0,68.0,sí,0.9769559050604346,7193.0,mañana,miércoles,distrito 4,3.6,4.0,8.0,06/05/2025
larga estancia,"1,27 €",49.0,4.0,0.0,94.0,sí,0.9450780557012113,6020.0,mediodía,miércoles,distrito 9,3.2,2.0,8.0,17/07/2025
larga estancia,"1,11 €",32.0,29.0,5.0,78.0,sí,1.0853974206569805,11651.0,tarde,martes,distrito 6,3.4,3.0,4.0,31/05/2025
residentes,"1,81 €",21.0,28.0,57.0,74.0,sí,1.3545084006757906,1996.0,tarde,jueves,distrito 1,4.4,1.0,6.0,22/07/2025
alta rotación,"1,78 €",40.0,34.0,14.0,7.0,sí,1.2019407118614212,3841.0,tarde,miércoles,distrito 3,-99.0,5.0,1.0,28/06/2025
rotación media,"2,26 €",40.0,49.0,19.0,63.0,sí,1.2610529914463948,10473.0,mañana,sábado,distrito 5,3.3,3.0,4.0,29/04/2025
residentes,"2,83 €",33.0,38.0,25.0,14.0,sí,1.2081338238046362,3383.0,mañana,miércoles,distrito 11,4.0,2.0,7.0,02/09/2025
  rotación media ,"1,63 €",35.0,34.0,22.0,67.0,sí,1.1769958609867393,6789.0,mañana,sábado,distrito 9,3.5,0.0,2.0,17/09/2025
alta rotación,"2,36 €",39.0,17.0,4.0,5.0,sí,0.7880924550239967,9360.0,mañana,lunes,distrito 8,2.8,4.0,5.0,28/03/2025
rotación media,"3,90 €",59.0,15.0,12.0,142.0,no,0.8155825303907424,6190.0,tarde,jueves,distrito 7,0.8,1.0,4.0,31/05/2025
larga estancia,"2,07 €",24.0,3.0,0.0,7.0,sí,0.25226234474821585,10454.0,mediodía,martes,distrito 1,4.7,0.0,2.0,03/05/2025
rotacion media,"2,77 €",50.0,13.0,7.0,71.0,no,0.9183197182799432,13202.0,mañana,martes,distrito 3,5.7,4.0,4.0,15/08/2025
  rotación media ,"1,21 €",55.0,7.0,10.0,40.0,sí,1.0792198452301855,31290.0,tarde,martes,distrito 8,1.0,3.0,8.0,14/10/2025
alta rotacion,"0,89 €",51.0,35.0,1.0,58.0,sí,1.4948630685805477,14585.0,mañana,sábado,distrito 4,2.0,3.0,7.0,02/03/2025
residentes,"2,53 €",27.0,33.0,1.0,103.0,sí,0.9770218831918882,6134.0,tarde,viernes,distrito 3,4.1,4.0,3.0,03/06/2025
alta rotación,"2,12 €",51.0,8.0,18.0,92.0,sí,1.1268985215312735,4646.0,mediodía,martes,distrito 10,1.1,3.0,6.0,20/07/2025
rotación media,"2,23 €",26.0,5.0,4.0,74.0,no,0.5595859804476777,18882.0,tarde,martes,distrito 2,0.8,2.0,0.0,14/07/2025
residentes,"2,45 €",33.0,28.0,7.0,57.0,sí,0.6057998609622786,7112.0,mediodía,sábado,distrito 7,4.4,6.0,3.0,21/03/2025
  larga estancia ,"2,15 €",19.0,59.0,2.0,26.0,sí,1.3552484848487525,11941.0,mediodía,sábado,distrito 4,2.5,2.0,4.0,25/07/2025
rotación media,"0,99 €",57.0,24.0,2.0,21.0,no,1.4865045395518308,4344.0,mediodía,sábado,distrito 1,3.7,6.0,5.0,17/08/2025
rotación media,"1,99 €",31.0,21.0,26.0,95.0,no,1.1731015811709895,16213.0,mañana,martes,distrito 9,4.5,4.0,8.0,02/11/2025
rotación media,"1,71 €",39.0,22.0,8.0,106.0,sí,1.1174698912556993,17374.0,tarde,jueves,distrito 7,2.0,2.0,0.0,13/10/2025
  rotación media ,"3,26 €",44.0,3.0,13.0,21.0,sí,0.48220353977155606,11042.0,tarde,miércoles,distrito 9,4.7,4.0,0.0,25/06/2025
residentes,"1,80 €",9.0,19.0,5.0,12.0,sí,1.2621200484533759,8198.0,mediodía,lunes,distrito 4,4.6,6.0,4.0,14/03/2025
rotación media,"2,97 €",30.0,15.0,3.0,32.0,sí,0.8050875041687758,6191.0,tarde,viernes,distrito 8,5.2,0.0,3.0,06/02/2025
alta rotación,"2,18 €",19.0,4.0,24.0,38.0,sí,0.9815067711856373,11597.0,mañana,sábado,distrito 10,1.8,1.0,2.0,19/07/2025
rotacion media,"2,25 €",7.0,5.0,8.0,66.0,sí,0.8781114329272867,19805.0,mediodía,jueves,distrito 1,3.1,2.0,6.0,03/07/2025
residentes,"2,40 €",59.0,25.0,6.0,34.0,sí,1.1656749357569218,10710.0,tarde,jueves,distrito 7,5.0,0.0,0.0,26/09/2025
ROTACIÓN MEDIA,"2,01 €",57.0,24.0,3.0,45.0,sí,0.8054577311995115,3029.0,tarde,lunes,distrito 6,3.8,2.0,2.0,23/03/2025
residentes,"1,65 €",23.0,1.0,6.0,16.0,sí,0.43504101484768026,13791.0,tarde,lunes,distrito 4,1.9,6.0,0.0,23/02/2025
larga estancia,"1,77 €",44.0,14.0,5.0,25.0,no,1.2269592409368346,4825.0,tarde,sábado,distrito 7,4.5,6.0,4.0,20/10/2025
larga estancia,"2,68 €",55.0,8.0,10.0,24.0,no,1.030170910727795,4697.0,mediodía,lunes,distrito 8,2.0,6.0,7.0,03/08/2025
ALTA ROTACIÓN,"2,29 €",9.0,14.0,7.0,99.0,sí,0.8100377429437168,13889.0,mañana,jueves,distrito 5,6.7,1.0,2.0,09/09/2025
rotación media,"1,97 €",34.0,6.0,10.0,21.0,sí,0.6483668340342645,4999.0,mañana,miércoles,distrito 3,3.2,0.0,1.0,11/01/2025
ALTA ROTACIÓN,"1,53 €",6.0,19.0,5.0,92.0,sí,0.9452931067595227,8050.0,tarde,jueves,distrito 8,0.8,1.0,3.0,14/01/2025
larga estancia,"3,49 €",42.0,20.0,21.0,4.0,sí,0.9448005689862224,13547.0,mañana,miércoles,distrito 6,0.8,1.0,3.0,24/04/2025
alta rotación,"1,50 €",55.0,4.0,41.0,49.0,no,1.238081608187473,11157.0,mañana,lunes,distrito 1,-99.0,3.0,4.0,04/05/2025
alta rotación,"2,44 €",38.0,9.0,3.0,71.0,sí,0.4938582593013098,11811.0,tarde,lunes,distrito 6,3.2,6.0,7.0,11/05/2025
  rotación media ,"2,76 €",39.0,23.0,43.0,113.0,no,1.2540565620254809,10288.0,mañana,lunes,distrito 3,3.2,2.0,8.0,07/02/2025
larga estancia,"0,81 €",15.0,14.0,4.0,94.0,no,1.1614208426939387,6707.0,mañana,viernes,distrito 5,0.8,3.0,6.0,04/10/2025
alta rotación,"1,69 €",12.0,15.0,5.0,191.0,no,1.4197882949823861,18062.0,tarde,lunes,distrito 8,3.4,1.0,6.0,28/05/2025
alta rotación,"2,53 €",31.0,8.0,11.0,3.0,sí,0.8769314746676435,7249.0,tarde,sábado,distrito 9,1.8,5.0,7.0,10/09/2025
larga estancia,"2,66 €",42.0,5.0,18.0,13.0,sí,0.7887784431120267,24219.0,tarde,lunes,distrito 5,0.8,2.0,4.0,11/08/2025
  alta rotación ,"2,87 €",24.0,25.0,26.0,86.0,no,0.900997277351775,13219.0,mediodía,jueves,distrito 7,-99.0,5.0,0.0,17/08/2025
rotación media,"1,35 €",21.0,8.0,5.0,22.0,sí,0.9265276139762016,16470.0,mediodía,viernes,distrito 4,3.4,4.0,7.0,10/05/2025
  alta rotación ,"1,68 €",8.0,2.0,9.0,82.0,sí,0.9960502956218353,9595.0,mediodía,lunes,distrito 4,2.5,0.0,3.0,22/01/2025
rotación media,"0,50 €",41.0,51.0,3.0,28.0,sí,1.8244419086701817,8778.0,mediodía,jueves,distrito 5,2.7,3.0,0.0,13/09/2025
rotación media,"2,72 €",15.0,14.0,9.0,197.0,sí,0.6771346327126001,6484.0,mediodía,lunes,distrito 5,0.8,5.0,3.0,21/08/2025
rotación media,"1,86 €",43.0,61.0,8.0,117.0,sí,0.6561467727881478,19400.0,tarde,lunes,distrito 4,3.2,5.0,3.0,28/06/2025
LARGA ESTANCIA,"1,27 €",12.0,18.0,15.0,116.0,no,0.9793803998002764,6766.0,mañana,jueves,distrito 3,2.1,5.0,6.0,19/03/2025
larga estancia,"1,74 €",20.0,19.0,22.0,99.0,sí,1.1838723576731804,6644.0,mediodía,miércoles,distrito 7,3.0,4.0,5.0,13/05/2025
alta rotación,"2,74 €",6.0,7.0,9.0,89.0,no,0.30009814590781836,15660.0,tarde,viernes,distrito 3,3.2,5.0,2.0,04/04/2025
rotación media,"3,29 €",39.0,11.0,49.0,49.0,no,0.5125711070655882,3115.0,mañana,jueves,distrito 2,3.9,6.0,0.0,30/08/2025
rotación media,"2,76 €",55.0,49.0,2.0,184.0,no,1.0463024149736764,9644.0,mañana,miércoles,distrito 1,2.4,5.0,5.0,28/04/2025
alta rotación,"2,05 €",20.0,18.0,1.0,25.0,sí,0.6380775324124138,4598.0,mañana,lunes,distrito 11,4.0,2.0,8.0,29/07/2025
larga estancia,"2,61 €",51.0,7.0,0.0,17.0,sí,0.7765418792853853,6274.0,tarde,lunes,distrito 5,2.4,6.0,3.0,23/09/2025
residentes,"2,00 €",9.0,6.0,2.0,58.0,sí,0.6734926020268739,29272.0,tarde,viernes,distrito 8,4.9,4.0,5.0,06/07/2025
  alta rotación ,"1,63 €",28.0,12.0,7.0,4.0,sí,1.383624723106166,5660.0,mañana,miércoles,distrito 10,1.2,5.0,6.0,08/09/2025
larga estancia,"1,95 €",48.0,9.0,4.0,83.0,no,1.131902983062384,16367.0,tarde,sábado,distrito 9,5.3,1.0,1.0,08/04/2025
residentes,"2,75 €",22.0,14.0,6.0,43.0,sí,0.9520861005577815,7586.0,mediodía,miércoles,distrito 10,2.9,0.0,8.0,29/08/2025
residentes,"1,13 €",59.0,12.0,5.0,52.0,sí,1.0027443791758501,15362.0,mañana,lunes,distrito 5,1.7,4.0,8.0,13/06/2025
residentes,"1,68 €",28.0,23.0,35.0,20.0,no,1.7887258196996967,7920.0,tarde,martes,distrito 10,5.4,1.0,8.0,18/02/2025
alta rotación,"2,15 €",12.0,17.0,3.0,86.0,sí,0.7735565527809583,20340.0,mediodía,lunes,distrito 10,-99.0,1.0,7.0,16/01/2025
rotación media,"1,04 €",38.0,12.0,0.0,61.0,sí,0.9880739317884232,10816.0,mediodía,miércoles,distrito 1,4.3,1.0,0.0,26/01/2025
alta rotación,"3,18 €",30.0,2.0,22.0,36.0,sí,0.4166235121197912,5911.0,tarde,martes,distrito 1,0.8,3.0,3.0,07/01/2025
alta rotacion,"1,89 €",43.0,18.0,15.0,27.0,sí,1.1049216547164313,11804.0,mañana,lunes,distrito 2,2.8,4.0,7.0,10/01/2025
rotación media,"2,01 €",57.0,9.0,3.0,74.0,no,0.5370782947171202,4176.0,mediodía,viernes,distrito 1,3.5,4.0,2.0,12/04/2025
ROTACIÓN MEDIA,"2,12 €",20.0,21.0,6.0,58.0,no,0.9914780858378565,6485.0,tarde,lunes,distrito 6,4.4,2.0,0.0,09/02/2025
rotación media,"2,04 €",17.0,40.0,7.0,162.0,sí,1.1093433013141234,3511.0,mediodía,jueves,distrito 10,2.5,0.0,8.0,02/08/2025
alta rotación,"1,55 €",18.0,28.0,11.0,162.0,no,1.5124001409262455,11671.0,mediodía,martes,distrito 5,4.7,2.0,5.0,24/01/2025
larga estancia,"1,59 €",39.0,8.0,9.0,99.0,no,0.8283227939306992,4389.0,mañana,miércoles,distrito 1,2.1,6.0,6.0,13/09/2025
rotación media,"1,88 €",6.0,14.0,19.0,31.0,no,1.4924745986144412,11803.0,tarde,martes,distrito 3,3.5,0.0,5.0,30/05/2025
residentes,"2,27 €",33.0,17.0,3.0,184.0,sí,0.554426071569427,7349.0,tarde,viernes,distrito 3,4.2,6.0,3.0,24/08/2025
rotación media,"2,95 €",50.0,39.0,2.0,202.0,sí,0.5794132466425973,15944.0,mañana,viernes,distrito 8,1.8,1.0,3.0,20/08/2025
larga estancia,"1,68 €",18.0,57.0,4.0,75.0,sí,1.1179742735910283,11332.0,mañana,lunes,distrito 8,2.1,3.0,6.0,26/05/2025
residentes,"1,43 €",40.0,4.0,6.0,10.0,sí,1.0202837416538257,6776.0,mediodía,sábado,distrito 4,2.4,2.0,2.0,14/08/2025
LARGA ESTANCIA,"1,91 €",42.0,5.0,0.0,136.0,sí,0.4145290150907068,14563.0,tarde,viernes,distrito 6,1.4,0.0,7.0,05/08/2025
rotación media,"1,89 €",52.0,15.0,8.0,90.0,sí,0.9811216843369923,8410.0,mañana,viernes,distrito 7,-99.0,2.0,8.0,25/05/2025
LARGA ESTANCIA,"1,22 €",43.0,1.0,5.0,20.0,sí,0.7324285041656432,4182.0,mañana,sábado,distrito 7,4.2,0.0,6.0,12/07/2025
residentes,"2,56 €",20.0,2.0,2.0,6.0,sí,0.4756717152126162,4542.0,mediodía,jueves,distrito 4,2.7,2.0,3.0,07/08/2025
  rotación media ,"1,85 €",55.0,4.0,32.0,76.0,sí,0.8761095932106779,12550.0,tarde,viernes,distrito 5,2.0,1.0,5.0,11/05/2025
larga estancia,"1,60 €",23.0,12.0,0.0,33.0,sí,0.7537827905870277,10081.0,mañana,sábado,distrito 8,1.4,6.0,7.0,08/02/2025
rotación media,"2,63 €",11.0,57.0,22.0,30.0,sí,1.6587977036452572,7094.0,mediodía,miércoles,distrito 10,-99.0,5.0,1.0,14/03/2025
alta rotacion,"1,08 €",46.0,14.0,7.0,48.0,no,1.4745997787865404,9412.0,mañana,viernes,distrito 4,3.9,0.0,2.0,04/04/2025
residentes,"1,31 €",36.0,16.0,4.0,113.0,no,1.2339318333001776,8358.0,mediodía,miércoles,distrito 7,3.8,6.0,6.0,29/03/2025
larga estancia,"1,22 €",25.0,28.0,11.0,80.0,sí,1.212655604258535,3940.0,mañana,miércoles,distrito 2,2.1,4.0,5.0,26/05/2025
alta rotacion,"0,61 €",44.0,19.0,3.0,74.0,sí,1.1240381533626866,9662.0,tarde,martes,distrito 2,4.3,1.0,5.0,14/02/2025
alta rotación,"2,75 €",56.0,33.0,15.0,18.0,sí,1.014085180376547,6353.0,mañana,martes,distrito 4,5.0,2.0,6.0,22/05/2025
rotación media,"0,50 €",55.0,10.0,5.0,68.0,sí,1.545895393453996,5555.0,mañana,lunes,distrito 5,2.9,6.0,1.0,23/04/2025
rotación media,"1,32 €",16.0,22.0,13.0,134.0,no,1.8841251938200687,7820.0,mediodía,martes,distrito 8,4.8,4.0,1.0,26/03/2025
rotacion media,"2,91 €",47.0,39.0,1.0,193.0,sí,1.242066960979832,12695.0,mañana,viernes,distrito 3,3.4,3.0,4.0,26/02/2025
rotación media,"1,64 €",45.0,15.0,6.0,21.0,no,1.0974600674177388,11743.0,tarde,miércoles,distrito 2,2.6,6.0,7.0,09/10/2025
rotacion media,"1,62 €",14.0,6.0,8.0,162.0,sí,0.9746119531562893,9327.0,mañana,jueves,distrito 11,2.5,5.0,3.0,02/10/2025
residentes,"1,66 €",25.0,28.0,0.0,189.0,sí,0.8733684576625362,4454.0,tarde,martes,distrito 11,3.0,3.0,5.0,19/05/2025
alta rotación,"1,43 €",38.0,3.0,0.0,44.0,no,0.20415036357405825,11029.0,tarde,sábado,distrito 9,1.9,1.0,1.0,07/04/2025
  alta rotación ,"1,33 €",51.0,18.0,7.0,208.0,sí,1.1964478235430271,2868.0,tarde,viernes,distrito 3,-99.0,3.0,7.0,05/07/2025
rotación media,"2,51 €",13.0,24.0,4.0,14.0,sí,1.0466637436633572,16331.0,tarde,viernes,distrito 11,1.8,6.0,3.0,20/09/2025
RESIDENTES,"1,08 €",11.0,2.0,29.0,2.0,sí,1.351570150459948,7773.0,mediodía,viernes,distrito 7,2.5,1.0,3.0,17/02/2025
residentes,"2,99 €",28.0,26.0,1.0,62.0,sí,0.7093525323308348,11814.0,mañana,miércoles,distrito 4,2.3,1.0,3.0,23/04/2025
LARGA ESTANCIA,"2,52 €",9.0,52.0,1.0,60.0,sí,0.8021165183967619,6769.0,mediodía,viernes,distrito 3,3.3,3.0,2.0,17/09/2025
rotación media,"1,73 €",32.0,13.0,13.0,153.0,sí,0.5828272152800171,3968.0,mediodía,martes,distrito 10,-99.0,2.0,7.0,10/06/2025
ALTA ROTACIÓN,"4,76 €",20.0,39.0,22.0,115.0,sí,0.7103778297158843,3500.0,mediodía,miércoles,distrito 2,1.9,6.0,8.0,30/09/2025
  rotación media ,"3,47 €",25.0,8.0,8.0,70.0,sí,0.5690387623264497,11328.0,tarde,viernes,distrito 6,1.8,1.0,1.0,31/07/2025
alta rotación,"0,95 €",30.0,15.0,1.0,18.0,sí,1.1715079976878215,16669.0,tarde,martes,distrito 4,2.7,0.0,8.0,12/06/2025
residentes,"2,70 €",31.0,22.0,2.0,122.0,sí,0.3657004969203885,6238.0,mediodía,martes,distrito 3,4.0,3.0,1.0,20/08/2025
LARGA ESTANCIA,"2,58 €",33.0,2.0,6.0,145.0,sí,0.39072190254611505,37531.0,tarde,jueves,distrito 5,2.7,1.0,0.0,12/06/2025
ALTA ROTACIÓN,"2,04 €",32.0,20.0,12.0,45.0,sí,1.1685758538832958,9939.0,mañana,lunes,distrito 6,3.9,2.0,6.0,14/06/2025
rotacion media,"1,45 €",37.0,25.0,2.0,144.0,no,1.24376224662179,7318.0,tarde,miércoles,distrito 7,4.6,2.0,3.0,23/01/2025
  rotación media ,"2,69 €",46.0,12.0,4.0,54.0,no,0.8216367613288565,10819.0,mediodía,lunes,distrito 5,4.7,6.0,5.0,27/09/2025
alta rotación,"3,42 €",55.0,12.0,30.0,108.0,no,1.0017584752268356,8266.0,tarde,sábado,distrito 11,3.9,5.0,3.0,22/03/2025
larga estancia,"0,97 €",51.0,8.0,0.0,67.0,sí,0.9119503211324703,15932.0,mañana,martes,distrito 1,2.4,3.0,6.0,22/04/2025
  rotación media ,"1,81 €",25.0,46.0,5.0,212.0,no,1.4505650482466927,36724.0,mediodía,jueves,distrito 9,4.5,0.0,5.0,04/04/2025
larga estancia,"0,88 €",33.0,12.0,9.0,43.0,sí,1.0181790733687568,8815.0,mediodía,miércoles,distrito 1,3.4,5.0,3.0,23/10/2025
ALTA ROTACIÓN,"0,55 €",51.0,9.0,15.0,33.0,sí,1.911184150518748,3183.0,mediodía,miércoles,distrito 10,0.8,6.0,8.0,18/07/2025
ALTA ROTACIÓN,"2,26 €",36.0,12.0,10.0,34.0,sí,0.9309858728679044,12184.0,mañana,miércoles,distrito 3,2.9,4.0,8.0,15/07/2025
residentes,"3,83 €",48.0,2.0,6.0,37.0,sí,0.32529619302394286,10571.0,mañana,sábado,distrito 1,3.2,1.0,4.0,01/05/2025
rotación media,"1,52 €",41.0,39.0,14.0,47.0,sí,1.1534017152849831,2390.0,mediodía,martes,distrito 7,4.0,1.0,4.0,23/06/2025
larga estancia,"2,21 €",11.0,20.0,1.0,12.0,sí,0.9626714315437057,5921.0,mañana,lunes,distrito 5,1.1,0.0,0.0,18/10/2025
larga estancia,"3,00 €",38.0,37.0,13.0,23.0,sí,1.0329967464668433,6586.0,mediodía,lunes,distrito 6,-99.0,0.0,1.0,23/08/2025
  rotación media ,"1,92 €",51.0,72.0,4.0,132.0,sí,0.7922533162944704,18094.0,mediodía,miércoles,distrito 6,3.0,3.0,4.0,27/06/2025
rotación media,"2,06 €",39.0,31.0,3.0,29.0,no,1.1990449678527604,10794.0,tarde,martes,distrito 7,-99.0,5.0,3.0,08/09/2025
rotacion media,"1,93 €",27.0,36.0,15.0,86.0,sí,1.2193580879773287,10790.0,mañana,martes,distrito 6,1.5,6.0,6.0,26/06/2025
alta rotación,"1,75 €",6.0,2.0,12.0,168.0,no,0.81823277242964,5539.0,mañana,jueves,distrito 6,2.2,0.0,2.0,23/08/2025
larga estancia,"0,88 €",32.0,10.0,12.0,30.0,no,1.9506068319825327,3506.0,mediodía,jueves,distrito 5,2.2,5.0,0.0,06/03/2025
rotación media,"1,86 €",25.0,6.0,5.0,33.0,no,0.7353470124798236,5478.0,mediodía,martes,distrito 1,1.3,0.0,0.0,12/09/2025
alta rotación,"3,29 €",25.0,30.0,6.0,81.0,no,0.8688016547011606,6718.0,mediodía,miércoles,distrito 4,3.8,3.0,5.0,02/08/2025
alta rotacion,"2,23 €",57.0,6.0,12.0,101.0,sí,0.7146742327107762,13965.0,mañana,sábado,distrito 3,6.0,0.0,0.0,20/03/2025
residentes,"2,89 €",60.0,37.0,2.0,25.0,no,1.201017568274674,9314.0,mediodía,viernes,distrito 2,2.4,1.0,6.0,22/05/2025
alta rotación,"2,13 €",18.0,17.0,46.0,75.0,sí,0.8713855327847324,17455.0,tarde,viernes,distrito 6,0.9,4.0,7.0,13/07/2025
residentes,"0,66 €",9.0,4.0,0.0,53.0,sí,0.731636850972361,7997.0,mañana,martes,distrito 10,0.8,0.0,3.0,16/02/2025
larga estancia,"1,67 €",47.0,13.0,3.0,43.0,sí,0.5604874245765917,11061.0,mañana,viernes,distrito 3,2.2,4.0,5.0,01/08/2025
residentes,"3,13 €",19.0,15.0,19.0,66.0,no,0.9755480109846966,5143.0,tarde,miércoles,distrito 8,2.4,0.0,6.0,14/10/2025
ROTACIÓN MEDIA,"0,50 €",55.0,4.0,12.0,107.0,sí,1.0918349299450623,13492.0,tarde,sábado,distrito 1,3.3,5.0,3.0,16/07/2025
rotacion media,"2,04 €",17.0,29.0,6.0,204.0,sí,0.5281876436105417,5818.0,mañana,miércoles,distrito 5,2.8,2.0,7.0,14/09/2025
rotación media,"2,07 €",53.0,10.0,2.0,321.0,no,0.4558585630248148,4045.0,tarde,sábado,distrito 11,0.8,5.0,3.0,30/09/2025
rotación media,"0,50 €",28.0,8.0,1.0,83.0,sí,1.2276145525230224,11717.0,mañana,martes,distrito 7,0.8,5.0,0.0,25/05/2025
alta rotación,"0,65 €",28.0,53.0,9.0,31.0,sí,1.698643587167164,6161.0,mañana,lunes,distrito 2,4.0,4.0,7.0,15/07/2025
rotación media,"2,85 €",17.0,26.0,11.0,45.0,sí,1.0906035577749522,7709.0,mediodía,viernes,distrito 8,-99.0,2.0,6.0,13/06/2025
rotación media,"0,85 €",13.0,56.0,2.0,41.0,sí,1.61751921275433,7708.0,tarde,martes,distrito 5,2.8,1.0,6.0,24/06/2025
residentes,"2,57 €",39.0,7.0,13.0,99.0,no,1.142064004561979,17529.0,tarde,martes,distrito 11,0.8,2.0,1.0,12/09/2025
rotación media,"1,02 €",50.0,58.0,6.0,47.0,sí,1.544130791202217,3380.0,mañana,jueves,distrito 2,4.3,0.0,7.0,02/06/2025
residentes,"2,90 €",24.0,22.0,18.0,87.0,sí,0.9698794163763099,7351.0,mañana,sábado,distrito 2,4.6,1.0,8.0,01/02/2025
alta rotación,"1,99 €",39.0,34.0,2.0,52.0,sí,0.879773329250006,9764.0,mañana,martes,distrito 10,5.7,0.0,2.0,21/06/2025
larga estancia,"2,42 €",52.0,34.0,10.0,11.0,sí,1.0278732900353473,8447.0,mediodía,miércoles,distrito 4,-99.0,5.0,5.0,05/09/2025
larga estancia,"2,59 €",16.0,20.0,9.0,386.0,sí,0.7284451029383698,6195.0,tarde,lunes,distrito 2,3.5,4.0,7.0,18/09/2025
rotación media,"2,82 €",31.0,0.0,4.0,5.0,no,0.525415550593121,12289.0,mañana,sábado,distrito 9,2.6,5.0,0.0,24/08/2025
larga estancia,"2,76 €",23.0,12.0,3.0,81.0,sí,0.35816874716756364,10790.0,mediodía,lunes,distrito 5,2.6,4.0,1.0,24/01/2025
rotación media,"0,79 €",54.0,7.0,1.0,15.0,sí,1.0026966516427118,17471.0,mediodía,martes,distrito 1,1.3,3.0,8.0,10/03/2025
alta rotación,"3,42 €",19.0,34.0,3.0,15.0,sí,0.8758931231734151,35284.0,mañana,lunes,distrito 6,0.8,3.0,3.0,14/07/2025
larga estancia,"2,76 €",58.0,18.0,6.0,50.0,sí,0.34948337538717333,15168.0,mediodía,miércoles,distrito 2,3.6,6.0,7.0,15/05/2025
alta rotación,"2,78 €",8.0,17.0,5.0,89.0,no,0.7532329372744894,4194.0,tarde,miércoles,distrito 7,1.7,5.0,4.0,06/08/2025
residentes,"2,82 €",42.0,4.0,8.0,48.0,sí,0.8379708849480283,15345.0,mediodía,lunes,distrito 1,3.5,1.0,6.0,25/01/2025
alta rotación,"1,96 €",50.0,10.0,2.0,16.0,sí,0.7307934872628283,7485.0,mañana,jueves,distrito 6,4.5,1.0,0.0,14/05/2025
alta rotacion,"2,90 €",55.0,24.0,21.0,21.0,sí,1.02832345605811,10997.0,tarde,jueves,distrito 6,1.9,1.0,4.0,02/04/2025
rotación media,"3,14 €",42.0,14.0,20.0,86.0,sí,1.1288378132193428,8294.0,mañana,jueves,distrito 3,4.3,6.0,7.0,26/09/2025
ALTA ROTACIÓN,"0,87 €",23.0,11.0,1.0,22.0,sí,1.2769250385237771,11966.0,mediodía,lunes,distrito 1,1.6,3.0,2.0,18/03/2025
larga estancia,"2,99 €",32.0,39.0,14.0,92.0,sí,1.0169501107306242,17295.0,mañana,martes,distrito 6,2.7,5.0,7.0,26/05/2025
residentes,"1,40 €",30.0,15.0,20.0,25.0,sí,1.4018323249082865,4845.0,mañana,sábado,distrito 7,4.9,2.0,0.0,21/03/2025
rotación media,"2,74 €",9.0,8.0,5.0,28.0,no,0.5404471042496961,8332.0,tarde,martes,distrito 4,4.6,5.0,1.0,15/06/2025
rotacion media,"1,22 €",17.0,9.0,31.0,11.0,sí,1.3294821746085381,23880.0,mañana,miércoles,distrito 8,3.7,0.0,1.0,01/08/2025
alta rotación,"2,32 €",29.0,6.0,0.0,17.0,sí,0.4249762725523996,6727.0,mediodía,viernes,distrito 10,3.5,4.0,6.0,13/04/2025
  rotación media ,"2,06 €",34.0,2.0,7.0,60.0,sí,0.7470360085579467,7108.0,mañana,lunes,distrito 7,2.1,3.0,5.0,27/02/2025
alta rotación,"2,08 €",33.0,18.0,5.0,100.0,sí,0.5821229696862663,8341.0,tarde,jueves,distrito 1,3.3,4.0,3.0,24/09/2025
larga estancia,"2,74 €",41.0,11.0,3.0,73.0,no,0.46435663133946564,8198.0,mañana,lunes,distrito 4,3.3,0.0,6.0,30/07/2025
residentes,"1,52 €",20.0,10.0,4.0,34.0,sí,0.9025498481108268,8505.0,tarde,jueves,distrito 9,3.5,0.0,5.0,18/01/2025
larga estancia,"1,54 €",55.0,7.0,1.0,14.0,no,0.7818848652995931,5646.0,mañana,viernes,distrito 2,4.1,2.0,8.0,18/01/2025
residentes,"2,91 €",24.0,32.0,6.0,22.0,sí,0.665607459363604,5763.0,mañana,jueves,distrito 1,2.8,1.0,3.0,13/01/2025
rotacion media,"2,29 €",53.0,11.0,5.0,32.0,sí,0.7874659084676354,3638.0,mediodía,lunes,distrito 7,5.2,4.0,8.0,08/05/2025
rotación media,"1,11 €",28.0,18.0,7.0,63.0,no,1.2773140350636534,4409.0,mediodía,miércoles,distrito 2,2.4,4.0,2.0,21/09/2025
residentes,"1,32 €",59.0,35.0,4.0,12.0,sí,1.4080660725131373,5187.0,tarde,martes,distrito 1,4.3,4.0,6.0,28/07/2025
alta rotacion,"2,21 €",32.0,57.0,12.0,20.0,sí,1.1517426086385827,7934.0,tarde,viernes,distrito 7,4.2,3.0,2.0,20/04/2025
rotación media,"2,79 €",25.0,5.0,12.0,125.0,sí,0.8934606079332322,6208.0,mañana,jueves,distrito 5,2.1,6.0,8.0,12/06/2025
rotacion media,"1,96 €",14.0,12.0,0.0,166.0,no,0.7918395232319857,6247.0,tarde,jueves,distrito 3,5.4,6.0,8.0,24/03/2025
ALTA ROTACIÓN,"3,18 €",10.0,28.0,1.0,13.0,no,0.6911716076582985,5858.0,mañana,martes,distrito 6,5.1,0.0,0.0,03/04/2025
rotación media,"3,11 €",25.0,14.0,0.0,315.0,no,0.28865823320628026,4026.0,mañana,jueves,distrito 3,4.3,6.0,6.0,25/08/2025
  alta rotación ,"1,61 €",56.0,24.0,3.0,18.0,no,1.6295161793599873,10280.0,mediodía,miércoles,distrito 2,3.5,6.0,2.0,11/08/2025
alta rotación,"2,40 €",44.0,22.0,0.0,76.0,no,1.0236545380584843,10992.0,mediodía,viernes,distrito 9,3.8,6.0,5.0,22/09/2025
rotación media,"1,98 €",31.0,2.0,3.0,112.0,no,0.42064225139937444,5831.0,mañana,miércoles,distrito 9,2.7,5.0,1.0,28/03/2025
rotación media,"1,42 €",35.0,27.0,5.0,20.0,no,1.389857443613687,11629.0,mediodía,viernes,distrito 5,4.5,5.0,5.0,28/04/2025
larga estancia,"2,17 €",32.0,27.0,0.0,163.0,no,0.6461150498961452,25291.0,mediodía,viernes,distrito 6,1.2,5.0,3.0,23/03/2025
residentes,"1,93 €",43.0,14.0,10.0,17.0,sí,1.2251412472099665,12881.0,mañana,martes,distrito 5,3.4,5.0,6.0,05/09/2025
rotación media,"2,30 €",22.0,16.0,2.0,37.0,no,1.1630682042174616,18143.0,mañana,sábado,distrito 4,3.0,3.0,8.0,03/07/2025
alta rotacion,"2,57 €",40.0,12.0,12.0,269.0,sí,0.8787507760643616,32452.0,mañana,lunes,distrito 2,3.3,6.0,6.0,29/08/2025
rotación media,"1,57 €",59.0,23.0,1.0,21.0,sí,1.1800450088823908,6098.0,mediodía,martes,distrito 5,-99.0,1.0,8.0,11/07/2025
rotación media,"3,09 €",38.0,5.0,1.0,62.0,sí,0.5270107117235872,10788.0,mañana,lunes,distrito 9,3.9,4.0,1.0,01/04/2025
alta rotación,"2,93 €",41.0,16.0,3.0,23.0,sí,0.714702654726845,3374.0,tarde,miércoles,distrito 1,2.6,1.0,8.0,29/08/2025
alta rotación,"0,96 €",12.0,19.0,13.0,80.0,sí,1.3228068371114767,12548.0,mañana,miércoles,distrito 10,4.9,2.0,3.0,23/06/2025
rotación media,"2,39 €",9.0,15.0,9.0,33.0,sí,1.205010609594824,4298.0,mediodía,viernes,distrito 4,3.5,4.0,2.0,20/02/2025
larga estancia,"1,25 €",14.0,3.0,2.0,62.0,no,0.6000924119051583,9784.0,mañana,sábado,distrito 6,5.7,3.0,2.0,26/06/2025
alta rotación,"2,28 €",11.0,16.0,7.0,93.0,no,0.8691221224945063,15196.0,mañana,martes,distrito 7,2.1,3.0,2.0,20/09/2025
ROTACIÓN MEDIA,"3,59 €",46.0,22.0,1.0,55.0,no,0.4200989471554878,8600.0,mañana,martes,distrito 8,2.2,3.0,8.0,21/01/2025
rotación media,"3,25 €",42.0,6.0,5.0,110.0,sí,0.06780497541389202,5701.0,tarde,lunes,distrito 1,0.8,6.0,7.0,29/05/2025
rotación media,"0,69 €",14.0,29.0,3.0,89.0,sí,1.4743966274374762,9982.0,tarde,sábado,distrito 6,2.5,4.0,7.0,31/07/2025
larga estancia,"1,84 €",19.0,33.0,8.0,91.0,no,1.1237925660160617,33069.0,mediodía,viernes,distrito 3,3.2,1.0,0.0,22/08/2025
residentes,"2,67 €",49.0,10.0,28.0,61.0,no,0.9914564469282244,9414.0,tarde,martes,distrito 9,1.5,2.0,4.0,06/08/2025
alta rotación,"1,22 €",13.0,15.0,3.0,61.0,sí,1.1470962601499082,18027.0,mediodía,miércoles,distrito 8,2.4,6.0,0.0,11/10/2025
larga estancia,"2,73 €",7.0,31.0,0.0,142.0,sí,0.7929623051751884,10735.0,tarde,lunes,distrito 8,1.7,6.0,6.0,30/04/2025
residentes,"0,92 €",43.0,35.0,3.0,97.0,sí,1.2034490752487519,13560.0,tarde,sábado,distrito 8,2.8,0.0,5.0,29/09/2025
residentes,"1,18 €",44.0,29.0,9.0,25.0,sí,1.7340876020644211,8176.0,mañana,viernes,distrito 1,1.1,4.0,6.0,20/10/2025
  larga estancia ,"2,32 €",57.0,36.0,1.0,68.0,sí,0.7701322498463551,7847.0,mañana,jueves,distrito 9,3.5,0.0,7.0,14/02/2025
alta rotación,"1,33 €",10.0,7.0,5.0,7.0,sí,1.1279921953474619,20726.0,mañana,lunes,distrito 5,2.8,1.0,4.0,02/11/2025
residentes,"1,81 €",41.0,4.0,6.0,56.0,sí,1.045156961376936,14704.0,tarde,viernes,distrito 9,7.1,3.0,8.0,21/09/2025
ROTACIÓN MEDIA,"1,57 €",45.0,28.0,12.0,69.0,sí,1.0895379518706814,11750.0,tarde,miércoles,distrito 2,3.3,2.0,6.0,18/09/2025
alta rotación,"2,55 €",6.0,7.0,23.0,137.0,sí,0.8703283508585699,6618.0,mediodía,lunes,distrito 8,1.8,5.0,5.0,06/03/2025
larga estancia,"1,52 €",53.0,34.0,17.0,85.0,sí,1.3386776408071746,18914.0,tarde,viernes,distrito 10,3.2,1.0,6.0,22/01/2025
residentes,"1,66 €",49.0,9.0,0.0,14.0,sí,0.8420398658810178,4701.0,mediodía,sábado,distrito 9,2.7,4.0,7.0,29/08/2025
ALTA ROTACIÓN,"0,50 €",31.0,37.0,1.0,33.0,no,1.842184043297003,41272.0,tarde,jueves,distrito 2,3.1,0.0,1.0,24/09/2025
rotación media,"1,95 €",11.0,19.0,31.0,89.0,sí,1.073589048871102,7261.0,mediodía,martes,distrito 1,2.1,6.0,7.0,20/03/2025
residentes,"3,08 €",29.0,6.0,34.0,55.0,no,0.1763846885098148,4758.0,mañana,jueves,distrito 5,-99.0,2.0,0.0,09/07/2025
  alta rotación ,"2,27 €",19.0,29.0,21.0,46.0,sí,1.2769975525012751,6370.0,tarde,sábado,distrito 10,2.5,5.0,6.0,07/03/2025
rotación media,"1,50 €",31.0,12.0,20.0,110.0,no,1.3303404203008313,3942.0,mañana,viernes,distrito 6,2.5,1.0,1.0,01/09/2025
residentes,"2,30 €",47.0,4.0,3.0,43.0,sí,0.7399549590800845,10334.0,mañana,miércoles,distrito 6,2.4,0.0,2.0,10/03/2025
  rotación media ,"1,89 €",16.0,28.0,5.0,24.0,no,1.305582083787025,6604.0,mediodía,viernes,distrito 6,4.1,4.0,0.0,13/04/2025
alta rotación,"1,51 €",25.0,19.0,12.0,7.0,sí,1.2995250306708055,8609.0,mañana,miércoles,distrito 1,3.2,5.0,1.0,11/01/2025
larga estancia,"1,60 €",41.0,13.0,5.0,183.0,sí,0.666594689989281,4682.0,mañana,martes,distrito 6,3.6,2.0,1.0,04/06/2025
rotación media,"2,05 €",60.0,4.0,7.0,89.0,sí,0.7764598151515061,8676.0,mediodía,sábado,distrito 10,3.6,2.0,4.0,22/08/2025
  rotación media ,"2,03 €",37.0,19.0,1.0,31.0,sí,0.5907531111627683,7761.0,mediodía,viernes,distrito 4,-99.0,2.0,8.0,25/10/2025
rotación media,"2,57 €",43.0,27.0,17.0,57.0,no,1.4089702064904517,8297.0,mediodía,sábado,distrito 2,-99.0,6.0,0.0,04/05/2025
alta rotación,"3,54 €",17.0,50.0,13.0,11.0,sí,1.0148907040763204,7664.0,mediodía,miércoles,distrito 2,2.7,2.0,7.0,09/09/2025
  residentes ,"1,95 €",52.0,34.0,11.0,25.0,sí,1.3902410579259588,6123.0,tarde,lunes,distrito 5,2.5,4.0,7.0,01/08/2025
  rotación media ,"1,22 €",24.0,4.0,6.0,23.0,sí,0.8703314116532401,8419.0,tarde,sábado,distrito 5,3.4,6.0,7.0,13/09/2025
residentes,"2,63 €",56.0,41.0,0.0,140.0,sí,0.7068565817830044,9058.0,tarde,jueves,distrito 8,3.7,6.0,7.0,22/03/2025
alta rotación,"2,38 €",59.0,38.0,19.0,32.0,no,1.458373079196269,4434.0,mediodía,viernes,distrito 10,3.3,0.0,6.0,29/04/2025
larga estancia,"2,38 €",13.0,21.0,8.0,81.0,no,1.0107943289068428,13449.0,mediodía,viernes,distrito 6,1.3,3.0,2.0,25/05/2025
larga estancia,"1,16 €",43.0,13.0,22.0,60.0,no,1.3614433617832542,5003.0,mañana,viernes,distrito 10,4.9,0.0,8.0,10/09/2025
residentes,"3,53 €",9.0,53.0,2.0,35.0,sí,0.6954674320000924,3316.0,mañana,lunes,distrito 5,4.6,4.0,3.0,28/06/2025
ROTACIÓN MEDIA,"4,25 €",24.0,29.0,12.0,0.0,sí,1.0419367031798945,6291.0,mañana,viernes,distrito 9,3.7,4.0,2.0,21/02/2025
rotación media,"1,37 €",25.0,9.0,16.0,114.0,sí,1.2193123479874608,5290.0,tarde,miércoles,distrito 6,2.1,4.0,7.0,22/03/2025
alta rotación,"1,19 €",20.0,18.0,6.0,71.0,sí,1.5305351768767825,15969.0,mañana,sábado,distrito 6,3.9,4.0,2.0,16/10/2025
RESIDENTES,"2,17 €",46.0,36.0,6.0,4.0,no,1.103884128854059,7268.0,tarde,viernes,distrito 7,4.9,3.0,3.0,09/01/2025
ROTACIÓN MEDIA,"3,10 €",12.0,15.0,5.0,40.0,sí,0.8655490726291029,7498.0,mediodía,jueves,distrito 11,2.4,5.0,2.0,10/03/2025
residentes,"2,50 €",8.0,5.0,6.0,86.0,no,0.6098858384353312,4117.0,mañana,jueves,distrito 4,3.4,2.0,8.0,07/06/2025
residentes,"1,85 €",41.0,96.0,5.0,73.0,sí,1.5256300943056955,35098.0,mañana,sábado,distrito 5,1.9,3.0,1.0,03/02/2025
residentes,"2,09 €",23.0,13.0,5.0,146.0,sí,0.8314950488482608,7741.0,tarde,viernes,distrito 9,4.2,3.0,8.0,12/10/2025
larga estancia,"2,81 €",42.0,24.0,3.0,81.0,sí,0.865737448858475,10379.0,tarde,martes,distrito 8,2.9,2.0,1.0,28/04/2025
larga estancia,"2,39 €",31.0,25.0,10.0,61.0,sí,0.6562619538341607,12879.0,tarde,miércoles,distrito 8,0.8,2.0,7.0,21/04/2025
alta rotación,"2,70 €",16.0,18.0,13.0,55.0,sí,1.155194906361038,6592.0,mañana,lunes,distrito 1,3.5,0.0,3.0,19/07/2025
alta rotación,"2,51 €",27.0,27.0,10.0,8.0,sí,1.025379367400112,7901.0,mañana,sábado,distrito 1,5.2,0.0,2.0,04/09/2025
alta rotación,"2,14 €",48.0,2.0,4.0,12.0,sí,0.3862069579005377,5195.0,mañana,viernes,distrito 8,3.8,0.0,6.0,03/07/2025
alta rotación,"2,16 €",39.0,21.0,14.0,22.0,sí,1.0346524993562618,9017.0,mañana,martes,distrito 3,2.8,4.0,0.0,27/06/2025
rotación media,"1,89 €",53.0,16.0,12.0,51.0,sí,0.9983193132883578,11532.0,mediodía,jueves,distrito 5,1.3,2.0,0.0,22/01/2025
alta rotacion,"2,53 €",9.0,8.0,4.0,45.0,no,0.5343707895543518,6234.0,mañana,sábado,distrito 10,1.3,6.0,7.0,24/02/2025
residentes,"1,75 €",42.0,30.0,5.0,50.0,sí,1.1268444984370107,12481.0,mañana,miércoles,distrito 9,3.1,1.0,1.0,19/02/2025
rotación media,"1,63 €",21.0,10.0,1.0,9.0,no,1.0683919050147963,3526.0,mañana,viernes,distrito 11,1.4,5.0,2.0,08/07/2025
larga estancia,"0,86 €",14.0,19.0,14.0,27.0,no,1.70629201897902,5172.0,mediodía,martes,distrito 4,5.2,5.0,7.0,12/08/2025
ROTACIÓN MEDIA,"2,91 €",41.0,29.0,46.0,46.0,sí,1.0444243582685602,7702.0,tarde,viernes,distrito 5,2.5,6.0,1.0,16/09/2025
residentes,"3,05 €",27.0,31.0,12.0,58.0,sí,1.1413443827195056,17881.0,mediodía,lunes,distrito 4,-99.0,1.0,6.0,06/04/2025
alta rotación,"2,07 €",39.0,43.0,3.0,116.0,sí,1.3245420984558025,9607.0,mañana,jueves,distrito 3,3.4,4.0,3.0,05/04/2025
larga estancia,"1,69 €",9.0,15.0,2.0,209.0,no,1.1172226061690658,10128.0,tarde,viernes,distrito 5,5.3,6.0,6.0,19/08/2025
rotación media,"2,66 €",25.0,37.0,9.0,47.0,no,0.759574930248765,11275.0,mediodía,sábado,distrito 11,3.1,1.0,0.0,12/03/2025
rotación media,"2,92 €",50.0,24.0,6.0,21.0,sí,0.868454515726494,15439.0,tarde,martes,distrito 1,1.5,2.0,0.0,08/06/2025
rotación media,"1,33 €",23.0,2.0,6.0,102.0,sí,0.6531828256235157,16192.0,mañana,jueves,distrito 7,4.5,5.0,7.0,31/05/2025
alta rotación,"2,64 €",22.0,48.0,18.0,110.0,sí,1.1351882569634981,4178.0,mañana,martes,distrito 11,2.0,6.0,5.0,21/02/2025
residentes,"1,47 €",16.0,27.0,45.0,27.0,no,1.5147378758698007,3121.0,mañana,lunes,distrito 5,0.8,4.0,2.0,05/09/2025
larga estancia,"1,63 €",49.0,14.0,1.0,51.0,no,1.4861905500195758,17623.0,mediodía,jueves,distrito 10,4.8,4.0,8.0,02/04/2025
rotacion media,"0,85 €",45.0,7.0,7.0,115.0,sí,0.9678907005167374,3349.0,mediodía,jueves,distrito 3,5.9,3.0,3.0,30/10/2025
rotación media,"1,81 €",27.0,24.0,0.0,32.0,no,1.4689854450472226,5783.0,tarde,martes,distrito 9,-99.0,1.0,7.0,13/01/2025
residentes,"2,25 €",49.0,31.0,49.0,61.0,sí,1.5421322559386799,16509.0,mediodía,martes,distrito 3,2.7,3.0,0.0,17/01/2025
rotación media,"3,42 €",43.0,2.0,5.0,14.0,sí,0.12423925623675336,11520.0,mediodía,jueves,distrito 7,3.4,1.0,1.0,15/04/2025
ROTACIÓN MEDIA,"1,28 €",7.0,19.0,34.0,24.0,sí,1.5345020599845658,8943.0,tarde,lunes,distrito 3,2.2,2.0,6.0,07/06/2025
rotación media,"2,89 €",24.0,5.0,26.0,88.0,no,0.8683657934475455,5616.0,mañana,viernes,distrito 4,4.8,0.0,2.0,25/02/2025
residentes,"1,51 €",16.0,33.0,5.0,53.0,no,1.7385631873904086,6333.0,mañana,martes,distrito 6,1.6,5.0,4.0,21/04/2025
rotación media,"2,71 €",35.0,23.0,0.0,22.0,sí,0.8258136209683868,4458.0,tarde,jueves,distrito 7,4.0,3.0,3.0,08/01/2025
  alta rotación ,"1,91 €",19.0,8.0,1.0,49.0,sí,0.9624734198953163,10054.0,tarde,viernes,distrito 8,6.0,3.0,5.0,10/08/2025
rotación media,"1,92 €",26.0,27.0,12.0,83.0,sí,1.1848712862626642,5331.0,mediodía,miércoles,distrito 9,0.8,3.0,7.0,08/05/2025
LARGA ESTANCIA,"1,51 €",45.0,27.0,5.0,15.0,no,1.178983318712843,4709.0,tarde,lunes,distrito 11,3.4,3.0,0.0,16/03/2025
larga estancia,"3,50 €",46.0,5.0,26.0,87.0,no,0.7032182662338252,8303.0,tarde,sábado,distrito 11,4.1,5.0,4.0,10/02/2025
residentes,"1,55 €",43.0,19.0,18.0,22.0,sí,1.4340493614667793,8681.0,tarde,miércoles,distrito 1,3.1,6.0,4.0,06/05/2025
residentes,"3,16 €",8.0,11.0,7.0,77.0,sí,0.8960645601821772,9663.0,mañana,lunes,distrito 11,4.8,1.0,0.0,04/07/2025
RESIDENTES,"1,95 €",27.0,67.0,17.0,154.0,no,1.7915490131278489,3231.0,mañana,viernes,distrito 11,0.8,4.0,2.0,23/04/2025
residentes,"1,86 €",19.0,13.0,21.0,60.0,sí,1.1823326145649757,7395.0,tarde,jueves,distrito 7,5.1,5.0,3.0,19/09/2025
alta rotación,"1,42 €",8.0,6.0,21.0,64.0,sí,1.1912917456686594,4027.0,mediodía,sábado,distrito 5,3.0,1.0,1.0,02/06/2025
  alta rotación ,"2,00 €",22.0,43.0,4.0,25.0,no,1.0847779820997911,12768.0,tarde,lunes,distrito 3,0.9,2.0,5.0,31/08/2025
  residentes ,"1,54 €",14.0,6.0,11.0,28.0,no,1.4051829044264044,11170.0,mediodía,miércoles,distrito 7,5.4,6.0,3.0,25/06/2025
residentes,"1,45 €",48.0,8.0,3.0,95.0,sí,0.9374405058417492,20493.0,mediodía,martes,distrito 5,4.6,3.0,6.0,22/08/2025
residentes,"1,87 €",18.0,42.0,2.0,76.0,sí,1.1278553228317718,3783.0,mañana,martes,distrito 2,0.8,3.0,7.0,25/04/2025
ALTA ROTACIÓN,"2,35 €",49.0,6.0,26.0,61.0,sí,0.701588355631149,7103.0,mediodía,martes,distrito 2,4.3,5.0,8.0,15/03/2025
residentes,"2,12 €",46.0,15.0,9.0,103.0,sí,0.9346850815900682,7865.0,mediodía,sábado,distrito 1,-99.0,5.0,5.0,16/05/2025
alta rotación,"2,68 €",59.0,11.0,7.0,33.0,sí,1.0491893381083213,24208.0,mediodía,jueves,distrito 10,-99.0,4.0,8.0,24/05/2025
residentes,"2,74 €",49.0,24.0,9.0,47.0,sí,0.9935292937481311,4846.0,mediodía,sábado,distrito 2,1.6,4.0,4.0,29/09/2025
  alta rotación ,"2,88 €",49.0,33.0,3.0,33.0,no,0.6595979419209914,13284.0,tarde,martes,distrito 3,2.3,2.0,6.0,23/07/2025
ALTA ROTACIÓN,"2,55 €",9.0,31.0,13.0,14.0,sí,1.344588595467285,22931.0,tarde,viernes,distrito 4,2.3,1.0,3.0,30/01/2025
residentes,"1,69 €",18.0,58.0,14.0,11.0,sí,1.3631225455890288,5673.0,tarde,sábado,distrito 5,2.4,0.0,8.0,15/10/2025
rotación media,"2,77 €",43.0,52.0,1.0,23.0,sí,0.7677424248137882,1336.0,mediodía,martes,distrito 7,3.5,1.0,8.0,06/06/2025
rotación media,"1,46 €",10.0,7.0,8.0,40.0,sí,0.7383470434160805,9314.0,mañana,jueves,distrito 11,6.1,1.0,6.0,11/07/2025
rotación media,"1,47 €",53.0,4.0,0.0,87.0,no,0.8062249955197178,9121.0,mediodía,miércoles,distrito 1,1.6,2.0,8.0,22/06/2025
alta rotación,"3,60 €",42.0,1.0,0.0,58.0,sí,-0.19292396886559993,11708.0,tarde,viernes,distrito 10,4.7,4.0,4.0,18/05/2025
alta rotacion,"2,13 €",44.0,21.0,5.0,29.0,no,0.9725059103106568,10146.0,mediodía,sábado,distrito 2,3.3,5.0,3.0,16/01/2025
rotación media,"1,57 €",46.0,11.0,7.0,34.0,sí,1.2326930078745435,11484.0,mediodía,viernes,distrito 2,4.7,3.0,8.0,10/09/2025
ROTACIÓN MEDIA,"2,63 €",17.0,22.0,4.0,59.0,no,0.8341298246345455,8664.0,tarde,jueves,distrito 5,4.1,4.0,3.0,21/03/2025
rotación media,"0,79 €",13.0,14.0,0.0,241.0,sí,0.9348089906713021,8027.0,mediodía,jueves,distrito 10,2.5,1.0,6.0,22/01/2025
rotación media,"1,85 €",22.0,23.0,9.0,41.0,no,1.5270885847961884,9833.0,mediodía,viernes,distrito 4,1.4,0.0,2.0,11/03/2025
ROTACIÓN MEDIA,"1,99 €",22.0,17.0,25.0,73.0,sí,0.8978198073044243,7459.0,mediodía,viernes,distrito 10,2.9,4.0,0.0,09/06/2025
  residentes ,"3,23 €",8.0,5.0,3.0,69.0,sí,0.5730962159454593,3690.0,mañana,jueves,distrito 10,3.7,2.0,2.0,08/09/2025
  larga estancia ,"2,21 €",43.0,19.0,0.0,130.0,sí,0.5459360993094847,3769.0,mañana,jueves,distrito 2,2.5,1.0,7.0,07/04/2025
rotación media,"1,07 €",6.0,7.0,6.0,46.0,sí,0.8782093645768412,26761.0,tarde,miércoles,distrito 8,-99.0,1.0,7.0,09/09/2025
rotación media,"2,31 €",18.0,42.0,2.0,28.0,no,1.1615339331361978,19313.0,mañana,jueves,distrito 8,6.4,5.0,6.0,06/05/2025
rotación media,"1,91 €",38.0,25.0,0.0,9.0,no,1.0617965526904534,17423.0,tarde,miércoles,distrito 9,1.7,1.0,0.0,15/07/2025
ALTA ROTACIÓN,"1,81 €",32.0,36.0,9.0,51.0,sí,1.2205632279063572,6651.0,mediodía,sábado,distrito 8,2.0,5.0,6.0,22/01/2025
alta rotación,"0,79 €",6.0,41.0,3.0,81.0,sí,1.4321769368575208,13744.0,mañana,miércoles,distrito 9,4.0,4.0,7.0,09/10/2025
alta rotación,"1,47 €",44.0,47.0,2.0,7.0,sí,2.0974646789858684,7920.0,mediodía,jueves,distrito 9,3.6,2.0,6.0,10/03/2025
residentes,"2,26 €",55.0,0.0,4.0,70.0,sí,-0.007530302589828453,7108.0,tarde,sábado,distrito 4,3.3,1.0,8.0,15/01/2025
rotación media,"1,64 €",37.0,26.0,8.0,141.0,no,0.7778526548133556,3798.0,tarde,martes,distrito 9,3.9,4.0,6.0,02/04/2025
rotación media,"2,16 €",50.0,29.0,19.0,29.0,sí,0.9145453125501724,8406.0,mañana,lunes,distrito 2,2.9,5.0,5.0,06/10/2025
ROTACIÓN MEDIA,"3,09 €",44.0,37.0,7.0,69.0,sí,0.9139997639484531,14816.0,tarde,sábado,distrito 1,1.5,6.0,6.0,06/08/2025
  larga estancia ,"1,87 €",30.0,30.0,6.0,22.0,no,1.3728555676528378,41399.0,tarde,miércoles,distrito 11,-99.0,3.0,2.0,04/09/2025
residentes,"2,01 €",12.0,29.0,7.0,42.0,sí,0.9135812274090341,5843.0,mediodía,sábado,distrito 2,3.3,1.0,7.0,12/02/2025
residentes,"0,79 €",57.0,22.0,12.0,128.0,sí,1.3068847409486661,5110.0,tarde,viernes,distrito 5,4.6,6.0,7.0,30/07/2025
alta rotación,"1,35 €",31.0,10.0,0.0,71.0,sí,0.8186407338437763,13690.0,mañana,jueves,distrito 11,2.3,2.0,6.0,18/08/2025
  rotación media ,"2,05 €",32.0,41.0,6.0,141.0,sí,1.2530577531205878,12729.0,mediodía,viernes,distrito 8,4.1,4.0,4.0,30/10/2025
larga estancia,"3,09 €",27.0,12.0,5.0,185.0,no,0.4047481903664958,9041.0,mañana,jueves,distrito 11,2.5,3.0,4.0,23/07/2025
rotación media,"2,53 €",35.0,9.0,8.0,79.0,sí,0.8267449564410376,19107.0,tarde,jueves,distrito 9,6.2,4.0,8.0,27/02/2025
larga estancia,"2,00 €",7.0,20.0,5.0,11.0,sí,1.042056809898955,20717.0,mediodía,lunes,distrito 8,2.4,1.0,2.0,13/07/2025
alta rotacion,"2,56 €",55.0,38.0,33.0,130.0,sí,1.1333880886533791,4105.0,mañana,martes,distrito 1,1.2,6.0,7.0,08/09/2025
alta rotación,"3,15 €",50.0,14.0,7.0,29.0,sí,0.6101715835251206,5037.0,mañana,jueves,distrito 1,2.8,2.0,1.0,18/10/2025
larga estancia,"2,09 €",54.0,20.0,0.0,43.0,sí,0.5605058450309734,18764.0,mañana,jueves,distrito 6,3.5,2.0,7.0,19/06/2025
larga estancia,"1,99 €",34.0,9.0,12.0,65.0,sí,0.6689216275881873,10491.0,mediodía,viernes,distrito 9,3.9,6.0,6.0,05/09/2025
rotación media,"2,68 €",35.0,99.0,10.0,145.0,sí,1.3399749777388865,9572.0,tarde,miércoles,distrito 7,4.0,1.0,3.0,01/06/2025
residentes,"1,59 €",37.0,18.0,21.0,117.0,no,1.7352000193389672,11693.0,tarde,jueves,distrito 3,2.2,4.0,5.0,07/02/2025
residentes,"2,97 €",7.0,15.0,4.0,70.0,sí,0.6576894466574355,10603.0,mañana,jueves,distrito 4,4.2,5.0,5.0,01/06/2025
rotación media,"2,44 €",39.0,31.0,15.0,101.0,sí,1.1114976393668723,6688.0,tarde,jueves,distrito 8,0.8,3.0,5.0,14/01/2025
alta rotación,"2,41 €",18.0,42.0,0.0,74.0,sí,0.6246020609751347,12658.0,mediodía,martes,distrito 9,3.3,5.0,2.0,21/05/2025
alta rotación,"2,19 €",7.0,10.0,1.0,17.0,no,0.9504821127932127,18908.0,mañana,miércoles,distrito 5,1.0,4.0,1.0,27/08/2025
alta rotación,"1,59 €",27.0,5.0,13.0,83.0,sí,1.3745448041203623,12671.0,tarde,viernes,distrito 6,3.3,4.0,0.0,03/06/2025
alta rotación,"1,97 €",51.0,42.0,6.0,40.0,sí,1.238900859843395,7152.0,mañana,jueves,distrito 8,3.7,4.0,3.0,26/06/2025
ALTA ROTACIÓN,"1,58 €",42.0,34.0,4.0,40.0,sí,1.2661374697006593,8268.0,mediodía,jueves,distrito 10,1.9,5.0,2.0,28/07/2025
alta rotación,"2,78 €",43.0,13.0,3.0,27.0,no,0.9248949685100797,7998.0,mediodía,sábado,distrito 3,1.3,5.0,4.0,14/02/2025
LARGA ESTANCIA,"0,50 €",20.0,9.0,11.0,104.0,sí,1.4292331660147168,44082.0,mediodía,jueves,distrito 8,3.2,4.0,5.0,24/06/2025
alta rotación,"1,58 €",28.0,30.0,4.0,72.0,no,1.0327363407248638,9483.0,mediodía,miércoles,distrito 8,2.4,3.0,7.0,28/08/2025
rotación media,"2,82 €",7.0,32.0,17.0,113.0,sí,1.0253532155703808,8051.0,mañana,sábado,distrito 1,4.0,5.0,0.0,08/07/2025
larga estancia,"2,75 €",45.0,10.0,5.0,60.0,sí,0.6031848339436007,12338.0,mañana,sábado,distrito 8,3.2,2.0,6.0,28/05/2025
alta rotación,"2,81 €",30.0,53.0,6.0,45.0,no,0.9420459608857221,6744.0,mañana,lunes,distrito 6,2.2,0.0,3.0,26/01/2025
larga estancia,"1,39 €",39.0,24.0,7.0,54.0,sí,1.1605017801607047,2575.0,mediodía,sábado,distrito 7,2.5,4.0,0.0,11/01/2025
larga estancia,"2,09 €",19.0,8.0,3.0,46.0,no,1.136633005129937,6144.0,mediodía,jueves,distrito 11,2.0,4.0,5.0,19/01/2025
  residentes ,"2,69 €",51.0,20.0,7.0,22.0,no,1.1426338082348069,3413.0,mañana,miércoles,distrito 3,1.8,1.0,3.0,01/02/2025
rotación media,"2,65 €",23.0,46.0,5.0,101.0,sí,0.9990932006812537,15235.0,mediodía,jueves,distrito 3,-99.0,3.0,4.0,22/08/2025
residentes,"3,78 €",53.0,12.0,10.0,97.0,sí,0.8664036390316451,6611.0,tarde,sábado,distrito 3,3.0,3.0,8.0,02/06/2025
alta rotación,"2,91 €",51.0,16.0,0.0,136.0,no,0.6691056898448469,14676.0,mañana,miércoles,distrito 9,5.5,0.0,4.0,21/09/2025
alta rotación,"0,88 €",35.0,15.0,1.0,87.0,sí,1.2480557824104752,3771.0,tarde,sábado,distrito 2,3.4,1.0,4.0,15/06/2025
rotación media,"1,58 €",43.0,19.0,24.0,141.0,no,1.3086763026039705,7266.0,tarde,martes,distrito 9,5.7,3.0,5.0,11/02/2025
  rotación media ,"1,28 €",35.0,6.0,8.0,16.0,sí,1.090462955476252,6488.0,mediodía,lunes,distrito 7,2.5,2.0,4.0,17/02/2025
rotación media,"2,02 €",26.0,9.0,2.0,22.0,sí,0.4998480453131235,12594.0,tarde,miércoles,distrito 2,5.5,4.0,2.0,18/03/2025
rotación media,"3,55 €",26.0,9.0,8.0,40.0,sí,0.5897653404323157,5820.0,mediodía,martes,distrito 9,4.2,2.0,5.0,28/02/2025
residentes,"1,84 €",6.0,5.0,3.0,33.0,sí,0.9408976789261141,22205.0,tarde,viernes,distrito 9,3.3,2.0,8.0,11/08/2025
rotación media,"3,24 €",46.0,37.0,14.0,12.0,sí,1.0715796601383376,41513.0,mañana,jueves,distrito 10,5.3,2.0,2.0,28/07/2025
RESIDENTES,"2,13 €",23.0,8.0,9.0,72.0,sí,0.7868647018604716,17625.0,tarde,jueves,distrito 4,0.8,2.0,2.0,28/07/2025
rotación media,"0,80 €",23.0,33.0,14.0,13.0,sí,1.8551372601945928,2906.0,mediodía,viernes,distrito 11,3.9,1.0,6.0,22/04/2025
larga estancia,"2,05 €",54.0,73.0,4.0,91.0,no,1.2461371139215067,12429.0,mañana,sábado,distrito 2,1.4,3.0,8.0,02/06/2025
rotación media,"3,61 €",18.0,14.0,16.0,129.0,sí,0.8860051088034109,19047.0,tarde,jueves,distrito 11,-99.0,4.0,4.0,14/08/2025
rotación media,"1,50 €",21.0,2.0,23.0,104.0,no,0.8453258163172916,5108.0,tarde,miércoles,distrito 10,2.9,6.0,2.0,16/09/2025
larga estancia,"1,35 €",19.0,7.0,12.0,56.0,no,1.4788932669984878,8348.0,tarde,viernes,distrito 3,2.2,2.0,4.0,04/05/2025
rotación media,"1,60 €",10.0,39.0,3.0,29.0,sí,1.3872704166785308,7637.0,tarde,martes,distrito 8,1.8,6.0,0.0,16/07/2025
rotación media,"1,96 €",35.0,13.0,0.0,45.0,no,1.1049512515160886,9461.0,mediodía,lunes,distrito 3,4.4,3.0,8.0,03/10/2025
rotación media,"2,34 €",54.0,33.0,0.0,82.0,sí,0.712992037500206,12983.0,mediodía,miércoles,distrito 9,6.4,2.0,6.0,02/07/2025
alta rotación,"2,18 €",9.0,6.0,10.0,253.0,no,0.756929471317181,4271.0,mañana,lunes,distrito 7,4.5,4.0,0.0,22/04/2025
residentes,"1,63 €",18.0,17.0,5.0,132.0,sí,1.018797010345872,7048.0,mañana,sábado,distrito 10,5.4,1.0,8.0,13/04/2025
residentes,"1,42 €",25.0,7.0,12.0,15.0,no,1.2567782935114133,12338.0,mediodía,lunes,distrito 6,4.1,0.0,8.0,05/07/2025
alta rotación,"2,50 €",45.0,44.0,2.0,143.0,no,1.0557794785020245,5394.0,tarde,viernes,distrito 8,2.8,2.0,2.0,09/09/2025
rotacion media,"2,81 €",56.0,25.0,14.0,81.0,sí,0.853719941103996,22738.0,tarde,martes,distrito 6,6.0,1.0,2.0,01/04/2025
rotación media,"3,63 €",38.0,9.0,12.0,190.0,sí,0.693291889296016,18287.0,mediodía,martes,distrito 9,-99.0,4.0,6.0,26/06/2025
residentes,"1,61 €",25.0,7.0,14.0,68.0,sí,0.9335365297336108,4885.0,mediodía,viernes,distrito 1,0.8,6.0,6.0,23/08/2025
rotación media,"2,09 €",38.0,4.0,6.0,23.0,sí,0.5119164340088149,22020.0,mañana,jueves,distrito 1,3.3,6.0,0.0,28/03/2025
alta rotación,"1,97 €",37.0,8.0,1.0,89.0,sí,0.7716947334566094,17566.0,mediodía,sábado,distrito 10,0.8,5.0,1.0,14/10/2025
residentes,"3,11 €",16.0,12.0,9.0,62.0,sí,0.600907349130032,7990.0,mañana,lunes,distrito 7,2.4,2.0,1.0,07/03/2025
larga estancia,"2,67 €",18.0,46.0,35.0,14.0,no,1.4644692152496477,20652.0,tarde,viernes,distrito 10,3.1,0.0,5.0,13/06/2025
rotación media,"2,42 €",18.0,19.0,3.0,27.0,no,1.2183666225511067,23449.0,tarde,lunes,distrito 2,4.0,4.0,4.0,01/02/2025
larga estancia,"1,02 €",32.0,17.0,1.0,67.0,sí,0.9837737389848347,6741.0,mañana,jueves,distrito 2,2.7,5.0,4.0,02/08/2025
rotación media,"2,49 €",32.0,33.0,19.0,5.0,no,1.6158824071926259,28538.0,mañana,lunes,distrito 5,3.2,2.0,0.0,27/03/2025
alta rotación,"1,57 €",51.0,7.0,0.0,13.0,sí,0.50911139224595,6714.0,mañana,miércoles,distrito 10,2.0,2.0,2.0,18/05/2025
alta rotación,"2,73 €",59.0,1.0,10.0,39.0,sí,0.17731189610430526,10305.0,tarde,jueves,distrito 11,2.3,1.0,2.0,03/10/2025
alta rotación,"3,12 €",60.0,26.0,18.0,36.0,no,1.091066675896069,2752.0,mañana,martes,distrito 5,1.3,0.0,3.0,30/09/2025
residentes,"0,95 €",54.0,34.0,3.0,66.0,sí,1.489042828548632,18537.0,mediodía,lunes,distrito 6,5.7,1.0,0.0,11/08/2025
alta rotación,"1,85 €",6.0,8.0,0.0,77.0,sí,0.5758108873704801,6165.0,mañana,jueves,distrito 6,3.2,5.0,6.0,05/02/2025
alta rotación,"2,38 €",30.0,2.0,4.0,83.0,sí,0.6777434013131862,3957.0,mediodía,jueves,distrito 4,3.6,0.0,7.0,15/05/2025
residentes,"1,42 €",32.0,10.0,1.0,26.0,sí,0.79475603149942,9050.0,mañana,jueves,distrito 6,2.8,1.0,0.0,03/08/2025
rotacion media,"2,48 €",16.0,24.0,1.0,64.0,sí,1.0468394003293735,13245.0,mañana,martes,distrito 8,3.8,4.0,5.0,10/02/2025
rotación media,"1,93 €",51.0,23.0,18.0,28.0,no,1.4688109475890898,5314.0,tarde,miércoles,distrito 8,4.4,1.0,0.0,14/05/2025
LARGA ESTANCIA,"3,71 €",49.0,10.0,13.0,78.0,sí,0.42049735923878717,14735.0,mañana,lunes,distrito 1,4.2,2.0,0.0,24/02/2025
alta rotación,"2,65 €",13.0,27.0,11.0,100.0,no,1.1105047159665535,9667.0,mediodía,miércoles,distrito 1,4.5,5.0,4.0,04/02/2025
alta rotacion,"0,58 €",20.0,14.0,18.0,58.0,no,1.8690654927924224,13582.0,mañana,sábado,distrito 5,3.3,6.0,8.0,26/08/2025
alta rotación,"3,04 €",51.0,116.0,4.0,33.0,sí,0.8058336985210213,9020.0,mañana,lunes,distrito 4,3.1,3.0,4.0,03/09/2025
  residentes ,"1,48 €",6.0,24.0,0.0,60.0,sí,0.6725584555695532,11779.0,mañana,lunes,distrito 7,0.8,1.0,6.0,28/02/2025
LARGA ESTANCIA,"2,32 €",44.0,21.0,0.0,101.0,no,0.8265268532845245,12689.0,mediodía,lunes,distrito 2,3.8,3.0,6.0,27/01/2025
  rotación media ,"2,86 €",19.0,7.0,9.0,26.0,sí,0.3790854768443289,16089.0,tarde,jueves,distrito 2,2.4,5.0,5.0,03/04/2025
residentes,"0,74 €",20.0,23.0,5.0,62.0,sí,1.602069578506249,13958.0,mediodía,lunes,distrito 11,2.5,0.0,4.0,03/05/2025
larga estancia,"1,11 €",42.0,7.0,5.0,61.0,sí,1.0605820147929172,3166.0,tarde,jueves,distrito 3,4.0,4.0,2.0,27/04/2025
residentes,"2,22 €",27.0,11.0,5.0,20.0,no,1.4255466314717697,7177.0,mañana,martes,distrito 8,3.0,3.0,2.0,20/09/2025
alta rotación,"1,91 €",28.0,13.0,26.0,137.0,sí,1.1369306962121877,3880.0,mañana,martes,distrito 2,5.7,4.0,6.0,08/04/2025
alta rotación,"3,64 €",49.0,19.0,9.0,16.0,sí,0.5238478047399812,14867.0,tarde,viernes,distrito 11,4.3,2.0,8.0,25/05/2025
residentes,"2,53 €",39.0,29.0,1.0,82.0,sí,0.35266745061906823,5109.0,mediodía,miércoles,distrito 10,3.2,4.0,3.0,11/08/2025
ROTACIÓN MEDIA,"1,75 €",7.0,15.0,3.0,40.0,sí,1.2604634284149108,1937.0,tarde,miércoles,distrito 9,1.9,4.0,2.0,27/07/2025
alta rotación,"2,29 €",60.0,28.0,18.0,70.0,sí,1.1972939719588547,9263.0,tarde,martes,distrito 2,1.3,0.0,4.0,12/06/2025
  larga estancia ,"1,26 €",46.0,25.0,15.0,119.0,sí,0.9727819306384671,6703.0,tarde,sábado,distrito 1,2.2,3.0,7.0,14/05/2025
  residentes ,"2,05 €",59.0,23.0,2.0,16.0,sí,1.1373743023866423,7292.0,mediodía,lunes,distrito 5,1.8,2.0,4.0,20/06/2025
  rotación media ,"2,09 €",28.0,17.0,17.0,59.0,sí,1.6001376534258802,3935.0,mediodía,miércoles,distrito 9,3.0,5.0,1.0,04/02/2025
rotación media,"1,82 €",41.0,29.0,1.0,1.0,sí,1.1747439304553948,11317.0,mediodía,miércoles,distrito 9,3.9,0.0,0.0,02/02/2025
rotación media,"2,77 €",48.0,7.0,35.0,48.0,sí,0.9663734819685644,13961.0,mañana,lunes,distrito 4,2.2,3.0,4.0,07/07/2025
LARGA ESTANCIA,"2,64 €",28.0,28.0,15.0,165.0,no,1.1386480187584618,3076.0,tarde,sábado,distrito 11,3.2,2.0,3.0,26/07/2025
alta rotación,"1,86 €",22.0,20.0,19.0,30.0,no,1.7852798473367981,20030.0,mediodía,lunes,distrito 11,3.5,6.0,8.0,14/10/2025
rotación media,"3,15 €",10.0,14.0,3.0,46.0,sí,0.7181897199776386,8198.0,mañana,martes,distrito 8,3.0,5.0,3.0,25/08/2025
larga estancia,"1,83 €",9.0,20.0,8.0,47.0,sí,0.9815379855124382,5746.0,tarde,jueves,distrito 7,4.6,4.0,4.0,29/10/2025
LARGA ESTANCIA,"2,96 €",15.0,16.0,1.0,27.0,no,0.5692573128392032,16249.0,mañana,martes,distrito 1,1.1,6.0,2.0,30/09/2025
alta rotación,"0,77 €",6.0,74.0,19.0,25.0,no,2.0244532797812185,18561.0,mañana,sábado,distrito 6,3.5,5.0,2.0,19/03/2025
rotación media,"3,50 €",37.0,2.0,7.0,47.0,sí,0.5606329664081008,27843.0,tarde,viernes,distrito 4,3.9,3.0,3.0,05/03/2025
  alta rotación ,"1,43 €",59.0,23.0,0.0,57.0,sí,1.0816890068790828,10695.0,mañana,viernes,distrito 8,3.6,0.0,0.0,10/03/2025
alta rotación,"2,27 €",53.0,52.0,8.0,85.0,sí,1.1296373841641125,8108.0,mañana,miércoles,distrito 1,3.9,1.0,0.0,02/07/2025
alta rotación,"2,41 €",46.0,4.0,0.0,34.0,no,0.5862953482017007,2351.0,mañana,sábado,distrito 7,5.1,1.0,2.0,28/07/2025
  rotación media ,"2,03 €",15.0,13.0,12.0,98.0,sí,0.8949171401119462,9711.0,mañana,martes,distrito 1,4.3,6.0,4.0,29/03/2025
residentes,"2,08 €",41.0,0.0,20.0,102.0,sí,0.5135085332869416,3866.0,mañana,lunes,distrito 3,3.3,4.0,5.0,22/08/2025
rotación media,"1,15 €",40.0,21.0,8.0,207.0,sí,1.9567059051615998,6944.0,mañana,miércoles,distrito 4,2.8,5.0,5.0,13/10/2025
  residentes ,"3,86 €",18.0,0.0,3.0,11.0,sí,-0.06960201153540008,9844.0,tarde,jueves,distrito 10,2.4,1.0,1.0,27/01/2025
larga estancia,"3,77 €",33.0,10.0,61.0,45.0,no,0.8803582562154438,3999.0,mañana,viernes,distrito 4,5.8,1.0,7.0,11/04/2025
larga estancia,"2,79 €",40.0,38.0,6.0,71.0,sí,0.7662688572849179,3462.0,tarde,martes,distrito 4,4.1,4.0,3.0,10/08/2025
ROTACIÓN MEDIA,"1,81 €",22.0,12.0,2.0,18.0,sí,0.8310384585719375,6449.0,tarde,miércoles,distrito 2,5.0,1.0,0.0,15/06/2025
residentes,"1,35 €",50.0,73.0,0.0,61.0,no,1.1934603483320547,21533.0,mañana,sábado,distrito 3,3.4,3.0,2.0,02/05/2025
alta rotacion,"2,17 €",8.0,16.0,2.0,60.0,sí,0.9422110735146647,6818.0,mañana,miércoles,distrito 4,2.7,3.0,0.0,22/04/2025
residentes,"2,35 €",58.0,59.0,22.0,157.0,sí,0.9634865945037712,11084.0,mañana,jueves,distrito 11,0.8,5.0,0.0,11/09/2025
larga estancia,"1,82 €",29.0,8.0,23.0,43.0,sí,0.4776100309340193,15953.0,tarde,sábado,distrito 1,2.7,4.0,4.0,02/02/2025
  alta rotación ,"2,28 €",39.0,16.0,1.0,27.0,no,1.099621091814919,4967.0,mañana,miércoles,distrito 3,4.3,0.0,7.0,03/06/2025
larga estancia,"1,84 €",9.0,17.0,32.0,82.0,sí,1.1008302507798762,3789.0,tarde,lunes,distrito 7,5.0,4.0,6.0,17/08/2025
rotación media,"1,56 €",54.0,31.0,6.0,120.0,sí,1.188390544984573,5854.0,tarde,miércoles,distrito 1,4.7,0.0,0.0,05/06/2025
rotación media,"2,16 €",22.0,26.0,14.0,96.0,no,0.8043123594469617,10519.0,tarde,jueves,distrito 4,0.8,0.0,8.0,17/07/2025
alta rotación,"0,99 €",41.0,44.0,0.0,44.0,sí,1.4840967441358168,6557.0,mañana,viernes,distrito 9,3.7,1.0,4.0,13/01/2025
ROTACIÓN MEDIA,"2,74 €",59.0,18.0,3.0,67.0,sí,0.9135974963767853,37815.0,tarde,sábado,distrito 4,4.8,1.0,5.0,01/02/2025
rotación media,"2,76 €",17.0,9.0,1.0,17.0,sí,0.7077927793634977,9359.0,tarde,martes,distrito 9,4.3,4.0,6.0,17/10/2025
RESIDENTES,"1,49 €",48.0,26.0,14.0,84.0,sí,1.3243830602018036,13084.0,mañana,jueves,distrito 9,4.3,5.0,1.0,26/01/2025
alta rotación,"2,85 €",26.0,37.0,12.0,37.0,sí,0.9855332987680757,6903.0,mañana,sábado,distrito 2,3.2,2.0,4.0,16/06/2025
  rotación media ,"3,07 €",41.0,4.0,1.0,59.0,sí,0.12837635318437643,14065.0,mañana,sábado,distrito 3,3.9,0.0,0.0,25/08/2025
residentes,"3,16 €",11.0,28.0,5.0,29.0,no,0.7246477523254512,8621.0,mediodía,lunes,distrito 2,2.4,6.0,6.0,01/07/2025
  rotación media ,"2,00 €",49.0,28.0,3.0,15.0,no,1.2578731081165284,27958.0,mañana,sábado,distrito 5,0.8,3.0,0.0,15/10/2025
rotación media,"1,61 €",37.0,10.0,27.0,64.0,sí,1.6288429861160194,17775.0,tarde,lunes,distrito 9,4.3,1.0,1.0,08/10/2025
residentes,"2,77 €",44.0,56.0,13.0,89.0,sí,1.1371116678535198,13569.0,mediodía,lunes,distrito 9,3.4,3.0,8.0,25/03/2025
rotación media,"2,22 €",14.0,5.0,1.0,83.0,sí,0.47842831780580447,11389.0,mediodía,jueves,distrito 5,4.6,0.0,7.0,14/01/2025
rotación media,"2,44 €",34.0,30.0,0.0,16.0,sí,0.5785403409211042,5530.0,tarde,lunes,distrito 2,2.3,2.0,7.0,02/11/2025
rotacion media,"1,98 €",23.0,19.0,24.0,70.0,no,1.3725718570776388,16944.0,tarde,sábado,distrito 11,3.5,3.0,7.0,24/06/2025
alta rotación,"2,43 €",27.0,14.0,2.0,68.0,sí,0.7980053390902929,7452.0,mediodía,jueves,distrito 3,2.3,3.0,7.0,16/03/2025
residentes,"2,97 €",25.0,27.0,7.0,79.0,sí,0.6946792751882211,16661.0,mediodía,martes,distrito 11,3.1,3.0,6.0,13/05/2025
rotación media,"2,31 €",49.0,35.0,7.0,41.0,no,1.4451427699256034,9480.0,mañana,viernes,distrito 5,3.8,0.0,1.0,06/02/2025
rotación media,"2,88 €",36.0,17.0,20.0,135.0,no,1.2489703551271873,6426.0,mañana,miércoles,distrito 1,5.3,1.0,3.0,17/03/2025
residentes,"2,05 €",51.0,35.0,8.0,119.0,sí,1.0358887416218694,11325.0,mediodía,sábado,distrito 7,1.5,1.0,0.0,12/07/2025
alta rotación,"2,69 €",51.0,30.0,12.0,28.0,sí,1.2377283264789027,7807.0,mañana,sábado,distrito 10,-99.0,5.0,7.0,11/08/2025
larga estancia,"3,00 €",32.0,2.0,2.0,52.0,no,0.2657875760797712,7385.0,mañana,martes,distrito 2,3.7,6.0,8.0,26/02/2025
rotación media,"2,47 €",34.0,23.0,10.0,111.0,sí,1.1147712399288856,9218.0,mañana,lunes,distrito 2,4.9,3.0,8.0,06/08/2025
  residentes ,"3,59 €",58.0,14.0,25.0,184.0,sí,0.8292504395769279,2422.0,mediodía,miércoles,distrito 7,1.1,0.0,3.0,08/05/2025
larga estancia,"2,54 €",40.0,12.0,41.0,57.0,sí,0.613528203511471,7324.0,mediodía,jueves,distrito 3,1.8,3.0,1.0,24/02/2025
residentes,"0,60 €",12.0,14.0,1.0,1.0,sí,1.7005874885911774,19175.0,tarde,viernes,distrito 1,3.7,3.0,4.0,24/03/2025
  rotación media ,"1,81 €",48.0,39.0,2.0,24.0,sí,0.936156324839198,9253.0,mediodía,viernes,distrito 10,3.3,6.0,8.0,17/01/2025
  rotación media ,"1,41 €",50.0,7.0,0.0,51.0,no,0.8425191811984533,10162.0,mediodía,lunes,distrito 11,2.2,0.0,1.0,13/01/2025
rotación media,"2,17 €",56.0,29.0,4.0,163.0,no,1.3278228596144313,22292.0,tarde,miércoles,distrito 11,2.9,2.0,1.0,20/02/2025
alta rotación,"2,25 €",23.0,38.0,4.0,30.0,no,1.4899728147518876,17596.0,mañana,miércoles,distrito 6,3.5,3.0,4.0,16/03/2025
alta rotación,"0,64 €",52.0,26.0,5.0,108.0,sí,1.6589593056129306,11447.0,mañana,miércoles,distrito 8,1.9,6.0,2.0,09/08/2025
residentes,"1,98 €",18.0,27.0,22.0,39.0,sí,1.3436376180503242,3761.0,mediodía,sábado,distrito 5,2.9,2.0,4.0,24/06/2025
rotación media,"2,86 €",11.0,57.0,4.0,34.0,sí,0.9216817810478845,8626.0,mediodía,viernes,distrito 5,2.5,2.0,2.0,12/10/2025
residentes,"3,06 €",50.0,22.0,7.0,256.0,sí,0.7020458360565578,6784.0,tarde,martes,distrito 1,4.6,1.0,2.0,07/05/2025
residentes,"1,59 €",50.0,18.0,15.0,70.0,sí,1.1593265323233946,15197.0,tarde,miércoles,distrito 10,0.8,4.0,7.0,05/04/2025
rotación media,"2,57 €",19.0,16.0,11.0,44.0,sí,1.0585854283078553,11126.0,mañana,jueves,distrito 1,2.7,0.0,2.0,10/02/2025
rotación media,"2,48 €",18.0,22.0,11.0,129.0,sí,0.9964973364782335,6662.0,mañana,lunes,distrito 9,1.6,3.0,1.0,23/01/2025
RESIDENTES,"1,40 €",44.0,15.0,18.0,104.0,sí,1.18947195705739,5602.0,tarde,jueves,distrito 6,3.2,1.0,6.0,17/03/2025
alta rotación,"2,82 €",18.0,19.0,2.0,84.0,sí,0.6246201094128242,10602.0,tarde,martes,distrito 10,1.9,6.0,6.0,09/05/2025
alta rotación,"2,66 €",41.0,20.0,3.0,18.0,sí,1.3438205893060502,21247.0,mediodía,viernes,distrito 1,3.1,1.0,8.0,19/09/2025
residentes,"2,24 €",58.0,14.0,8.0,175.0,no,1.223744426578708,10215.0,mediodía,jueves,distrito 4,2.7,1.0,8.0,12/01/2025
LARGA ESTANCIA,"1,46 €",34.0,35.0,14.0,138.0,sí,1.3063502982805115,21579.0,tarde,martes,distrito 4,4.7,3.0,8.0,20/05/2025
  alta rotación ,"1,74 €",51.0,39.0,1.0,22.0,sí,1.4504423793285386,6233.0,mañana,lunes,distrito 5,3.0,0.0,7.0,26/07/2025
rotación media,"2,65 €",36.0,5.0,10.0,25.0,sí,0.9995035202538599,22230.0,mediodía,jueves,distrito 4,3.7,2.0,2.0,07/02/2025
rotación media,"2,21 €",24.0,4.0,3.0,114.0,sí,0.5167462765244567,3724.0,tarde,lunes,distrito 11,3.8,1.0,7.0,25/01/2025
residentes,"1,93 €",53.0,35.0,7.0,72.0,sí,1.2805008181109279,10311.0,mañana,sábado,distrito 5,3.7,3.0,5.0,07/09/2025
larga estancia,"1,39 €",17.0,31.0,12.0,76.0,sí,0.7050266412634217,6566.0,mediodía,lunes,distrito 8,6.9,1.0,1.0,31/10/2025
larga estancia,"2,28 €",6.0,4.0,9.0,89.0,sí,0.39115571420016415,11858.0,mediodía,jueves,distrito 7,3.1,4.0,4.0,24/09/2025
rotación media,"2,16 €",40.0,28.0,2.0,38.0,sí,1.734747465666529,13362.0,mediodía,sábado,distrito 5,4.5,6.0,4.0,22/09/2025
  rotación media ,"3,05 €",16.0,15.0,3.0,80.0,sí,0.40201131532093254,9112.0,mañana,jueves,distrito 6,2.4,3.0,8.0,17/09/2025
rotación media,"1,73 €",51.0,10.0,6.0,72.0,sí,0.8378929108599775,14925.0,tarde,viernes,distrito 3,4.5,1.0,6.0,06/08/2025
larga estancia,"2,72 €",29.0,37.0,6.0,264.0,sí,0.8294808825370096,7492.0,tarde,martes,distrito 8,4.1,6.0,2.0,25/10/2025
alta rotación,"1,76 €",37.0,44.0,7.0,21.0,sí,1.458854750245984,4209.0,mediodía,viernes,distrito 7,1.6,4.0,0.0,07/07/2025
alta rotación,"2,05 €",15.0,26.0,34.0,42.0,sí,1.4225171085782236,11628.0,mañana,viernes,distrito 10,6.2,4.0,8.0,12/03/2025
residentes,"1,87 €",12.0,79.0,11.0,168.0,no,1.3894718799897132,25606.0,tarde,lunes,distrito 10,2.8,3.0,3.0,21/08/2025
rotación media,"3,54 €",55.0,7.0,2.0,4.0,sí,0.535581957745533,7492.0,mañana,sábado,distrito 8,2.8,4.0,6.0,30/03/2025
rotación media,"2,80 €",34.0,50.0,2.0,26.0,sí,0.6849519620474334,13182.0,tarde,miércoles,distrito 7,2.3,0.0,7.0,19/10/2025
larga estancia,"3,19 €",25.0,34.0,11.0,86.0,no,0.7925100994662585,9680.0,mediodía,viernes,distrito 2,3.6,5.0,6.0,29/06/2025
alta rotación,"1,47 €",11.0,10.0,4.0,6.0,sí,1.19545845946097,10639.0,mañana,martes,distrito 6,5.3,1.0,0.0,08/08/2025
  alta rotación ,"2,28 €",36.0,2.0,2.0,39.0,sí,0.5917667843735659,7185.0,mañana,viernes,distrito 6,5.1,1.0,2.0,09/09/2025
larga estancia,"2,13 €",57.0,13.0,5.0,49.0,no,1.0455846159894386,19778.0,mañana,lunes,distrito 7,2.3,6.0,0.0,02/02/2025
LARGA ESTANCIA,"2,06 €",43.0,11.0,2.0,23.0,sí,0.899773984197179,4964.0,mediodía,viernes,distrito 10,3.2,5.0,1.0,23/09/2025
residentes,"1,54 €",50.0,29.0,4.0,157.0,sí,1.2990035777874707,9166.0,mañana,jueves,distrito 9,2.0,6.0,2.0,24/08/2025
residentes,"1,57 €",34.0,32.0,4.0,26.0,no,1.3552140557930823,2795.0,mañana,martes,distrito 5,5.7,2.0,4.0,20/09/2025
larga estancia,"1,73 €",26.0,13.0,8.0,34.0,sí,0.7450335686247122,2669.0,mañana,martes,distrito 10,5.4,2.0,0.0,11/01/2025
alta rotación,"2,66 €",34.0,12.0,1.0,276.0,sí,0.32672597673193143,7743.0,tarde,lunes,distrito 10,5.0,0.0,2.0,12/04/2025
ROTACIÓN MEDIA,"1,05 €",28.0,15.0,7.0,215.0,no,1.2915500691869959,18428.0,tarde,lunes,distrito 7,4.9,6.0,8.0,16/05/2025
RESIDENTES,"3,48 €",10.0,17.0,4.0,21.0,no,0.7404293898717446,9255.0,tarde,martes,distrito 5,0.8,3.0,7.0,06/10/2025
  rotación media ,"3,76 €",40.0,25.0,9.0,75.0,no,1.232417280350481,10508.0,tarde,jueves,distrito 2,3.9,2.0,3.0,19/06/2025
larga estancia,"2,53 €",38.0,34.0,36.0,17.0,sí,0.984935861621559,6984.0,mediodía,viernes,distrito 2,2.7,0.0,5.0,10/03/2025
residentes,"2,42 €",16.0,38.0,26.0,169.0,no,1.3609101076664416,7383.0,mañana,viernes,distrito 9,4.1,4.0,0.0,24/04/2025
residentes,"2,58 €",60.0,44.0,15.0,88.0,no,1.3793599772458875,10293.0,tarde,sábado,distrito 5,3.3,0.0,0.0,12/07/2025
rotación media,"2,46 €",14.0,26.0,16.0,39.0,sí,1.1523479469726332,4495.0,tarde,sábado,distrito 8,4.2,4.0,7.0,25/07/2025
LARGA ESTANCIA,"0,66 €",11.0,12.0,1.0,108.0,sí,0.9202301240895513,4310.0,tarde,jueves,distrito 3,2.8,0.0,2.0,20/01/2025
residentes,"3,34 €",45.0,14.0,11.0,86.0,no,0.7732371271229491,10207.0,mediodía,lunes,distrito 5,4.5,1.0,5.0,22/06/2025
larga estancia,"1,96 €",21.0,5.0,12.0,43.0,sí,0.6545283773418389,6080.0,mañana,sábado,distrito 2,0.8,3.0,4.0,30/06/2025
alta rotación,"2,18 €",14.0,14.0,11.0,159.0,sí,0.9616738122126427,5437.0,tarde,martes,distrito 7,3.0,6.0,7.0,06/05/2025
rotación media,"1,46 €",7.0,80.0,4.0,52.0,sí,1.506398257834038,12243.0,mediodía,martes,distrito 11,4.5,3.0,6.0,31/03/2025
residentes,"3,50 €",22.0,24.0,6.0,103.0,no,0.9652957068127298,3793.0,tarde,martes,distrito 8,4.5,3.0,6.0,05/09/2025
  larga estancia ,"2,43 €",8.0,18.0,2.0,75.0,no,1.0491359294433278,11097.0,tarde,viernes,distrito 1,0.8,2.0,7.0,18/09/2025
rotación media,"2,43 €",44.0,4.0,9.0,20.0,sí,0.7691379980405528,4797.0,tarde,sábado,distrito 4,5.0,4.0,4.0,26/09/2025
larga estancia,"3,01 €",32.0,16.0,14.0,173.0,sí,0.49273472765757953,8716.0,mañana,miércoles,distrito 9,-99.0,6.0,5.0,28/08/2025
rotación media,"2,41 €",34.0,2.0,1.0,174.0,sí,-0.08225001385640457,6757.0,mañana,miércoles,distrito 4,2.8,3.0,0.0,05/08/2025
rotación media,"1,29 €",42.0,39.0,2.0,6.0,sí,1.6748380332847097,7782.0,mañana,miércoles,distrito 8,2.6,1.0,8.0,28/05/2025
alta rotación,"3,27 €",32.0,26.0,4.0,13.0,sí,0.9772933890463784,5388.0,tarde,jueves,distrito 5,3.4,1.0,0.0,10/03/2025
alta rotacion,"3,42 €",22.0,21.0,1.0,83.0,sí,0.597624395295972,3234.0,tarde,sábado,distrito 11,1.6,6.0,0.0,16/10/2025
RESIDENTES,"0,97 €",30.0,7.0,1.0,98.0,no,1.3251904031334103,8409.0,tarde,viernes,distrito 4,1.8,5.0,2.0,27/09/2025
rotación media,"2,04 €",54.0,15.0,2.0,64.0,sí,0.5264039447723202,11002.0,tarde,miércoles,distrito 4,4.3,1.0,0.0,20/02/2025
larga estancia,"1,49 €",17.0,31.0,21.0,109.0,sí,1.2318868491279196,7919.0,mediodía,lunes,distrito 6,3.1,1.0,4.0,13/03/2025
  alta rotación ,"2,15 €",54.0,16.0,15.0,64.0,sí,0.8423503495561745,14100.0,mediodía,viernes,distrito 5,4.7,4.0,6.0,12/05/2025
rotación media,"2,16 €",30.0,52.0,5.0,65.0,sí,0.9863191252505795,5197.0,mañana,martes,distrito 6,4.6,5.0,4.0,29/06/2025
rotación media,"2,71 €",32.0,20.0,9.0,15.0,sí,1.034368304736795,15779.0,tarde,lunes,distrito 11,1.4,2.0,5.0,24/05/2025
rotación media,"2,06 €",20.0,10.0,6.0,37.0,sí,0.7683164553578069,14500.0,tarde,miércoles,distrito 3,2.0,2.0,0.0,09/09/2025
alta rotación,"2,94 €",27.0,31.0,10.0,109.0,no,1.4962987926306066,15626.0,tarde,sábado,distrito 3,3.1,3.0,0.0,25/07/2025
alta rotación,"1,94 €",37.0,11.0,7.0,57.0,no,1.310351478713894,4600.0,mañana,sábado,distrito 3,-99.0,1.0,6.0,05/09/2025
alta rotación,"0,50 €",53.0,7.0,1.0,117.0,sí,1.541892804470492,8832.0,tarde,jueves,distrito 10,2.3,1.0,0.0,16/05/2025
rotacion media,"2,70 €",28.0,10.0,0.0,14.0,sí,0.74908896823778,4029.0,mañana,sábado,distrito 11,1.9,1.0,1.0,16/08/2025
larga estancia,"4,17 €",55.0,8.0,39.0,14.0,sí,0.4080345246841174,11288.0,mediodía,viernes,distrito 3,3.4,1.0,4.0,18/08/2025
alta rotación,"1,83 €",28.0,22.0,6.0,16.0,sí,1.2723304837997906,6612.0,mañana,sábado,distrito 3,1.7,0.0,7.0,08/03/2025
rotación media,"1,86 €",30.0,22.0,1.0,63.0,sí,1.0744869900599316,4559.0,mañana,jueves,distrito 9,3.3,6.0,8.0,01/08/2025
larga estancia,"0,91 €",21.0,6.0,3.0,108.0,no,0.8710290120881163,8900.0,tarde,viernes,distrito 5,3.2,1.0,8.0,03/06/2025
residentes,"2,94 €",45.0,44.0,4.0,29.0,sí,0.756523606755441,8343.0,tarde,sábado,distrito 1,1.9,5.0,0.0,20/08/2025
alta rotación,"2,32 €",54.0,46.0,19.0,68.0,sí,1.5276404146874303,10134.0,mediodía,viernes,distrito 4,2.0,0.0,8.0,17/05/2025
rotación media,"1,90 €",44.0,12.0,17.0,4.0,sí,1.2743463851760188,10050.0,mañana,sábado,distrito 1,4.1,5.0,8.0,26/10/2025
ALTA ROTACIÓN,"2,61 €",30.0,17.0,28.0,20.0,sí,1.1142915767686012,14051.0,tarde,lunes,distrito 3,0.8,4.0,1.0,11/05/2025
larga estancia,"3,65 €",55.0,6.0,14.0,59.0,sí,0.23483438076856372,7511.0,mediodía,martes,distrito 6,2.5,6.0,7.0,07/04/2025
rotación media,"2,22 €",19.0,43.0,15.0,61.0,no,1.3397872727383853,2623.0,mediodía,martes,distrito 3,0.8,1.0,4.0,27/06/2025
residentes,"2,68 €",8.0,5.0,42.0,40.0,sí,1.115969483048688,3835.0,tarde,lunes,distrito 4,4.5,2.0,2.0,24/06/2025
rotación media,"2,87 €",17.0,17.0,11.0,26.0,sí,0.4164287206199827,9521.0,mañana,jueves,distrito 6,3.1,1.0,0.0,13/05/2025
larga estancia,"2,11 €",32.0,2.0,32.0,21.0,sí,0.7913976522714395,9616.0,tarde,lunes,distrito 3,4.0,4.0,4.0,05/10/2025
alta rotación,"2,09 €",21.0,11.0,9.0,174.0,no,1.4548323779383934,13980.0,tarde,sábado,distrito 5,3.1,1.0,0.0,04/04/2025
rotación media,"2,73 €",45.0,11.0,14.0,154.0,no,0.8878755976441106,7086.0,tarde,sábado,distrito 11,2.3,1.0,4.0,13/07/2025
rotación media,"2,25 €",42.0,26.0,6.0,146.0,no,0.9509922868809683,16698.0,mañana,miércoles,distrito 10,7.0,6.0,5.0,10/03/2025
residentes,"1,56 €",30.0,3.0,5.0,122.0,sí,0.9486678634534367,13200.0,mediodía,jueves,distrito 10,2.3,3.0,0.0,26/01/2025
alta rotación,"2,72 €",30.0,30.0,5.0,59.0,sí,0.8310409137057219,15082.0,tarde,jueves,distrito 8,7.7,0.0,1.0,27/04/2025
  rotación media ,"2,34 €",60.0,17.0,1.0,73.0,sí,0.6972293856308256,14944.0,tarde,lunes,distrito 10,3.2,6.0,8.0,09/09/2025
alta rotación,"1,44 €",47.0,17.0,15.0,170.0,sí,1.8675644555867064,21285.0,tarde,viernes,distrito 6,3.2,1.0,7.0,05/04/2025
residentes,"1,45 €",54.0,18.0,5.0,207.0,sí,1.063424011322224,17379.0,mediodía,sábado,distrito 4,2.2,3.0,5.0,21/10/2025
rotación media,"3,03 €",11.0,28.0,2.0,71.0,sí,0.7803928725936352,15132.0,mediodía,martes,distrito 11,5.1,3.0,3.0,02/06/2025
  rotación media ,"2,62 €",52.0,19.0,8.0,32.0,sí,0.8359110562712899,8175.0,mediodía,jueves,distrito 7,2.4,3.0,6.0,05/04/2025
residentes,"3,11 €",34.0,39.0,8.0,9.0,sí,1.0462449145841741,2901.0,tarde,jueves,distrito 7,2.7,1.0,5.0,31/07/2025
larga estancia,"2,89 €",60.0,46.0,10.0,23.0,sí,0.6969518541432698,6076.0,mediodía,martes,distrito 11,2.5,0.0,2.0,28/10/2025
rotación media,"1,59 €",13.0,9.0,0.0,137.0,sí,0.6456921642689102,9292.0,mañana,sábado,distrito 10,3.2,5.0,4.0,15/06/2025
residentes,"1,89 €",46.0,16.0,8.0,71.0,no,1.2123939563608024,9107.0,tarde,lunes,distrito 5,2.8,2.0,0.0,21/09/2025
larga estancia,"1,71 €",45.0,14.0,3.0,111.0,sí,0.6954615136224901,16847.0,mediodía,viernes,distrito 7,1.9,6.0,0.0,30/03/2025
rotación media,"1,42 €",6.0,27.0,8.0,35.0,sí,1.3876639235422499,8372.0,tarde,martes,distrito 6,4.7,3.0,8.0,25/09/2025
  rotación media ,"1,66 €",57.0,5.0,2.0,154.0,sí,0.7420207994106774,5989.0,tarde,viernes,distrito 3,3.8,3.0,7.0,30/05/2025
residentes,"2,74 €",37.0,14.0,9.0,55.0,sí,1.2152097806703732,14256.0,mediodía,viernes,distrito 5,3.2,3.0,4.0,16/02/2025
rotación media,"1,90 €",38.0,9.0,0.0,97.0,sí,0.44630174669846423,38990.0,tarde,sábado,distrito 6,3.8,2.0,6.0,24/02/2025
  rotación media ,"2,78 €",26.0,4.0,10.0,43.0,sí,0.9893848313045641,11810.0,mediodía,viernes,distrito 8,4.0,6.0,0.0,14/10/2025
residentes,"0,93 €",44.0,27.0,7.0,83.0,sí,1.7034339992414622,2454.0,tarde,jueves,distrito 11,0.8,4.0,2.0,22/09/2025
larga estancia,"1,44 €",15.0,11.0,5.0,10.0,sí,0.9540359615487403,11698.0,mañana,viernes,distrito 6,1.5,6.0,0.0,07/02/2025
rotación media,"0,50 €",11.0,2.0,1.0,21.0,no,1.4311392135312868,8094.0,mediodía,martes,distrito 6,5.8,6.0,7.0,21/03/2025
rotación media,"2,80 €",60.0,13.0,13.0,93.0,sí,0.8036575593452461,7890.0,tarde,sábado,distrito 9,2.5,1.0,6.0,03/07/2025
alta rotación,"1,25 €",57.0,11.0,21.0,28.0,sí,1.6377977641890862,11890.0,tarde,martes,distrito 3,4.2,5.0,2.0,28/09/2025
ROTACIÓN MEDIA,"1,48 €",6.0,26.0,13.0,19.0,no,1.3851272123054905,4596.0,mañana,lunes,distrito 4,3.6,3.0,0.0,26/04/2025
ALTA ROTACIÓN,"1,72 €",39.0,6.0,8.0,160.0,no,1.0014198613068863,9540.0,tarde,viernes,distrito 7,2.7,3.0,3.0,31/08/2025
  alta rotación ,"1,56 €",16.0,11.0,13.0,84.0,no,1.4920018071645644,39356.0,mediodía,miércoles,distrito 4,2.1,5.0,2.0,09/04/2025
rotacion media,"1,53 €",40.0,27.0,9.0,2.0,no,1.519806469337549,18469.0,tarde,viernes,distrito 10,2.4,5.0,4.0,12/06/2025
  rotación media ,"2,62 €",31.0,22.0,1.0,83.0,no,0.9160166113758504,6398.0,mañana,viernes,distrito 5,2.3,5.0,6.0,15/10/2025
alta rotación,"2,56 €",9.0,32.0,5.0,19.0,no,1.3842469508877915,13401.0,tarde,jueves,distrito 2,3.2,1.0,8.0,30/10/2025
LARGA ESTANCIA,"1,75 €",36.0,27.0,5.0,86.0,no,0.9547369640068735,5280.0,mañana,miércoles,distrito 1,3.5,5.0,7.0,23/03/2025
rotación media,"2,77 €",20.0,39.0,0.0,20.0,sí,0.7802560229567852,5025.0,mañana,martes,distrito 8,2.5,0.0,0.0,04/10/2025
rotación media,"2,15 €",42.0,34.0,3.0,4.0,sí,0.6282311261727662,5727.0,tarde,martes,distrito 6,0.8,1.0,6.0,24/06/2025
alta rotación,"1,96 €",42.0,30.0,4.0,50.0,sí,0.8198109056317087,12333.0,mañana,lunes,distrito 8,4.1,0.0,4.0,14/02/2025
alta rotación,"1,86 €",38.0,44.0,12.0,56.0,sí,1.140866518639227,10660.0,tarde,jueves,distrito 3,4.1,0.0,1.0,09/10/2025
  residentes ,"2,12 €",11.0,5.0,3.0,0.0,sí,0.6707318502213435,10373.0,mediodía,lunes,distrito 4,1.9,4.0,0.0,11/07/2025
rotacion media,"2,84 €",49.0,30.0,2.0,9.0,no,1.6365525597155064,4642.0,tarde,sábado,distrito 2,3.5,5.0,4.0,03/04/2025
  alta rotación ,"2,57 €",13.0,51.0,9.0,118.0,no,1.3998930184062888,17631.0,mañana,miércoles,distrito 3,2.1,4.0,6.0,14/02/2025
residentes,"2,69 €",58.0,24.0,21.0,67.0,no,1.113972148347408,6877.0,mediodía,lunes,distrito 10,3.7,0.0,2.0,07/05/2025
rotación media,"1,97 €",54.0,12.0,2.0,38.0,sí,0.834976219780303,6074.0,tarde,lunes,distrito 9,-99.0,6.0,5.0,28/01/2025
rotación media,"2,78 €",58.0,43.0,3.0,24.0,sí,1.1025441031488814,2867.0,mañana,jueves,distrito 7,0.8,6.0,8.0,27/03/2025
rotación media,"3,13 €",15.0,11.0,3.0,70.0,no,0.5637391329113778,7931.0,tarde,martes,distrito 1,2.7,2.0,0.0,08/03/2025
larga estancia,"3,97 €",55.0,21.0,4.0,18.0,sí,0.685135434574042,16231.0,mañana,martes,distrito 8,0.8,0.0,3.0,24/01/2025
ALTA ROTACIÓN,"1,59 €",51.0,35.0,13.0,28.0,no,1.6406087229992212,7222.0,mediodía,lunes,distrito 10,3.8,6.0,2.0,15/01/2025
alta rotación,"2,17 €",9.0,20.0,0.0,169.0,sí,0.525019195680661,7695.0,mañana,viernes,distrito 8,2.1,3.0,2.0,06/08/2025
ALTA ROTACIÓN,"1,56 €",12.0,25.0,6.0,93.0,sí,1.242823407869571,13423.0,tarde,viernes,distrito 2,3.5,6.0,7.0,20/03/2025
  larga estancia ,"1,96 €",20.0,6.0,5.0,15.0,sí,0.5017519601035509,8208.0,mediodía,viernes,distrito 1,3.0,3.0,8.0,16/08/2025
rotacion media,"2,13 €",55.0,7.0,1.0,51.0,sí,1.153668948027627,11398.0,tarde,lunes,distrito 3,4.9,0.0,2.0,30/03/2025
larga estancia,"3,03 €",50.0,30.0,2.0,80.0,sí,0.45681304431101755,11151.0,mediodía,martes,distrito 3,2.4,1.0,4.0,02/09/2025
alta rotación,"2,45 €",23.0,7.0,6.0,96.0,sí,0.4225779437309942,23438.0,mediodía,jueves,distrito 7,2.5,5.0,8.0,02/10/2025
  alta rotación ,"2,56 €",49.0,6.0,14.0,77.0,sí,0.8023415977053581,8580.0,mañana,lunes,distrito 4,0.9,4.0,4.0,03/02/2025
rotacion media,"1,56 €",6.0,29.0,1.0,76.0,sí,0.6919273758654634,7825.0,mediodía,miércoles,distrito 4,2.4,4.0,7.0,17/05/2025
rotación media,"1,55 €",41.0,6.0,5.0,59.0,sí,0.9754229849649749,3873.0,mediodía,lunes,distrito 8,6.5,3.0,6.0,23/05/2025
ROTACIÓN MEDIA,"1,88 €",43.0,18.0,13.0,97.0,sí,0.9633644733988015,12066.0,tarde,martes,distrito 5,1.2,2.0,8.0,08/05/2025
alta rotación,"1,38 €",13.0,51.0,1.0,46.0,sí,1.0331640375536826,3504.0,mediodía,lunes,distrito 3,3.8,4.0,3.0,20/01/2025
larga estancia,"2,70 €",33.0,11.0,0.0,75.0,sí,0.05183803198801351,15426.0,mediodía,sábado,distrito 7,4.9,2.0,0.0,10/06/2025
ROTACIÓN MEDIA,"1,27 €",58.0,14.0,12.0,20.0,sí,1.1492738307645765,4913.0,mañana,lunes,distrito 7,5.2,6.0,3.0,14/02/2025
rotación media,"2,36 €",59.0,17.0,28.0,39.0,sí,1.6080544857862287,3326.0,mañana,jueves,distrito 2,2.6,6.0,0.0,28/01/2025
rotación media,"3,48 €",23.0,26.0,18.0,73.0,sí,0.8575885831943144,7319.0,mañana,lunes,distrito 11,3.6,6.0,3.0,13/09/2025
larga estancia,"0,53 €",39.0,19.0,0.0,38.0,no,1.4251518262705085,11151.0,mañana,viernes,distrito 7,2.2,5.0,3.0,06/05/2025
rotación media,"1,76 €",60.0,5.0,12.0,161.0,no,0.7122029486270058,24175.0,mañana,viernes,distrito 3,3.0,1.0,2.0,19/04/2025
rotación media,"2,29 €",10.0,22.0,4.0,174.0,sí,0.6352586920921959,9052.0,tarde,miércoles,distrito 10,3.0,4.0,8.0,17/01/2025
alta rotación,"1,59 €",8.0,28.0,4.0,56.0,sí,1.296566266348321,5866.0,mañana,jueves,distrito 8,0.8,5.0,0.0,26/10/2025
alta rotación,"3,32 €",45.0,9.0,3.0,109.0,no,0.4811437231914174,9309.0,tarde,lunes,distrito 6,2.8,6.0,6.0,08/06/2025
alta rotación,"2,02 €",54.0,16.0,1.0,225.0,no,0.6974576138367773,20093.0,mediodía,viernes,distrito 8,6.9,4.0,0.0,19/09/2025
rotación media,"1,84 €",45.0,22.0,5.0,3.0,no,1.0957964639775204,7073.0,mediodía,sábado,distrito 2,5.8,6.0,5.0,09/06/2025
ROTACIÓN MEDIA,"0,53 €",50.0,10.0,8.0,18.0,sí,1.4985936623008824,11678.0,tarde,martes,distrito 9,3.9,3.0,5.0,01/11/2025
  larga estancia ,"2,04 €",41.0,28.0,0.0,32.0,no,0.69149055165705,3344.0,mediodía,miércoles,distrito 8,3.0,1.0,6.0,08/02/2025
ALTA ROTACIÓN,"2,32 €",7.0,8.0,1.0,84.0,sí,0.37072648909693495,11197.0,mañana,jueves,distrito 2,3.0,3.0,2.0,22/08/2025
rotación media,"1,46 €",31.0,26.0,4.0,4.0,sí,1.3778969775233507,5728.0,mediodía,martes,distrito 9,3.7,1.0,7.0,26/10/2025
alta rotación,"1,65 €",7.0,5.0,2.0,35.0,sí,1.0625164855675566,4891.0,mañana,viernes,distrito 10,3.0,5.0,4.0,15/07/2025
larga estancia,"1,93 €",12.0,14.0,6.0,171.0,sí,0.919903606804897,17744.0,mediodía,lunes,distrito 10,2.7,0.0,4.0,21/03/2025
alta rotación,"3,12 €",10.0,32.0,2.0,10.0,sí,0.7355310682286631,18650.0,tarde,lunes,distrito 9,2.9,4.0,7.0,29/03/2025
  rotación media ,"2,76 €",25.0,42.0,14.0,59.0,sí,1.3041364831890119,12379.0,tarde,viernes,distrito 8,1.5,2.0,5.0,15/10/2025
residentes,"0,68 €",25.0,7.0,16.0,76.0,sí,1.7725196516310695,13603.0,tarde,viernes,distrito 9,2.6,1.0,2.0,16/09/2025
residentes,"1,84 €",26.0,23.0,10.0,62.0,no,1.2902976410620326,12191.0,mediodía,lunes,distrito 1,3.2,0.0,1.0,04/05/2025
residentes,"2,37 €",45.0,8.0,0.0,35.0,sí,0.5450031888998235,6797.0,tarde,jueves,distrito 3,2.7,2.0,8.0,27/03/2025
rotacion media,"1,57 €",16.0,26.0,30.0,127.0,no,1.4460934623696653,5741.0,tarde,viernes,distrito 7,5.6,1.0,3.0,03/08/2025
alta rotación,"0,52 €",12.0,25.0,7.0,48.0,sí,1.8933350261690463,20610.0,mediodía,jueves,distrito 3,1.4,4.0,6.0,02/03/2025
LARGA ESTANCIA,"1,85 €",56.0,9.0,5.0,209.0,sí,0.6344183415148088,9513.0,mediodía,sábado,distrito 7,2.9,0.0,8.0,21/08/2025
  alta rotación ,"1,57 €",32.0,12.0,15.0,108.0,no,1.489384806759591,11076.0,mediodía,lunes,distrito 9,2.1,0.0,3.0,16/06/2025
rotacion media,"2,84 €",60.0,16.0,8.0,43.0,no,1.149832786022886,24067.0,mañana,jueves,distrito 1,3.1,4.0,7.0,09/04/2025
rotación media,"3,11 €",28.0,41.0,16.0,77.0,sí,0.838540738793224,4251.0,mediodía,lunes,distrito 9,4.2,2.0,0.0,13/06/2025
  rotación media ,"2,48 €",39.0,36.0,15.0,14.0,no,1.6454354959499662,6380.0,tarde,viernes,distrito 9,1.5,5.0,3.0,25/07/2025
residentes,"2,52 €",29.0,12.0,5.0,8.0,sí,0.9500806030612192,10907.0,tarde,miércoles,distrito 10,3.9,6.0,7.0,06/08/2025
residentes,"2,23 €",36.0,10.0,1.0,175.0,sí,0.810625103551943,7881.0,tarde,viernes,distrito 1,6.8,1.0,6.0,26/10/2025
larga estancia,"3,24 €",16.0,12.0,3.0,76.0,sí,0.16429812570997554,33296.0,mediodía,lunes,distrito 11,0.8,5.0,0.0,20/03/2025
alta rotación,"2,10 €",32.0,3.0,9.0,23.0,sí,0.8200491226705916,29829.0,mediodía,jueves,distrito 4,2.9,6.0,1.0,15/01/2025
larga estancia,"2,00 €",9.0,9.0,3.0,145.0,sí,0.9810196687493882,4716.0,mañana,miércoles,distrito 9,-99.0,1.0,0.0,07/02/2025
RESIDENTES,"2,49 €",30.0,44.0,3.0,30.0,sí,0.9024024281103713,4389.0,mediodía,jueves,distrito 10,4.2,6.0,7.0,16/05/2025
rotación media,"1,20 €",53.0,20.0,16.0,44.0,no,1.5268709151583373,10954.0,mediodía,viernes,distrito 5,-99.0,2.0,2.0,16/08/2025
alta rotación,"2,88 €",20.0,25.0,4.0,111.0,sí,0.8530612801797696,11490.0,tarde,martes,distrito 7,2.3,0.0,5.0,20/10/2025
residentes,"1,14 €",21.0,24.0,12.0,144.0,sí,1.3877968839348997,8628.0,tarde,miércoles,distrito 7,2.5,4.0,1.0,27/05/2025
alta rotación,"3,19 €",26.0,11.0,23.0,34.0,sí,0.766105614086204,14732.0,mañana,miércoles,distrito 10,4.5,3.0,4.0,11/02/2025
  larga estancia ,"1,02 €",54.0,15.0,4.0,19.0,sí,0.9825084745467665,14013.0,mañana,jueves,distrito 5,3.8,4.0,2.0,26/08/2025
LARGA ESTANCIA,"1,94 €",7.0,7.0,8.0,38.0,no,0.9379469622936298,12001.0,mediodía,lunes,distrito 5,4.6,1.0,0.0,20/02/2025
larga estancia,"1,77 €",58.0,14.0,2.0,82.0,sí,0.46748867450071696,7514.0,tarde,miércoles,distrito 11,0.9,1.0,7.0,10/04/2025
rotación media,"2,14 €",14.0,1.0,1.0,57.0,sí,0.3257503873188424,3914.0,mañana,jueves,distrito 6,3.7,6.0,0.0,21/09/2025
rotación media,"2,73 €",57.0,17.0,24.0,90.0,no,0.7860265232617605,4725.0,tarde,miércoles,distrito 8,3.5,1.0,8.0,02/07/2025
alta rotación,"2,01 €",40.0,9.0,0.0,3.0,sí,1.1372437545971827,24647.0,mañana,martes,distrito 6,4.6,5.0,3.0,13/01/2025
rotación media,"2,08 €",41.0,52.0,7.0,69.0,no,1.1984646731151096,19454.0,mediodía,viernes,distrito 8,2.8,2.0,0.0,19/10/2025
rotación media,"2,90 €",59.0,25.0,10.0,10.0,sí,0.7796261651753602,6194.0,tarde,jueves,distrito 2,4.3,6.0,4.0,29/06/2025
rotación media,"3,66 €",54.0,28.0,5.0,48.0,sí,0.5755601562078237,20009.0,tarde,viernes,distrito 7,4.1,1.0,2.0,17/05/2025
ALTA ROTACIÓN,"1,85 €",54.0,15.0,18.0,50.0,sí,1.2162172192770033,13874.0,mediodía,martes,distrito 11,4.2,4.0,4.0,24/08/2025
RESIDENTES,"2,12 €",53.0,34.0,19.0,3.0,sí,1.2851139374670968,9729.0,mediodía,lunes,distrito 9,2.5,4.0,5.0,25/07/2025
rotacion media,"2,67 €",35.0,0.0,41.0,41.0,sí,0.6195426113535137,4237.0,mañana,sábado,distrito 6,4.9,2.0,1.0,30/10/2025
rotacion media,"2,68 €",18.0,12.0,0.0,16.0,sí,0.8120871681770572,7143.0,tarde,jueves,distrito 1,2.0,2.0,3.0,28/06/2025
rotación media,"2,33 €",40.0,20.0,2.0,162.0,sí,0.8580664079197853,11492.0,mediodía,miércoles,distrito 5,0.8,1.0,8.0,25/04/2025
LARGA ESTANCIA,"1,62 €",12.0,12.0,0.0,57.0,sí,0.4275000309030545,5503.0,mediodía,jueves,distrito 7,2.1,2.0,0.0,12/06/2025
alta rotación,"2,06 €",45.0,3.0,1.0,96.0,sí,0.5187868636822961,5485.0,mañana,miércoles,distrito 3,0.8,3.0,4.0,30/10/2025
rotación media,"1,84 €",39.0,6.0,10.0,54.0,sí,0.8865737027475802,6106.0,tarde,viernes,distrito 5,1.7,5.0,8.0,03/07/2025
residentes,"3,04 €",37.0,67.0,15.0,87.0,sí,1.2444042918192768,10387.0,tarde,martes,distrito 6,3.5,6.0,3.0,24/06/2025
larga estancia,"2,38 €",43.0,2.0,4.0,41.0,sí,0.7032251074988338,45120.0,mañana,martes,distrito 9,4.0,1.0,0.0,12/04/2025
alta rotación,"2,09 €",22.0,29.0,5.0,124.0,sí,1.1569638775271898,5359.0,mediodía,miércoles,distrito 7,3.6,6.0,8.0,18/05/2025
rotación media,"3,15 €",9.0,12.0,18.0,71.0,sí,0.6882869398323427,10207.0,mañana,viernes,distrito 2,1.1,2.0,2.0,15/05/2025
alta rotación,"2,66 €",34.0,22.0,3.0,83.0,no,0.7398218741878095,2307.0,mediodía,jueves,distrito 2,2.9,0.0,8.0,07/07/2025
alta rotacion,"2,01 €",52.0,3.0,4.0,30.0,sí,0.7719439600227755,6948.0,mediodía,viernes,distrito 2,2.9,3.0,8.0,03/03/2025
LARGA ESTANCIA,"1,79 €",42.0,22.0,8.0,198.0,no,1.0016412339593017,3968.0,mañana,viernes,distrito 2,1.8,6.0,5.0,05/04/2025
alta rotación,"2,52 €",48.0,40.0,3.0,8.0,sí,1.2280825992402347,6857.0,tarde,lunes,distrito 2,0.8,1.0,1.0,26/10/2025
residentes,"3,12 €",37.0,25.0,0.0,47.0,no,1.1145459668299986,2890.0,mañana,viernes,distrito 1,3.1,0.0,8.0,12/09/2025
LARGA ESTANCIA,"1,71 €",32.0,52.0,15.0,1.0,sí,1.354681968757797,13959.0,mañana,jueves,distrito 4,1.9,3.0,1.0,15/08/2025
alta rotación,"1,76 €",16.0,19.0,28.0,75.0,sí,1.4944693841001535,8828.0,mediodía,lunes,distrito 1,1.6,4.0,6.0,18/06/2025
residentes,"3,74 €",14.0,23.0,14.0,152.0,sí,0.696755839749909,14580.0,tarde,viernes,distrito 11,4.2,0.0,0.0,07/07/2025
rotación media,"2,20 €",42.0,8.0,0.0,68.0,sí,0.8839971620258507,7509.0,mañana,miércoles,distrito 8,4.1,3.0,6.0,19/08/2025
alta rotación,"2,19 €",20.0,16.0,4.0,82.0,sí,0.7806654051890092,8237.0,tarde,lunes,distrito 4,1.4,2.0,4.0,25/01/2025
rotación media,"1,71 €",23.0,1.0,23.0,61.0,sí,1.0801450280715157,8441.0,mañana,miércoles,distrito 10,5.7,0.0,1.0,29/03/2025
  alta rotación ,"1,81 €",43.0,30.0,19.0,48.0,sí,1.5030774514934397,6477.0,tarde,viernes,distrito 9,1.6,0.0,2.0,19/10/2025
rotación media,"1,46 €",43.0,46.0,5.0,27.0,no,1.482127024221128,12338.0,mañana,jueves,distrito 9,2.9,1.0,0.0,26/08/2025
rotación media,"2,32 €",54.0,14.0,3.0,14.0,no,1.1198470673606302,13905.0,mañana,martes,distrito 4,1.0,6.0,4.0,20/07/2025
larga estancia,"3,12 €",56.0,11.0,5.0,7.0,no,0.8714615400490332,4359.0,tarde,martes,distrito 11,-99.0,2.0,1.0,06/05/2025
larga estancia,"2,00 €",60.0,9.0,14.0,55.0,sí,0.6588400967166153,4605.0,mediodía,lunes,distrito 2,5.3,2.0,7.0,14/02/2025
larga estancia,"2,79 €",33.0,21.0,7.0,32.0,sí,0.4457178428478449,2995.0,mediodía,viernes,distrito 5,2.0,0.0,5.0,26/04/2025
rotacion media,"2,14 €",50.0,7.0,8.0,35.0,no,0.9172540998214634,11021.0,tarde,viernes,distrito 1,3.4,4.0,6.0,10/01/2025
  larga estancia ,"1,88 €",41.0,5.0,8.0,22.0,sí,0.822917969080297,27733.0,mañana,sábado,distrito 3,4.0,2.0,6.0,17/06/2025
residentes,"1,21 €",14.0,33.0,7.0,29.0,sí,1.662158904273812,3846.0,mañana,miércoles,distrito 4,0.8,0.0,4.0,07/02/2025
rotación media,"1,87 €",43.0,13.0,16.0,25.0,sí,1.5262149769425308,7956.0,mediodía,jueves,distrito 1,1.5,1.0,0.0,26/02/2025
rotacion media,"1,54 €",14.0,17.0,20.0,48.0,sí,1.5242724037387305,10521.0,mañana,viernes,distrito 5,3.7,6.0,6.0,12/02/2025
rotación media,"2,29 €",35.0,26.0,0.0,42.0,sí,1.0057582577614046,9218.0,mañana,sábado,distrito 5,1.5,1.0,2.0,17/03/2025
  residentes ,"1,65 €",27.0,21.0,0.0,33.0,sí,1.062701675871839,16878.0,mediodía,viernes,distrito 7,2.1,3.0,3.0,29/06/2025
larga estancia,"3,75 €",19.0,52.0,3.0,54.0,no,0.9486966590955224,14777.0,tarde,miércoles,distrito 5,3.8,0.0,5.0,12/07/2025
larga estancia,"0,50 €",14.0,1.0,27.0,156.0,no,1.4185596831228422,13746.0,mediodía,jueves,distrito 5,4.2,1.0,0.0,19/02/2025
rotacion media,"1,79 €",6.0,36.0,21.0,138.0,sí,1.3277893198440398,9191.0,mediodía,sábado,distrito 3,4.6,3.0,4.0,16/05/2025
larga estancia,"0,51 €",30.0,7.0,23.0,4.0,no,1.9262643212144952,12890.0,mañana,lunes,distrito 1,3.3,2.0,3.0,25/09/2025
ALTA ROTACIÓN,"0,72 €",44.0,25.0,0.0,42.0,no,1.6179614222665952,11501.0,mediodía,martes,distrito 8,3.0,0.0,3.0,13/04/2025
larga estancia,"2,46 €",13.0,71.0,2.0,307.0,sí,0.3574188542781452,6350.0,mañana,sábado,distrito 10,1.6,2.0,0.0,05/04/2025
alta rotación,"2,48 €",14.0,35.0,0.0,178.0,no,0.6564581354718823,9851.0,mediodía,sábado,distrito 2,3.0,4.0,7.0,16/06/2025
alta rotación,"2,87 €",55.0,26.0,1.0,14.0,sí,0.5557968826413376,15668.0,mediodía,miércoles,distrito 3,3.7,3.0,8.0,04/04/2025
larga estancia,"1,82 €",60.0,7.0,24.0,58.0,sí,0.8288900949264941,8360.0,mediodía,lunes,distrito 5,2.0,0.0,5.0,01/11/2025
  alta rotación ,"2,65 €",30.0,10.0,5.0,103.0,sí,0.4672546237180482,4274.0,tarde,miércoles,distrito 7,3.0,5.0,8.0,23/01/2025
larga estancia,"2,21 €",58.0,11.0,18.0,17.0,sí,0.7706629286246419,12127.0,tarde,sábado,distrito 2,3.6,2.0,3.0,08/01/2025
larga estancia,"1,92 €",20.0,18.0,7.0,62.0,sí,0.7253042262985547,11595.0,mañana,lunes,distrito 7,6.0,5.0,4.0,24/09/2025
LARGA ESTANCIA,"1,19 €",56.0,33.0,12.0,18.0,sí,1.6435954104596928,9052.0,mañana,sábado,distrito 7,3.3,6.0,6.0,12/01/2025
alta rotación,"1,71 €",15.0,13.0,6.0,110.0,sí,1.3671447600843507,9989.0,mediodía,lunes,distrito 11,2.5,3.0,4.0,25/10/2025
larga estancia,"2,89 €",56.0,4.0,0.0,21.0,sí,-0.040562143592364014,3956.0,mediodía,martes,distrito 7,1.4,2.0,0.0,12/05/2025
alta rotación,"3,34 €",34.0,29.0,5.0,81.0,sí,0.7357338808270569,3205.0,tarde,viernes,distrito 11,-99.0,3.0,1.0,01/03/2025
alta rotación,"1,44 €",22.0,34.0,1.0,130.0,sí,1.2221621004064325,5853.0,mediodía,miércoles,distrito 9,2.2,6.0,7.0,01/07/2025
residentes,"2,91 €",22.0,49.0,28.0,75.0,sí,1.2743803093351707,13002.0,mañana,viernes,distrito 6,4.2,2.0,5.0,06/09/2025
rotación media,"1,40 €",34.0,16.0,2.0,24.0,no,1.2550786279377426,8814.0,mediodía,lunes,distrito 4,2.0,0.0,3.0,18/09/2025
ALTA ROTACIÓN,"2,53 €",50.0,18.0,27.0,72.0,sí,0.9647117287321503,6127.0,tarde,jueves,distrito 9,5.4,0.0,4.0,05/06/2025
alta rotación,"2,99 €",58.0,40.0,21.0,18.0,sí,0.8155279167165188,10581.0,mañana,martes,distrito 6,3.8,5.0,7.0,07/10/2025
  rotación media ,"2,87 €",29.0,35.0,21.0,36.0,sí,0.876860858009335,6116.0,tarde,martes,distrito 9,2.0,0.0,2.0,01/02/2025
residentes,"2,34 €",22.0,4.0,2.0,27.0,sí,0.588165473870656,11348.0,tarde,miércoles,distrito 6,2.4,6.0,5.0,05/03/2025
rotación media,"2,25 €",46.0,41.0,12.0,6.0,no,1.3957837542497458,16849.0,mañana,sábado,distrito 4,2.3,1.0,7.0,10/05/2025
residentes,"1,49 €",14.0,57.0,9.0,51.0,sí,1.4950226384444545,11999.0,tarde,jueves,distrito 9,3.9,4.0,4.0,14/10/2025
rotacion media,"2,55 €",45.0,36.0,2.0,22.0,sí,1.064650362626456,17194.0,mediodía,martes,distrito 3,5.4,6.0,4.0,24/03/2025
alta rotación,"1,73 €",42.0,29.0,11.0,66.0,sí,1.3028788275701826,15274.0,tarde,miércoles,distrito 1,0.8,0.0,4.0,27/07/2025
residentes,"3,69 €",44.0,25.0,15.0,18.0,sí,0.7336837635332049,8691.0,mañana,miércoles,distrito 1,2.0,4.0,3.0,06/05/2025
  alta rotación ,"2,64 €",30.0,1.0,4.0,44.0,sí,0.016252965851850876,5415.0,mañana,viernes,distrito 6,4.9,0.0,3.0,10/05/2025
residentes,"1,96 €",10.0,13.0,30.0,183.0,sí,1.8018709126560504,4957.0,mañana,miércoles,distrito 1,1.8,1.0,0.0,07/05/2025
rotación media,"2,25 €",52.0,7.0,7.0,252.0,sí,0.7060603925504361,10034.0,mañana,sábado,distrito 1,2.4,5.0,6.0,14/06/2025
rotación media,"2,81 €",13.0,30.0,16.0,35.0,sí,1.0873838988628683,11172.0,mediodía,jueves,distrito 9,1.5,2.0,2.0,08/05/2025
alta rotación,"2,55 €",29.0,53.0,6.0,147.0,sí,1.1160738558407568,7166.0,tarde,martes,distrito 11,3.6,0.0,4.0,21/07/2025
larga estancia,"1,31 €",54.0,16.0,13.0,44.0,sí,1.3689068225938081,15371.0,mediodía,viernes,distrito 8,2.7,5.0,5.0,21/04/2025
larga estancia,"1,41 €",42.0,12.0,10.0,107.0,sí,1.3657983857514076,7893.0,mediodía,miércoles,distrito 1,6.2,6.0,7.0,07/01/2025
alta rotación,"2,48 €",32.0,13.0,8.0,71.0,sí,0.9210860574617585,9450.0,tarde,jueves,distrito 1,3.4,4.0,2.0,13/06/2025
larga estancia,"2,44 €",9.0,8.0,1.0,11.0,no,0.832203882273749,27388.0,tarde,jueves,distrito 2,2.0,6.0,5.0,27/01/2025
larga estancia,"0,70 €",32.0,24.0,3.0,68.0,no,1.5890046691874704,8385.0,mañana,jueves,distrito 8,3.9,6.0,6.0,09/07/2025
larga estancia,"1,39 €",41.0,22.0,11.0,101.0,no,1.1327003109699418,38438.0,mañana,jueves,distrito 5,6.8,3.0,4.0,24/03/2025
RESIDENTES,"2,59 €",30.0,15.0,10.0,128.0,no,1.277717632292305,9195.0,mañana,jueves,distrito 8,5.4,2.0,5.0,01/03/2025
ALTA ROTACIÓN,"1,48 €",57.0,14.0,19.0,44.0,sí,1.46364311264851,2480.0,tarde,miércoles,distrito 6,3.4,3.0,5.0,09/03/2025
alta rotación,"1,74 €",46.0,13.0,9.0,51.0,sí,1.350394707027343,24092.0,mediodía,jueves,distrito 9,0.8,4.0,3.0,21/07/2025
larga estancia,"1,23 €",13.0,46.0,14.0,184.0,no,1.8367768777474525,18386.0,mañana,martes,distrito 3,3.7,3.0,3.0,09/02/2025
larga estancia,"2,03 €",34.0,1.0,4.0,64.0,sí,0.4655769309867538,4979.0,mañana,miércoles,distrito 7,1.8,1.0,5.0,06/02/2025
rotacion media,"2,45 €",37.0,16.0,12.0,103.0,sí,0.6523494480532281,15064.0,mediodía,martes,distrito 6,3.4,1.0,2.0,13/03/2025
ALTA ROTACIÓN,"1,88 €",29.0,38.0,2.0,72.0,no,0.9709928745049207,6380.0,tarde,jueves,distrito 11,1.4,4.0,6.0,26/02/2025
alta rotacion,"0,60 €",24.0,43.0,0.0,17.0,sí,1.7279841230739752,4639.0,mediodía,martes,distrito 9,4.1,3.0,7.0,23/10/2025
residentes,"2,41 €",59.0,23.0,5.0,146.0,sí,0.7153337932997554,11077.0,mañana,lunes,distrito 5,5.2,1.0,0.0,18/02/2025
residentes,"3,24 €",18.0,17.0,18.0,43.0,sí,1.1830030476121722,14607.0,tarde,jueves,distrito 6,3.9,6.0,1.0,07/01/2025
alta rotación,"2,53 €",11.0,54.0,40.0,30.0,sí,1.1536797967986279,14800.0,tarde,jueves,distrito 3,2.0,0.0,1.0,18/05/2025
alta rotación,"3,44 €",15.0,63.0,1.0,52.0,no,0.910330045745271,8668.0,mediodía,viernes,distrito 1,3.7,4.0,8.0,26/06/2025
alta rotación,"2,53 €",34.0,48.0,4.0,146.0,sí,0.8235285983615783,12537.0,mediodía,martes,distrito 4,1.3,1.0,5.0,11/01/2025
residentes,"1,85 €",10.0,29.0,7.0,36.0,sí,1.7871607596712569,12857.0,tarde,lunes,distrito 6,2.3,3.0,7.0,27/04/2025
alta rotación,"2,04 €",41.0,24.0,2.0,16.0,sí,1.039923105079363,5307.0,tarde,sábado,distrito 10,0.9,3.0,0.0,12/09/2025
rotación media,"1,44 €",12.0,31.0,7.0,133.0,sí,1.190055891980522,5703.0,mañana,martes,distrito 1,4.6,0.0,7.0,14/07/2025
alta rotación,"2,32 €",59.0,3.0,10.0,13.0,sí,0.541708570075532,4552.0,tarde,sábado,distrito 10,5.7,5.0,6.0,11/06/2025
alta rotación,"0,50 €",7.0,9.0,4.0,122.0,sí,1.8455530785570247,7324.0,mañana,miércoles,distrito 4,-99.0,6.0,6.0,12/10/2025
alta rotación,"1,45 €",47.0,22.0,6.0,64.0,sí,1.1688972029225062,15353.0,mañana,sábado,distrito 5,3.9,3.0,2.0,03/04/2025
rotación media,"2,29 €",24.0,20.0,13.0,98.0,no,1.4511464632153457,28971.0,mañana,viernes,distrito 6,3.4,2.0,2.0,12/09/2025
residentes,"2,28 €",31.0,16.0,8.0,49.0,sí,1.2473124425906859,11638.0,mediodía,martes,distrito 5,3.3,3.0,6.0,03/08/2025
rotación media,"1,63 €",31.0,4.0,4.0,82.0,no,0.8561699144517895,9227.0,mediodía,viernes,distrito 9,1.8,0.0,8.0,05/07/2025
rotación media,"2,44 €",10.0,15.0,0.0,208.0,sí,0.5002878008035186,8207.0,mediodía,martes,distrito 9,-99.0,1.0,5.0,25/02/2025
larga estancia,"1,63 €",47.0,27.0,6.0,22.0,no,1.1531377345929366,15581.0,mediodía,jueves,distrito 4,5.5,0.0,4.0,07/03/2025
rotación media,"2,85 €",45.0,26.0,10.0,92.0,no,1.124263275140464,5273.0,mañana,martes,distrito 5,1.4,4.0,5.0,14/09/2025
rotación media,"1,91 €",41.0,34.0,13.0,177.0,sí,1.623647065423324,3259.0,mediodía,miércoles,distrito 4,-99.0,0.0,2.0,04/02/2025
larga estancia,"2,43 €",27.0,18.0,28.0,12.0,sí,1.0279284643264839,4836.0,tarde,martes,distrito 2,0.8,1.0,1.0,20/03/2025
residentes,"1,99 €",15.0,3.0,8.0,21.0,sí,0.9200371738337502,7331.0,mañana,jueves,distrito 4,4.8,5.0,3.0,18/03/2025
alta rotación,"2,09 €",19.0,14.0,6.0,16.0,sí,0.8306639347736668,16089.0,tarde,jueves,distrito 1,3.4,5.0,2.0,13/10/2025
rotación media,"2,01 €",10.0,17.0,11.0,0.0,sí,1.5679718483454397,9145.0,mediodía,jueves,distrito 9,5.1,3.0,6.0,03/06/2025
alta rotación,"3,00 €",13.0,18.0,5.0,172.0,sí,0.3909601594387929,12372.0,mañana,lunes,distrito 10,-99.0,0.0,6.0,09/06/2025
ROTACIÓN MEDIA,"1,92 €",46.0,14.0,14.0,32.0,sí,1.3882216915151264,5825.0,mañana,lunes,distrito 8,-99.0,2.0,2.0,15/04/2025
alta rotación,"2,28 €",34.0,101.0,2.0,24.0,sí,1.2605453459598162,39916.0,mañana,martes,distrito 7,-99.0,3.0,2.0,15/07/2025
ROTACIÓN MEDIA,"2,12 €",26.0,19.0,30.0,52.0,no,1.5646868378047718,6700.0,mediodía,jueves,distrito 10,2.4,4.0,0.0,06/09/2025
rotación media,"1,48 €",24.0,17.0,13.0,33.0,sí,1.0659828779885077,6434.0,mediodía,miércoles,distrito 4,1.2,0.0,8.0,22/09/2025
ROTACIÓN MEDIA,"3,01 €",38.0,23.0,34.0,7.0,sí,1.1028002611772458,3360.0,tarde,jueves,distrito 6,4.2,3.0,1.0,25/05/2025
ROTACIÓN MEDIA,"1,94 €",10.0,19.0,14.0,35.0,sí,1.0641202036237334,13937.0,tarde,miércoles,distrito 6,2.9,1.0,2.0,08/05/2025
larga estancia,"1,28 €",54.0,20.0,0.0,10.0,sí,1.0191209959246257,7646.0,mediodía,sábado,distrito 1,4.6,4.0,0.0,19/09/2025
rotación media,"2,38 €",43.0,6.0,1.0,95.0,sí,0.27246437386128297,5163.0,mañana,sábado,distrito 7,3.5,3.0,3.0,29/06/2025
larga estancia,"2,12 €",44.0,5.0,14.0,85.0,sí,1.0740345961882518,5062.0,mediodía,jueves,distrito 2,-99.0,3.0,3.0,02/09/2025
residentes,"1,58 €",27.0,27.0,1.0,100.0,sí,0.977572489821334,6526.0,mañana,miércoles,distrito 7,3.0,2.0,0.0,08/05/2025
rotación media,"2,44 €",33.0,23.0,10.0,151.0,sí,0.7357572142073292,3235.0,mediodía,miércoles,distrito 4,2.8,2.0,4.0,07/04/2025
rotación media,"1,91 €",40.0,21.0,4.0,48.0,sí,1.1651745919578158,15271.0,tarde,sábado,distrito 5,3.7,4.0,4.0,15/04/2025
residentes,"2,10 €",37.0,46.0,25.0,203.0,sí,1.4727681370312995,7840.0,mediodía,viernes,distrito 1,1.9,4.0,1.0,22/01/2025
ALTA ROTACIÓN,"3,38 €",39.0,3.0,4.0,96.0,no,0.5506894700762238,8243.0,mediodía,martes,distrito 2,4.4,0.0,5.0,07/05/2025
larga estancia,"2,58 €",39.0,72.0,25.0,91.0,sí,1.1510098535266455,3873.0,mediodía,viernes,distrito 8,2.2,5.0,3.0,02/06/2025
alta rotación,"3,52 €",13.0,45.0,9.0,77.0,no,0.828833002716545,7214.0,tarde,jueves,distrito 5,3.3,2.0,6.0,18/03/2025
rotación media,"3,43 €",42.0,35.0,5.0,77.0,sí,0.6497928056999972,5782.0,tarde,miércoles,distrito 9,3.7,3.0,5.0,25/09/2025
larga estancia,"2,51 €",36.0,23.0,3.0,25.0,sí,0.8437636227411207,18042.0,tarde,sábado,distrito 11,2.8,4.0,6.0,10/07/2025
  larga estancia ,"1,99 €",45.0,63.0,22.0,77.0,sí,1.1507461573040016,19408.0,tarde,miércoles,distrito 2,0.8,4.0,2.0,11/07/2025
  rotación media ,"1,90 €",8.0,34.0,12.0,66.0,no,1.703259323827468,15201.0,tarde,viernes,distrito 3,2.8,3.0,8.0,29/06/2025
ROTACIÓN MEDIA,"1,55 €",31.0,4.0,11.0,85.0,sí,0.9366703377746434,10829.0,tarde,jueves,distrito 8,1.5,1.0,7.0,08/06/2025
rotación media,"3,00 €",57.0,16.0,4.0,199.0,sí,0.4686459997832272,13415.0,mañana,sábado,distrito 3,2.0,1.0,0.0,07/07/2025
residentes,"1,62 €",54.0,40.0,7.0,20.0,sí,1.7471448719872151,7827.0,mañana,sábado,distrito 6,2.9,4.0,6.0,10/04/2025
larga estancia,"2,60 €",30.0,29.0,18.0,42.0,no,1.005801687378566,5152.0,tarde,lunes,distrito 5,2.4,4.0,8.0,24/04/2025
  rotación media ,"0,70 €",30.0,20.0,2.0,184.0,sí,1.0655993444685763,4669.0,tarde,sábado,distrito 6,2.6,3.0,3.0,12/07/2025
alta rotación,"2,61 €",51.0,29.0,2.0,176.0,no,0.6797585094969998,9261.0,mediodía,viernes,distrito 11,3.6,2.0,0.0,26/08/2025
alta rotacion,"1,50 €",11.0,26.0,12.0,66.0,no,1.4347928677842847,3805.0,mediodía,miércoles,distrito 2,4.5,4.0,7.0,08/06/2025
alta rotacion,"1,94 €",30.0,40.0,2.0,15.0,sí,0.91177549738393,31531.0,mediodía,martes,distrito 4,2.2,1.0,4.0,26/06/2025
alta rotación,"2,24 €",54.0,9.0,4.0,50.0,sí,0.6257765820364688,9331.0,mañana,martes,distrito 5,3.3,5.0,8.0,02/06/2025
larga estancia,"1,40 €",22.0,2.0,3.0,133.0,sí,0.7844178746953155,32225.0,mañana,lunes,distrito 6,-99.0,1.0,4.0,14/01/2025
alta rotación,"1,85 €",19.0,25.0,2.0,90.0,no,1.1816571191814773,7924.0,tarde,sábado,distrito 5,3.5,4.0,2.0,19/04/2025
larga estancia,"2,75 €",37.0,3.0,9.0,45.0,sí,0.8206115297386247,13227.0,mañana,sábado,distrito 1,2.4,6.0,3.0,25/02/2025
alta rotación,"2,82 €",51.0,101.0,2.0,31.0,sí,0.8520718373934326,5048.0,mañana,martes,distrito 2,4.8,5.0,5.0,04/06/2025
residentes,"2,46 €",52.0,13.0,6.0,23.0,sí,0.9133356275117468,30430.0,mañana,viernes,distrito 8,0.8,5.0,4.0,08/07/2025
rotación media,"1,65 €",39.0,4.0,4.0,57.0,sí,0.8978143164300896,10781.0,mañana,jueves,distrito 11,3.5,2.0,4.0,13/02/2025
rotación media,"3,32 €",53.0,26.0,37.0,139.0,sí,1.290537025580558,18814.0,mañana,miércoles,distrito 2,1.4,4.0,3.0,21/10/2025
larga estancia,"2,54 €",25.0,52.0,19.0,34.0,sí,1.0211714283139561,10233.0,mañana,jueves,distrito 11,1.6,4.0,6.0,20/05/2025
rotación media,"1,92 €",19.0,11.0,4.0,33.0,sí,0.609459244266199,4463.0,tarde,miércoles,distrito 3,1.1,2.0,8.0,03/05/2025
ROTACIÓN MEDIA,"0,50 €",60.0,23.0,7.0,50.0,sí,1.6019480486673099,41469.0,mediodía,miércoles,distrito 7,4.8,3.0,6.0,25/06/2025
rotación media,"2,55 €",47.0,28.0,30.0,75.0,no,1.3571147552859966,5020.0,mañana,martes,distrito 11,1.5,6.0,5.0,29/08/2025
ROTACIÓN MEDIA,"2,41 €",40.0,60.0,16.0,164.0,no,1.3155348731018919,7014.0,mañana,martes,distrito 11,2.2,2.0,5.0,19/09/2025
residentes,"1,00 €",42.0,14.0,4.0,115.0,sí,1.728968126195753,10512.0,mañana,lunes,distrito 1,3.7,6.0,6.0,17/01/2025
larga estancia,"2,55 €",29.0,41.0,7.0,36.0,sí,0.7007696529438415,3576.0,mañana,viernes,distrito 3,2.6,2.0,7.0,30/10/2025
  rotación media ,"2,27 €",16.0,33.0,12.0,70.0,sí,0.7347475589276284,10251.0,mañana,martes,distrito 4,5.0,2.0,6.0,01/07/2025
alta rotación,"1,39 €",14.0,99.0,2.0,94.0,sí,1.1154048498217841,11877.0,mediodía,miércoles,distrito 5,4.1,0.0,2.0,14/06/2025
RESIDENTES,"2,31 €",17.0,0.0,3.0,11.0,sí,0.40376155915321515,12773.0,tarde,lunes,distrito 9,2.8,3.0,0.0,14/04/2025
larga estancia,"1,24 €",30.0,7.0,7.0,26.0,sí,1.3265385715695122,7759.0,tarde,jueves,distrito 3,2.8,2.0,7.0,30/03/2025
rotación media,"2,67 €",40.0,6.0,2.0,38.0,sí,0.5994044727497021,14470.0,mañana,jueves,distrito 6,1.5,2.0,3.0,01/02/2025
alta rotación,"1,07 €",55.0,16.0,7.0,28.0,no,1.7201460121867598,10715.0,mañana,lunes,distrito 9,3.0,0.0,1.0,19/07/2025
alta rotación,"1,13 €",42.0,15.0,1.0,23.0,sí,1.4287091504969003,8548.0,tarde,jueves,distrito 7,2.3,5.0,0.0,31/08/2025
larga estancia,"1,84 €",9.0,14.0,10.0,36.0,sí,1.027378929126215,20432.0,tarde,martes,distrito 1,3.8,0.0,5.0,16/08/2025
residentes,"2,67 €",21.0,25.0,11.0,51.0,sí,0.5366856108706364,10259.0,tarde,miércoles,distrito 5,-99.0,2.0,0.0,28/05/2025
alta rotación,"2,76 €",13.0,12.0,24.0,50.0,no,1.2308594356162836,4256.0,mañana,viernes,distrito 3,2.6,5.0,8.0,06/07/2025
  alta rotación ,"1,99 €",31.0,16.0,3.0,55.0,no,0.7285214641975333,4391.0,mañana,jueves,distrito 5,0.8,1.0,8.0,09/05/2025
larga estancia,"2,40 €",21.0,18.0,8.0,102.0,sí,0.680371741193655,5895.0,mediodía,sábado,distrito 5,4.7,6.0,3.0,07/06/2025
rotación media,"2,67 €",45.0,2.0,5.0,58.0,no,0.6581264427052526,5466.0,mediodía,sábado,distrito 8,5.1,6.0,3.0,04/10/2025
alta rotación,"2,35 €",7.0,15.0,8.0,16.0,no,1.199267167636682,16378.0,mañana,miércoles,distrito 6,2.8,3.0,2.0,18/10/2025
rotación media,"2,43 €",19.0,46.0,12.0,68.0,sí,1.2005323585182137,4463.0,tarde,jueves,distrito 9,2.0,3.0,4.0,14/03/2025
larga estancia,"2,00 €",15.0,20.0,12.0,80.0,no,0.9617922643690385,3158.0,tarde,sábado,distrito 8,-99.0,3.0,8.0,23/08/2025
larga estancia,"1,37 €",37.0,4.0,16.0,89.0,sí,0.8358512973081301,9287.0,mediodía,lunes,distrito 5,-99.0,1.0,7.0,23/04/2025
residentes,"2,44 €",49.0,25.0,8.0,44.0,sí,0.6757152555368433,17727.0,tarde,lunes,distrito 6,2.9,2.0,8.0,28/10/2025
alta rotación,"1,98 €",39.0,5.0,7.0,99.0,sí,0.9928133854649823,5194.0,mediodía,jueves,distrito 4,3.6,0.0,4.0,31/01/2025
larga estancia,"2,68 €",10.0,16.0,7.0,57.0,sí,0.5203691131830075,14546.0,tarde,miércoles,distrito 2,4.3,4.0,2.0,30/05/2025
alta rotación,"1,93 €",36.0,47.0,20.0,240.0,sí,1.28689979178335,14797.0,mediodía,jueves,distrito 4,8.1,3.0,6.0,13/08/2025
residentes,"2,79 €",29.0,25.0,19.0,152.0,sí,0.631483530267483,4163.0,tarde,viernes,distrito 1,2.4,1.0,4.0,12/08/2025
alta rotación,"2,62 €",55.0,26.0,20.0,15.0,no,1.4206257542726464,2501.0,mañana,sábado,distrito 5,4.2,5.0,7.0,30/08/2025
rotación media,"1,96 €",49.0,8.0,3.0,175.0,sí,0.8597079769525444,4808.0,tarde,lunes,distrito 8,3.5,3.0,5.0,28/06/2025
RESIDENTES,"2,75 €",12.0,22.0,35.0,50.0,sí,0.936287053633543,21717.0,mediodía,sábado,distrito 9,3.9,4.0,1.0,23/02/2025
  larga estancia ,"1,50 €",13.0,13.0,8.0,52.0,sí,0.9916011180238979,12860.0,mañana,jueves,distrito 10,2.4,1.0,8.0,13/09/2025
alta rotación,"2,03 €",42.0,26.0,5.0,68.0,sí,1.0623524822576766,6774.0,tarde,jueves,distrito 10,3.0,2.0,1.0,16/05/2025
rotación media,"1,55 €",13.0,26.0,3.0,45.0,sí,1.4824972175909246,9417.0,tarde,lunes,distrito 1,3.1,5.0,1.0,30/10/2025
alta rotación,"1,90 €",20.0,15.0,7.0,96.0,no,1.1735033154248224,8681.0,tarde,sábado,distrito 5,3.6,4.0,0.0,11/09/2025
  alta rotación ,"1,00 €",42.0,37.0,41.0,129.0,no,2.0220755193928346,6490.0,mañana,viernes,distrito 11,2.4,4.0,3.0,14/05/2025
rotación media,"1,71 €",37.0,19.0,26.0,59.0,sí,1.4788035757520257,12500.0,mañana,lunes,distrito 5,5.2,2.0,5.0,17/05/2025
larga estancia,"1,71 €",20.0,27.0,12.0,97.0,sí,1.1184293618794576,10749.0,tarde,lunes,distrito 8,4.4,0.0,5.0,18/02/2025
alta rotación,"2,94 €",7.0,15.0,5.0,33.0,sí,0.5441091103376677,7043.0,mañana,lunes,distrito 3,3.3,0.0,8.0,09/03/2025
  rotación media ,"1,67 €",11.0,9.0,1.0,15.0,sí,0.8401932292969042,5750.0,mañana,sábado,distrito 10,3.7,5.0,4.0,31/07/2025
larga estancia,"3,49 €",46.0,18.0,17.0,66.0,sí,0.5658503385653627,5328.0,tarde,miércoles,distrito 11,6.0,6.0,1.0,12/05/2025
larga estancia,"2,22 €",48.0,25.0,2.0,205.0,sí,0.7335327800556535,9052.0,mañana,jueves,distrito 3,3.2,2.0,6.0,17/10/2025
ALTA ROTACIÓN,"1,82 €",57.0,22.0,4.0,37.0,no,1.1938353683644467,5662.0,tarde,jueves,distrito 1,3.5,6.0,4.0,15/03/2025
  rotación media ,"2,37 €",57.0,6.0,3.0,31.0,no,0.6728394286259736,6047.0,mañana,miércoles,distrito 7,4.1,0.0,1.0,25/08/2025
residentes,"2,53 €",17.0,12.0,4.0,43.0,sí,0.6189044776439871,13472.0,mediodía,viernes,distrito 9,2.3,1.0,0.0,25/03/2025
residentes,"2,39 €",34.0,20.0,0.0,59.0,sí,0.48576099023403874,10282.0,tarde,jueves,distrito 6,4.1,0.0,1.0,24/05/2025
residentes,"0,94 €",39.0,18.0,15.0,25.0,sí,1.226583253415002,1669.0,mañana,viernes,distrito 1,0.8,5.0,6.0,08/10/2025
rotación media,"1,90 €",22.0,40.0,10.0,29.0,sí,1.60539610727702,4576.0,tarde,sábado,distrito 9,1.9,1.0,2.0,30/01/2025
residentes,"2,39 €",15.0,22.0,7.0,61.0,no,1.1663562117429032,11744.0,mediodía,sábado,distrito 10,1.3,3.0,5.0,14/01/2025
rotación media,"1,38 €",51.0,2.0,9.0,69.0,sí,1.0153603550374912,28114.0,mediodía,martes,distrito 3,5.1,1.0,8.0,31/08/2025
alta rotación,"1,92 €",25.0,8.0,18.0,27.0,sí,1.1396134628695662,7152.0,mediodía,lunes,distrito 4,3.3,1.0,5.0,19/01/2025
rotación media,"2,96 €",38.0,18.0,1.0,120.0,no,0.5355863070220939,18640.0,mañana,jueves,distrito 10,4.7,4.0,0.0,18/09/2025
  residentes ,"1,71 €",24.0,12.0,7.0,80.0,sí,0.8774233778266691,22110.0,mañana,martes,distrito 9,6.0,4.0,5.0,27/02/2025
residentes,"3,52 €",28.0,35.0,7.0,76.0,no,0.6789166255258836,7355.0,mañana,lunes,distrito 7,2.7,4.0,0.0,14/02/2025
rotación media,"1,30 €",17.0,47.0,14.0,45.0,sí,1.6767168667747323,14743.0,tarde,jueves,distrito 1,3.9,6.0,8.0,09/09/2025
larga estancia,"2,98 €",23.0,15.0,13.0,80.0,sí,0.5302347148418831,37049.0,mañana,viernes,distrito 11,2.9,0.0,1.0,05/10/2025
larga estancia,"2,09 €",50.0,33.0,36.0,27.0,sí,1.6270429065106466,8743.0,mañana,sábado,distrito 8,1.3,1.0,7.0,12/07/2025
alta rotacion,"3,52 €",9.0,33.0,8.0,62.0,no,1.2311839163818885,5339.0,mañana,lunes,distrito 6,2.7,3.0,7.0,04/03/2025
  rotación media ,"2,80 €",52.0,5.0,1.0,18.0,sí,0.25960394252917274,6423.0,mediodía,lunes,distrito 7,2.0,1.0,8.0,29/03/2025
rotación media,"1,63 €",59.0,19.0,0.0,19.0,no,1.2043331889027615,8737.0,tarde,sábado,distrito 2,3.8,5.0,4.0,01/08/2025
larga estancia,"3,08 €",12.0,18.0,9.0,15.0,sí,0.5365670027041214,19844.0,mediodía,miércoles,distrito 11,4.1,4.0,2.0,21/10/2025
rotación media,"1,94 €",8.0,14.0,3.0,33.0,sí,0.7756715068850625,9299.0,mañana,viernes,distrito 10,5.8,6.0,8.0,09/07/2025
LARGA ESTANCIA,"1,33 €",21.0,3.0,17.0,52.0,no,1.2830933698992788,12243.0,mediodía,miércoles,distrito 1,3.2,1.0,8.0,08/01/2025
  residentes ,"2,35 €",38.0,6.0,0.0,56.0,no,0.5120155401636806,16645.0,mañana,lunes,distrito 7,-99.0,3.0,5.0,06/02/2025
larga estancia,"3,01 €",38.0,8.0,5.0,3.0,sí,0.6885834926000944,5010.0,mañana,martes,distrito 11,4.0,4.0,4.0,29/01/2025
rotación media,"1,10 €",31.0,18.0,23.0,6.0,no,1.5773559009190377,8596.0,tarde,sábado,distrito 6,3.4,4.0,6.0,15/04/2025
larga estancia,"0,50 €",33.0,2.0,0.0,105.0,no,1.0034750045088447,9308.0,mañana,lunes,distrito 5,3.9,4.0,6.0,07/04/2025
rotación media,"3,02 €",11.0,46.0,17.0,167.0,no,1.0577226304226226,10985.0,mañana,lunes,distrito 10,4.6,0.0,1.0,20/08/2025
ALTA ROTACIÓN,"2,52 €",22.0,15.0,45.0,15.0,no,1.0827336346603684,10144.0,mediodía,sábado,distrito 3,2.1,1.0,5.0,31/05/2025
rotacion media,"2,63 €",51.0,23.0,1.0,63.0,sí,0.8144768143026595,11131.0,mañana,miércoles,distrito 1,4.9,3.0,5.0,05/09/2025
rotacion media,"2,03 €",13.0,5.0,3.0,16.0,no,1.1920385102809068,15642.0,tarde,jueves,distrito 8,4.4,2.0,6.0,19/02/2025
rotación media,"2,69 €",58.0,3.0,6.0,6.0,sí,0.9733562218925604,12719.0,mediodía,sábado,distrito 11,5.3,4.0,8.0,13/08/2025
larga estancia,"2,16 €",46.0,12.0,7.0,46.0,sí,1.4401665580579976,7261.0,tarde,jueves,distrito 1,5.1,6.0,5.0,19/06/2025
larga estancia,"2,46 €",22.0,17.0,1.0,14.0,sí,0.3240223744536542,5350.0,mediodía,miércoles,distrito 8,3.7,2.0,5.0,23/09/2025
alta rotación,"1,10 €",19.0,26.0,18.0,72.0,no,1.759946537889527,5530.0,mañana,martes,distrito 9,2.7,2.0,1.0,07/10/2025
alta rotación,"2,02 €",15.0,14.0,23.0,11.0,sí,1.258817168857675,38955.0,mediodía,viernes,distrito 5,2.4,2.0,6.0,30/05/2025
alta rotacion,"4,14 €",56.0,25.0,22.0,108.0,sí,0.6144853249524194,8987.0,mediodía,martes,distrito 11,3.4,3.0,6.0,23/02/2025
rotación media,"2,27 €",32.0,5.0,0.0,48.0,sí,0.19547265185531487,13515.0,mediodía,lunes,distrito 5,4.4,6.0,7.0,25/07/2025
residentes,"0,95 €",51.0,20.0,30.0,43.0,no,1.9935207143603737,6976.0,tarde,viernes,distrito 11,4.9,0.0,6.0,26/07/2025
alta rotación,"1,15 €",16.0,15.0,26.0,35.0,no,1.984326014272038,6128.0,tarde,viernes,distrito 3,4.4,2.0,0.0,02/06/2025
residentes,"2,64 €",13.0,10.0,6.0,32.0,sí,0.6944244854205719,26620.0,mediodía,sábado,distrito 7,2.5,6.0,8.0,16/01/2025
larga estancia,"2,66 €",42.0,19.0,7.0,42.0,sí,0.7468006235993313,14227.0,mañana,jueves,distrito 1,4.8,0.0,3.0,21/03/2025
alta rotación,"3,45 €",34.0,42.0,19.0,101.0,sí,0.8474841096916099,14438.0,mañana,martes,distrito 10,4.0,4.0,2.0,20/03/2025
alta rotación,"2,63 €",46.0,36.0,10.0,99.0,sí,0.7109242339262973,3642.0,mañana,jueves,distrito 6,1.8,4.0,7.0,11/08/2025
larga estancia,"1,90 €",22.0,7.0,2.0,16.0,sí,0.614389443438223,9662.0,mañana,martes,distrito 2,2.6,5.0,0.0,29/06/2025
alta rotación,"3,10 €",56.0,28.0,15.0,54.0,sí,0.9183024956800038,12726.0,mañana,martes,distrito 11,2.1,5.0,8.0,23/08/2025
larga estancia,"2,41 €",34.0,13.0,12.0,46.0,sí,0.8008502490644095,7014.0,tarde,jueves,distrito 9,1.1,4.0,4.0,04/05/2025
larga estancia,"2,17 €",17.0,47.0,2.0,42.0,sí,0.9972335227284458,6032.0,mediodía,viernes,distrito 10,0.8,5.0,3.0,04/08/2025
larga estancia,"1,62 €",44.0,1.0,1.0,37.0,sí,0.23259621057308444,10758.0,mediodía,jueves,distrito 11,-99.0,5.0,7.0,22/01/2025
rotación media,"1,33 €",24.0,20.0,50.0,28.0,no,1.6277747752231158,1549.0,tarde,viernes,distrito 8,0.8,4.0,2.0,17/03/2025
alta rotación,"1,82 €",60.0,31.0,2.0,98.0,sí,0.9259558867308124,9735.0,mañana,martes,distrito 8,4.6,2.0,1.0,09/09/2025
rotación media,"1,32 €",9.0,7.0,11.0,46.0,sí,1.2163826798118758,10253.0,mediodía,sábado,distrito 3,2.6,5.0,1.0,06/08/2025
  rotación media ,"1,82 €",10.0,8.0,13.0,127.0,no,0.7369593169332793,5881.0,mañana,jueves,distrito 2,1.4,1.0,7.0,12/05/2025
residentes,"1,22 €",57.0,11.0,3.0,43.0,sí,1.3417843548285868,7252.0,tarde,lunes,distrito 6,-99.0,6.0,4.0,10/02/2025
larga estancia,"1,76 €",42.0,20.0,17.0,74.0,sí,0.9537853160686954,7733.0,mediodía,viernes,distrito 11,2.9,2.0,6.0,23/10/2025
alta rotacion,"1,55 €",8.0,17.0,14.0,108.0,no,1.6638767899541902,9285.0,tarde,martes,distrito 11,2.6,1.0,6.0,30/09/2025
larga estancia,"0,95 €",33.0,42.0,12.0,69.0,sí,1.8053415960344599,20539.0,tarde,lunes,distrito 2,5.2,1.0,3.0,24/10/2025
alta rotación,"2,39 €",20.0,2.0,11.0,113.0,no,0.7311360790867083,6174.0,mediodía,jueves,distrito 7,3.1,4.0,4.0,11/05/2025
rotación media,"2,37 €",47.0,27.0,2.0,52.0,sí,0.9267699774034636,3774.0,mañana,martes,distrito 11,3.8,3.0,8.0,24/01/2025
  larga estancia ,"2,29 €",49.0,22.0,8.0,72.0,no,1.171547618689279,16276.0,mañana,sábado,distrito 10,6.0,5.0,8.0,04/06/2025
rotación media,"2,19 €",27.0,2.0,25.0,92.0,no,0.9330629189998273,11291.0,tarde,viernes,distrito 9,0.8,1.0,2.0,06/07/2025
rotacion media,"2,41 €",30.0,38.0,4.0,97.0,sí,1.1819804269884144,8257.0,tarde,lunes,distrito 3,-99.0,0.0,0.0,13/10/2025
alta rotación,"1,51 €",7.0,19.0,3.0,67.0,sí,0.5558181947523034,5604.0,tarde,lunes,distrito 8,2.4,2.0,6.0,28/04/2025
alta rotación,"1,73 €",18.0,15.0,5.0,78.0,sí,1.1229450056196009,13265.0,mediodía,sábado,distrito 11,2.1,0.0,0.0,27/04/2025
rotación media,"2,29 €",32.0,14.0,6.0,67.0,no,1.1725824254357655,11191.0,tarde,martes,distrito 6,5.9,2.0,5.0,25/06/2025
rotación media,"2,05 €",22.0,22.0,36.0,76.0,sí,1.0751106961298078,3837.0,mañana,sábado,distrito 4,1.3,2.0,8.0,26/10/2025
larga estancia,"0,50 €",50.0,12.0,0.0,48.0,no,0.7865133058622662,9091.0,mañana,jueves,distrito 5,2.4,3.0,7.0,04/02/2025
RESIDENTES,"1,77 €",34.0,7.0,2.0,131.0,sí,1.0173666048909513,29105.0,mediodía,martes,distrito 5,3.5,1.0,7.0,06/10/2025
larga estancia,"2,44 €",35.0,26.0,1.0,82.0,sí,1.0340777991347367,12254.0,mediodía,miércoles,distrito 4,3.0,5.0,0.0,09/08/2025
rotación media,"2,39 €",31.0,23.0,8.0,74.0,sí,0.8945953707430442,8490.0,tarde,martes,distrito 8,2.1,4.0,2.0,22/07/2025
alta rotación,"2,19 €",56.0,14.0,10.0,41.0,no,1.0514220725240893,8130.0,mediodía,jueves,distrito 4,3.7,0.0,5.0,01/08/2025
larga estancia,"1,62 €",21.0,19.0,16.0,9.0,sí,1.0702297108245762,5166.0,tarde,lunes,distrito 9,2.1,6.0,7.0,16/09/2025
larga estancia,"2,54 €",17.0,28.0,0.0,106.0,sí,0.5712006523779962,6946.0,mañana,miércoles,distrito 7,3.7,6.0,4.0,13/03/2025
rotación media,"1,92 €",28.0,16.0,0.0,35.0,no,0.5327510646046361,5974.0,mediodía,sábado,distrito 9,3.4,2.0,3.0,30/09/2025
alta rotación,"0,77 €",18.0,10.0,5.0,44.0,no,1.5945986977282327,9259.0,mañana,miércoles,distrito 11,2.5,1.0,1.0,28/06/2025
ROTACIÓN MEDIA,"2,46 €",23.0,40.0,8.0,9.0,sí,1.4004477238561077,3924.0,mañana,sábado,distrito 10,4.7,6.0,7.0,18/09/2025
alta rotación,"1,46 €",46.0,12.0,2.0,44.0,sí,1.2313703341536895,6281.0,mediodía,martes,distrito 6,5.3,2.0,2.0,20/05/2025
  larga estancia ,"1,65 €",7.0,6.0,22.0,55.0,sí,0.9437907871813179,8670.0,mañana,sábado,distrito 9,3.5,2.0,3.0,22/04/2025
  residentes ,"1,85 €",29.0,10.0,5.0,15.0,no,0.8617562962124514,7285.0,mediodía,sábado,distrito 9,0.9,4.0,0.0,12/02/2025
  alta rotación ,"0,80 €",28.0,8.0,20.0,110.0,no,1.4303332716020725,4753.0,mediodía,jueves,distrito 11,5.0,6.0,1.0,05/09/2025
alta rotación,"2,93 €",7.0,7.0,2.0,39.0,sí,0.3235429141485616,4825.0,mañana,miércoles,distrito 11,3.9,0.0,0.0,06/10/2025
residentes,"1,91 €",15.0,6.0,9.0,66.0,no,0.6480513007524917,28895.0,mediodía,jueves,distrito 8,3.3,4.0,2.0,22/10/2025
LARGA ESTANCIA,"1,84 €",55.0,16.0,2.0,37.0,sí,0.6950653917164977,12899.0,mediodía,viernes,distrito 5,1.3,2.0,0.0,25/07/2025
rotación media,"1,54 €",58.0,23.0,1.0,49.0,sí,1.235501279427813,16502.0,tarde,viernes,distrito 5,1.0,6.0,0.0,09/04/2025
larga estancia,"3,15 €",29.0,8.0,28.0,37.0,no,0.7969159761357223,5082.0,mañana,martes,distrito 4,5.9,4.0,1.0,18/03/2025
RESIDENTES,"1,95 €",36.0,19.0,0.0,31.0,no,0.873660671913294,15944.0,mañana,jueves,distrito 1,2.8,2.0,7.0,21/06/2025
rotación media,"2,00 €",22.0,18.0,14.0,48.0,sí,1.317106384007205,5627.0,mediodía,martes,distrito 6,1.3,6.0,0.0,12/09/2025
larga estancia,"2,50 €",46.0,4.0,14.0,50.0,no,1.135228637063604,15066.0,mañana,sábado,distrito 2,1.9,4.0,4.0,20/06/2025
larga estancia,"2,26 €",8.0,8.0,0.0,11.0,sí,0.5772129416413351,5625.0,mañana,martes,distrito 4,3.1,2.0,6.0,22/06/2025
larga estancia,"1,00 €",33.0,26.0,6.0,23.0,sí,0.9930131134054033,15092.0,mediodía,jueves,distrito 6,4.1,1.0,8.0,29/01/2025
rotación media,"1,93 €",37.0,19.0,1.0,384.0,sí,0.752286561490752,13161.0,mañana,sábado,distrito 8,1.8,0.0,4.0,06/05/2025
rotacion media,"1,52 €",33.0,53.0,9.0,85.0,sí,1.5683833778095801,10992.0,mañana,jueves,distrito 7,4.6,0.0,2.0,21/09/2025
alta rotación,"2,38 €",35.0,3.0,13.0,14.0,sí,0.6478868692197162,7269.0,mañana,martes,distrito 10,2.3,3.0,2.0,08/08/2025
residentes,"2,04 €",50.0,45.0,18.0,7.0,sí,1.4687233863069145,2875.0,mediodía,miércoles,distrito 4,4.0,3.0,6.0,07/01/2025
larga estancia,"2,32 €",13.0,13.0,0.0,32.0,sí,0.5563821529939711,12874.0,mañana,jueves,distrito 3,2.7,0.0,6.0,31/03/2025
ALTA ROTACIÓN,"2,92 €",21.0,5.0,6.0,168.0,sí,0.5703579683546673,3149.0,tarde,lunes,distrito 6,4.2,4.0,6.0,01/08/2025
rotacion media,"1,51 €",9.0,57.0,17.0,57.0,no,1.4256561233759741,4022.0,mediodía,jueves,distrito 6,3.2,0.0,6.0,24/04/2025
rotación media,"2,55 €",29.0,41.0,24.0,153.0,sí,1.4724329913472056,15991.0,tarde,lunes,distrito 1,-99.0,2.0,0.0,16/10/2025
larga estancia,"0,89 €",18.0,3.0,0.0,40.0,sí,0.5501374377049382,11001.0,tarde,sábado,distrito 9,6.2,2.0,0.0,19/05/2025
RESIDENTES,"1,77 €",45.0,16.0,0.0,92.0,sí,0.7420051998725842,11193.0,tarde,viernes,distrito 9,3.8,5.0,4.0,09/09/2025
larga estancia,"1,92 €",6.0,18.0,2.0,42.0,sí,0.7792099236996602,7708.0,tarde,jueves,distrito 10,2.3,3.0,6.0,18/06/2025
alta rotación,"1,68 €",32.0,10.0,8.0,79.0,sí,1.1202193764174677,16180.0,mediodía,lunes,distrito 9,1.3,0.0,1.0,12/05/2025
  rotación media ,"2,12 €",7.0,21.0,1.0,49.0,sí,1.009188382309841,5936.0,mañana,viernes,distrito 5,1.7,4.0,7.0,27/05/2025
alta rotación,"0,72 €",52.0,1.0,5.0,79.0,sí,1.1574845719949298,8604.0,mediodía,lunes,distrito 4,2.9,3.0,6.0,23/05/2025
rotación media,"1,11 €",12.0,7.0,1.0,22.0,sí,0.8521281142181883,6738.0,mañana,viernes,distrito 10,2.1,0.0,7.0,30/05/2025
alta rotación,"2,82 €",60.0,11.0,28.0,18.0,no,1.1934086136012072,6340.0,mañana,martes,distrito 11,-99.0,1.0,2.0,05/04/2025
larga estancia,"2,22 €",11.0,26.0,0.0,17.0,no,0.7988911327341837,31242.0,mañana,martes,distrito 11,4.2,6.0,1.0,12/09/2025
  rotación media ,"2,68 €",44.0,29.0,21.0,72.0,sí,0.7598512320537689,6795.0,mañana,viernes,distrito 1,2.8,1.0,6.0,27/07/2025
alta rotación,"2,52 €",58.0,26.0,4.0,31.0,sí,0.8788558681210253,10193.0,mediodía,viernes,distrito 6,-99.0,5.0,6.0,04/08/2025
alta rotación,"1,80 €",51.0,20.0,3.0,69.0,sí,0.7075865015292213,4309.0,tarde,martes,distrito 8,3.3,2.0,0.0,20/03/2025
rotación media,"3,22 €",42.0,45.0,31.0,64.0,sí,1.208896952922211,12174.0,mañana,viernes,distrito 3,4.2,4.0,8.0,14/08/2025
rotación media,"2,65 €",52.0,15.0,11.0,25.0,sí,1.2084293056335556,5555.0,mañana,lunes,distrito 3,3.5,6.0,0.0,24/02/2025
  rotación media ,"1,06 €",55.0,5.0,17.0,32.0,sí,1.3838005939003486,6693.0,mediodía,martes,distrito 9,5.4,4.0,4.0,22/10/2025
  rotación media ,"2,51 €",48.0,12.0,23.0,117.0,sí,0.8160047411252873,8944.0,mañana,lunes,distrito 4,-99.0,5.0,7.0,20/01/2025
alta rotación,"3,06 €",13.0,25.0,2.0,45.0,sí,0.8605790322374959,14493.0,mañana,viernes,distrito 4,3.2,5.0,7.0,26/04/2025
alta rotación,"1,00 €",38.0,7.0,17.0,124.0,no,1.7805332045967301,8615.0,mediodía,martes,distrito 8,3.5,0.0,6.0,10/05/2025
alta rotación,"3,31 €",9.0,6.0,13.0,48.0,sí,0.6471074766591937,11846.0,tarde,sábado,distrito 11,2.7,5.0,0.0,01/04/2025
RESIDENTES,"3,07 €",60.0,5.0,1.0,4.0,sí,0.6168503682782635,9854.0,mediodía,martes,distrito 1,-99.0,5.0,3.0,02/09/2025
residentes,"2,08 €",51.0,26.0,10.0,243.0,sí,1.3407995401126334,11571.0,tarde,lunes,distrito 5,4.5,5.0,5.0,09/09/2025
larga estancia,"1,90 €",9.0,11.0,8.0,73.0,sí,0.7487184368012794,3771.0,mañana,jueves,distrito 1,1.2,4.0,3.0,16/01/2025
larga estancia,"2,51 €",60.0,0.0,9.0,12.0,sí,0.4011504018871555,21958.0,tarde,miércoles,distrito 7,2.6,6.0,6.0,16/05/2025
  rotación media ,"2,64 €",9.0,48.0,4.0,50.0,sí,1.3350711957919328,12232.0,mañana,lunes,distrito 7,3.3,4.0,4.0,28/02/2025
larga estancia,"2,25 €",39.0,14.0,18.0,61.0,sí,0.7948580054878666,4722.0,tarde,miércoles,distrito 6,3.2,5.0,7.0,17/05/2025
rotación media,"2,04 €",26.0,7.0,26.0,271.0,sí,0.9005409808465376,11067.0,tarde,sábado,distrito 4,6.2,5.0,3.0,30/01/2025
RESIDENTES,"1,69 €",27.0,4.0,19.0,46.0,no,1.0986879518727128,7454.0,mediodía,viernes,distrito 7,0.8,1.0,8.0,21/04/2025
rotación media,"2,41 €",37.0,30.0,10.0,8.0,sí,0.8703880778189852,12690.0,mañana,martes,distrito 8,3.3,6.0,5.0,18/04/2025
alta rotación,"2,08 €",8.0,12.0,25.0,92.0,sí,1.1781633172625328,7979.0,mañana,martes,distrito 7,3.1,3.0,6.0,23/08/2025
residentes,"2,57 €",18.0,15.0,1.0,53.0,sí,0.6820791056594606,27082.0,tarde,jueves,distrito 7,3.2,3.0,5.0,01/09/2025
residentes,"2,83 €",15.0,8.0,3.0,51.0,sí,0.5964589516145782,7807.0,mediodía,miércoles,distrito 6,1.5,3.0,7.0,13/07/2025
larga estancia,"1,92 €",43.0,40.0,20.0,14.0,sí,1.3319672482212002,7062.0,tarde,lunes,distrito 11,4.7,1.0,4.0,23/02/2025
residentes,"1,74 €",29.0,41.0,5.0,119.0,sí,0.7213054846850065,12856.0,mañana,lunes,distrito 3,5.8,1.0,7.0,07/10/2025
alta rotación,"1,18 €",25.0,20.0,11.0,75.0,sí,1.5365753155808306,21558.0,mañana,sábado,distrito 8,1.2,6.0,4.0,24/04/2025
  alta rotación ,"1,29 €",54.0,15.0,4.0,37.0,sí,1.470921781622175,9099.0,mañana,miércoles,distrito 9,0.8,0.0,3.0,03/10/2025
rotación media,"2,02 €",45.0,48.0,19.0,64.0,sí,1.3614233452515871,25436.0,mañana,miércoles,distrito 8,0.8,6.0,1.0,25/03/2025
residentes,"1,71 €",51.0,29.0,7.0,195.0,sí,1.3668018792044232,11065.0,mañana,martes,distrito 9,2.4,2.0,8.0,19/08/2025
rotación media,"1,24 €",30.0,20.0,0.0,39.0,sí,0.7909117871887338,3091.0,tarde,martes,distrito 3,2.9,3.0,8.0,13/07/2025
rotación media,"1,84 €",6.0,13.0,16.0,111.0,sí,1.0605273972550813,21805.0,tarde,miércoles,distrito 10,3.9,4.0,1.0,19/08/2025
rotación media,"0,50 €",21.0,17.0,8.0,69.0,sí,1.9528151242465932,1940.0,tarde,sábado,distrito 9,3.8,1.0,0.0,12/05/2025
residentes,"3,14 €",50.0,14.0,15.0,46.0,sí,1.0953891736754735,12518.0,mediodía,miércoles,distrito 3,2.3,4.0,1.0,17/05/2025
alta rotación,"2,55 €",56.0,49.0,1.0,17.0,no,1.0949311343518149,4085.0,mañana,viernes,distrito 9,-99.0,0.0,8.0,20/09/2025
rotación media,"2,45 €",18.0,10.0,6.0,81.0,no,0.8350351007420636,7963.0,mediodía,sábado,distrito 11,3.3,6.0,4.0,26/05/2025
  residentes ,"2,32 €",31.0,9.0,13.0,22.0,sí,0.8941327024103086,10869.0,mediodía,miércoles,distrito 11,3.5,2.0,3.0,12/01/2025
larga estancia,"3,04 €",7.0,19.0,4.0,33.0,no,0.8024856710693697,6843.0,mediodía,miércoles,distrito 1,3.3,6.0,3.0,02/07/2025
larga estancia,"2,89 €",18.0,19.0,18.0,70.0,sí,0.818938659112628,13248.0,mediodía,martes,distrito 6,1.1,2.0,1.0,13/04/2025
alta rotación,"2,87 €",21.0,30.0,18.0,119.0,no,1.1314552130815392,7959.0,mañana,viernes,distrito 7,2.1,1.0,8.0,27/04/2025
residentes,"2,64 €",25.0,20.0,18.0,298.0,no,1.001178099218618,21762.0,mediodía,martes,distrito 11,3.2,5.0,7.0,11/09/2025
larga estancia,"1,90 €",22.0,6.0,6.0,68.0,no,1.0287037397142578,6155.0,mañana,miércoles,distrito 4,1.1,2.0,0.0,24/09/2025
larga estancia,"1,71 €",8.0,11.0,3.0,4.0,no,1.273629224754774,9598.0,mediodía,jueves,distrito 6,4.2,0.0,1.0,26/10/2025
rotación media,"1,52 €",55.0,11.0,1.0,20.0,sí,1.0111908368775215,6193.0,mañana,viernes,distrito 1,4.6,0.0,6.0,21/10/2025
residentes,"2,66 €",16.0,4.0,2.0,29.0,no,0.6746773205331107,5305.0,mediodía,lunes,distrito 6,4.1,6.0,3.0,17/05/2025
residentes,"2,46 €",19.0,32.0,36.0,48.0,sí,0.7087828711989506,4354.0,tarde,miércoles,distrito 11,4.4,0.0,5.0,22/05/2025
larga estancia,"2,11 €",44.0,7.0,2.0,45.0,sí,0.05333439822065755,14149.0,mañana,jueves,distrito 4,2.7,3.0,5.0,21/06/2025
alta rotación,"1,79 €",9.0,31.0,10.0,77.0,sí,1.6851153746369063,9493.0,tarde,miércoles,distrito 3,2.3,2.0,1.0,09/08/2025
residentes,"2,12 €",59.0,17.0,3.0,51.0,no,0.9017037536074264,9426.0,tarde,lunes,distrito 3,5.7,3.0,6.0,17/02/2025
larga estancia,"1,41 €",26.0,42.0,19.0,18.0,sí,0.99842245217791,6008.0,mañana,lunes,distrito 2,2.2,6.0,4.0,17/09/2025
rotación media,"2,74 €",45.0,48.0,14.0,14.0,sí,1.2612911792011186,5213.0,tarde,miércoles,distrito 4,4.1,4.0,8.0,02/02/2025
rotación media,"1,23 €",24.0,62.0,4.0,41.0,no,1.6170364024357522,10187.0,mañana,sábado,distrito 6,1.4,0.0,6.0,18/03/2025
alta rotación,"2,79 €",29.0,4.0,3.0,12.0,no,0.8202286170988357,12121.0,mediodía,viernes,distrito 3,3.7,1.0,2.0,24/10/2025
rotación media,"3,27 €",46.0,4.0,7.0,17.0,sí,0.45135761262847024,23896.0,mediodía,miércoles,distrito 7,2.8,6.0,2.0,23/03/2025
larga estancia,"1,92 €",46.0,25.0,2.0,47.0,sí,0.969334202745176,7339.0,mañana,lunes,distrito 10,3.7,3.0,7.0,08/08/2025
alta rotación,"2,46 €",26.0,26.0,16.0,161.0,no,1.2295888730674047,7458.0,tarde,jueves,distrito 4,2.6,5.0,4.0,07/08/2025
rotacion media,"2,84 €",60.0,16.0,4.0,152.0,sí,0.6639016713836517,13261.0,tarde,lunes,distrito 5,-99.0,0.0,0.0,17/08/2025
  residentes ,"0,91 €",27.0,16.0,7.0,94.0,sí,1.580081060398006,2697.0,mañana,martes,distrito 6,-99.0,2.0,4.0,28/10/2025
larga estancia,"2,35 €",25.0,33.0,11.0,201.0,sí,0.730240868019541,12065.0,mañana,miércoles,distrito 7,2.7,3.0,6.0,13/08/2025
rotación media,"0,84 €",49.0,16.0,9.0,81.0,no,1.6017343942011237,6279.0,tarde,sábado,distrito 3,3.1,4.0,2.0,12/10/2025
ALTA ROTACIÓN,"1,24 €",54.0,14.0,4.0,81.0,no,1.3850717050446437,11648.0,tarde,viernes,distrito 1,1.6,1.0,6.0,31/08/2025
rotación media,"1,41 €",12.0,17.0,2.0,142.0,sí,0.7439240146038066,18615.0,mediodía,martes,distrito 3,2.7,4.0,4.0,28/09/2025
rotación media,"1,24 €",54.0,47.0,0.0,24.0,no,1.8239757575677364,7937.0,mediodía,martes,distrito 1,1.4,5.0,1.0,15/03/2025
LARGA ESTANCIA,"2,41 €",20.0,28.0,3.0,42.0,sí,0.7840377324995262,7220.0,mañana,viernes,distrito 2,2.9,3.0,1.0,03/02/2025
larga estancia,"2,30 €",10.0,18.0,10.0,107.0,sí,0.7618276797524807,5758.0,mediodía,martes,distrito 1,5.2,6.0,3.0,03/06/2025
alta rotación,"0,74 €",7.0,13.0,9.0,79.0,sí,1.5702709981670693,9275.0,mediodía,jueves,distrito 11,5.6,6.0,5.0,28/03/2025
alta rotación,"1,42 €",21.0,8.0,33.0,93.0,sí,1.1749036766223737,5157.0,mediodía,sábado,distrito 7,4.9,0.0,7.0,02/05/2025
residentes,"2,18 €",50.0,32.0,3.0,62.0,sí,1.3337359786998824,5631.0,mañana,martes,distrito 2,2.4,1.0,0.0,31/01/2025
larga estancia,"0,97 €",9.0,14.0,5.0,22.0,sí,1.5395648306118987,17812.0,mañana,martes,distrito 7,5.2,6.0,0.0,17/07/2025
alta rotación,"2,93 €",56.0,33.0,26.0,89.0,sí,0.7949569168856242,10000.0,mediodía,martes,distrito 9,-99.0,0.0,5.0,04/08/2025
ROTACIÓN MEDIA,"1,57 €",40.0,14.0,7.0,102.0,sí,1.3695658319395168,12692.0,mañana,miércoles,distrito 7,1.5,3.0,7.0,15/10/2025
residentes,"1,99 €",20.0,9.0,14.0,104.0,sí,0.6271945762100586,4648.0,mediodía,martes,distrito 6,3.1,5.0,3.0,18/09/2025
  larga estancia ,"1,67 €",20.0,17.0,13.0,87.0,no,1.0050675520964631,5802.0,mediodía,martes,distrito 4,1.3,5.0,4.0,28/02/2025
residentes,"2,88 €",37.0,22.0,6.0,14.0,no,1.128146176611662,8330.0,mañana,jueves,distrito 4,2.2,0.0,1.0,27/04/2025
larga estancia,"2,66 €",15.0,14.0,44.0,74.0,no,1.3202961157169288,9685.0,mañana,martes,distrito 9,2.6,4.0,0.0,19/07/2025
larga estancia,"3,35 €",43.0,10.0,2.0,223.0,no,0.6764959439614309,5577.0,mañana,miércoles,distrito 2,4.6,1.0,7.0,12/04/2025
residentes,"2,10 €",55.0,15.0,22.0,62.0,sí,1.1826917055836217,7283.0,tarde,sábado,distrito 10,2.1,6.0,5.0,08/03/2025
rotacion media,"2,56 €",52.0,38.0,20.0,131.0,sí,0.9550496699420117,13524.0,mañana,viernes,distrito 4,-99.0,3.0,8.0,29/08/2025
alta rotación,"2,82 €",16.0,9.0,18.0,51.0,sí,0.6630536366388182,3905.0,mediodía,lunes,distrito 10,3.3,0.0,4.0,25/07/2025
residentes,"2,28 €",19.0,16.0,0.0,54.0,no,0.2571251521257142,4983.0,mañana,sábado,distrito 5,2.1,1.0,3.0,05/03/2025
ALTA ROTACIÓN,"1,66 €",44.0,1.0,8.0,112.0,sí,0.7885835223612783,3577.0,mañana,sábado,distrito 8,3.8,4.0,5.0,24/07/2025
ALTA ROTACIÓN,"3,39 €",48.0,25.0,3.0,31.0,sí,0.7788029183047454,26831.0,mediodía,jueves,distrito 1,5.2,2.0,4.0,05/08/2025
larga estancia,"2,76 €",43.0,21.0,6.0,21.0,sí,0.8681551270417194,3082.0,mañana,lunes,distrito 3,4.2,5.0,5.0,18/10/2025
ROTACIÓN MEDIA,"1,03 €",17.0,46.0,13.0,101.0,no,1.5130746180725545,10602.0,mediodía,lunes,distrito 6,3.1,0.0,7.0,26/01/2025
rotación media,"2,44 €",36.0,29.0,4.0,68.0,sí,0.9251075944375535,14829.0,mañana,sábado,distrito 8,4.1,4.0,0.0,23/03/2025
residentes,"3,09 €",15.0,28.0,3.0,28.0,no,1.2132116302615235,10934.0,tarde,sábado,distrito 1,3.4,6.0,2.0,07/02/2025
rotacion media,"3,52 €",36.0,14.0,11.0,31.0,sí,0.7779442106209168,3453.0,tarde,miércoles,distrito 11,4.6,0.0,0.0,27/01/2025
rotación media,"2,68 €",51.0,19.0,2.0,88.0,no,0.8563264931461385,17500.0,tarde,viernes,distrito 5,3.4,1.0,8.0,07/02/2025
larga estancia,"0,66 €",53.0,18.0,3.0,183.0,no,1.3232783608339054,12840.0,mediodía,sábado,distrito 3,2.7,4.0,3.0,04/09/2025
residentes,"3,12 €",10.0,27.0,12.0,69.0,sí,1.1409850938566013,7219.0,tarde,lunes,distrito 7,3.3,2.0,0.0,11/07/2025
rotación media,"2,62 €",10.0,13.0,15.0,30.0,sí,0.38070671411479506,14585.0,mañana,miércoles,distrito 2,1.7,5.0,1.0,13/06/2025
residentes,"0,87 €",21.0,53.0,23.0,28.0,sí,1.9148485854123414,5850.0,mañana,viernes,distrito 3,1.5,2.0,6.0,26/04/2025
alta rotacion,"1,48 €",24.0,20.0,8.0,78.0,sí,1.0320527043850896,2033.0,tarde,jueves,distrito 10,2.6,4.0,4.0,31/01/2025
alta rotación,"2,86 €",10.0,1.0,45.0,161.0,sí,0.3386358044799661,6560.0,mañana,martes,distrito 2,0.8,0.0,7.0,14/03/2025
rotación media,"0,98 €",26.0,3.0,17.0,41.0,no,1.4006044857616156,6561.0,mañana,viernes,distrito 11,4.5,1.0,4.0,26/05/2025
rotación media,"2,15 €",26.0,41.0,18.0,70.0,no,1.3472957938403198,13187.0,tarde,jueves,distrito 9,4.3,5.0,0.0,12/09/2025
  rotación media ,"1,68 €",29.0,19.0,1.0,36.0,no,0.7861713941476611,6827.0,mediodía,lunes,distrito 10,2.3,0.0,2.0,17/03/2025
larga estancia,"2,34 €",42.0,20.0,3.0,0.0,sí,1.0716652465721275,10452.0,tarde,martes,distrito 11,4.8,2.0,4.0,19/06/2025
  larga estancia ,"1,93 €",28.0,22.0,6.0,6.0,sí,1.1055074285953668,5528.0,tarde,martes,distrito 2,1.6,6.0,3.0,26/09/2025
rotación media,"0,92 €",39.0,13.0,1.0,46.0,sí,1.0184382545738044,9855.0,mediodía,martes,distrito 11,2.0,1.0,2.0,28/01/2025
ROTACIÓN MEDIA,"1,00 €",22.0,70.0,10.0,62.0,no,1.568045409814842,8060.0,mañana,viernes,distrito 1,1.6,4.0,6.0,08/06/2025
residentes,"3,10 €",34.0,39.0,15.0,24.0,no,1.2589148801654084,13940.0,mañana,viernes,distrito 7,2.1,3.0,3.0,08/06/2025
rotación media,"0,50 €",50.0,33.0,15.0,120.0,sí,2.0325457154808957,2668.0,tarde,jueves,distrito 10,2.9,4.0,0.0,11/05/2025
rotación media,"2,23 €",12.0,10.0,6.0,50.0,sí,1.1193001491985597,24927.0,tarde,lunes,distrito 2,4.3,0.0,3.0,02/04/2025
rotación media,"4,02 €",45.0,8.0,29.0,126.0,sí,0.40595155270920147,7409.0,mediodía,viernes,distrito 8,4.4,1.0,8.0,26/03/2025
rotación media,"2,20 €",41.0,44.0,10.0,177.0,sí,1.175781184644943,12954.0,mañana,lunes,distrito 3,3.3,2.0,5.0,09/09/2025
alta rotación,"1,72 €",42.0,6.0,1.0,15.0,no,0.9088858342290063,7429.0,mañana,martes,distrito 1,0.9,2.0,2.0,30/07/2025
residentes,"0,50 €",30.0,29.0,11.0,35.0,no,2.2155899557430807,4113.0,tarde,jueves,distrito 11,3.6,6.0,2.0,20/08/2025
ROTACIÓN MEDIA,"3,23 €",28.0,28.0,12.0,68.0,sí,0.5760418875376452,9697.0,tarde,martes,distrito 11,5.0,3.0,2.0,19/09/2025
larga estancia,"1,13 €",59.0,25.0,19.0,79.0,sí,1.1150050160638076,4547.0,tarde,miércoles,distrito 9,4.5,0.0,6.0,11/09/2025
residentes,"1,37 €",28.0,17.0,2.0,38.0,sí,1.0881922115582296,6457.0,mañana,lunes,distrito 8,2.9,4.0,4.0,01/08/2025
RESIDENTES,"2,91 €",25.0,23.0,29.0,3.0,sí,1.2059313093423027,12142.0,mediodía,lunes,distrito 6,3.8,1.0,3.0,14/06/2025
alta rotación,"2,06 €",56.0,12.0,8.0,46.0,sí,0.7885824248108965,25790.0,mediodía,jueves,distrito 9,1.1,3.0,2.0,13/08/2025
rotación media,"2,70 €",30.0,16.0,9.0,34.0,sí,0.908064860622137,6913.0,mañana,lunes,distrito 2,3.3,5.0,8.0,19/04/2025
residentes,"3,35 €",30.0,14.0,17.0,73.0,sí,0.9424443475743887,3234.0,mediodía,martes,distrito 8,2.3,2.0,8.0,15/05/2025
rotación media,"1,53 €",57.0,9.0,7.0,64.0,sí,1.1650306223565083,5163.0,mañana,sábado,distrito 10,6.0,3.0,7.0,10/02/2025
larga estancia,"1,18 €",20.0,24.0,1.0,44.0,sí,0.9097965636537484,8361.0,mañana,jueves,distrito 1,4.7,0.0,2.0,21/08/2025
ALTA ROTACIÓN,"2,68 €",12.0,37.0,7.0,37.0,sí,1.3342829154423,7822.0,mañana,viernes,distrito 7,2.2,1.0,5.0,30/05/2025
alta rotación,"1,74 €",9.0,25.0,20.0,39.0,sí,1.5471398986912057,2495.0,mediodía,sábado,distrito 8,-99.0,0.0,6.0,21/09/2025
residentes,"1,11 €",20.0,20.0,16.0,318.0,no,1.5527757470356907,7129.0,mediodía,martes,distrito 9,1.3,0.0,3.0,30/10/2025
ROTACIÓN MEDIA,"2,59 €",19.0,30.0,9.0,268.0,no,1.2217943306531813,3337.0,mediodía,jueves,distrito 6,0.8,1.0,1.0,24/07/2025
residentes,"2,19 €",49.0,10.0,16.0,5.0,no,1.456865633518227,8008.0,tarde,miércoles,distrito 7,2.2,1.0,6.0,11/08/2025
larga estancia,"1,08 €",30.0,3.0,9.0,127.0,no,1.0153560791128189,2360.0,tarde,jueves,distrito 3,4.6,6.0,8.0,22/06/2025
alta rotación,"2,72 €",51.0,58.0,1.0,263.0,sí,1.030610520101504,7068.0,mañana,lunes,distrito 1,2.4,2.0,1.0,12/10/2025
alta rotacion,"2,05 €",56.0,23.0,1.0,12.0,sí,1.0458755821904762,18303.0,mañana,lunes,distrito 5,-99.0,2.0,3.0,31/01/2025
residentes,"2,38 €",42.0,10.0,55.0,80.0,sí,1.2153550482570545,5163.0,mediodía,viernes,distrito 7,1.5,4.0,6.0,30/07/2025
  larga estancia ,"3,85 €",12.0,46.0,25.0,33.0,no,1.0312276580844757,5196.0,tarde,sábado,distrito 3,1.3,0.0,4.0,29/04/2025
larga estancia,"1,58 €",49.0,14.0,3.0,99.0,no,1.0353498719638803,27653.0,mañana,sábado,distrito 1,4.7,0.0,6.0,23/10/2025
residentes,"1,34 €",27.0,4.0,19.0,68.0,sí,1.0035925958265859,7515.0,mañana,sábado,distrito 5,4.3,5.0,6.0,12/09/2025
alta rotacion,"2,04 €",22.0,16.0,0.0,33.0,no,0.7964908933684413,10453.0,mañana,jueves,distrito 2,3.8,3.0,3.0,23/02/2025
larga estancia,"2,48 €",9.0,17.0,1.0,36.0,no,0.9664944840751635,17071.0,mañana,sábado,distrito 11,0.8,1.0,3.0,02/05/2025
larga estancia,"2,21 €",42.0,19.0,7.0,47.0,sí,1.2608167135545751,11100.0,tarde,viernes,distrito 5,1.6,2.0,3.0,21/07/2025
alta rotación,"2,29 €",8.0,17.0,3.0,22.0,sí,1.0862480978424753,12645.0,tarde,sábado,distrito 3,4.4,3.0,7.0,30/03/2025
larga estancia,"2,13 €",13.0,26.0,1.0,128.0,no,1.1347584155402262,5864.0,mediodía,viernes,distrito 10,2.6,6.0,2.0,28/03/2025
alta rotación,"1,92 €",50.0,28.0,22.0,51.0,sí,1.105292977022814,15330.0,mañana,sábado,distrito 9,2.6,3.0,6.0,19/10/2025
rotación media,"1,54 €",8.0,4.0,17.0,18.0,no,1.3235873984932733,14140.0,mediodía,miércoles,distrito 7,3.8,0.0,0.0,08/06/2025
larga estancia,"3,11 €",13.0,14.0,2.0,71.0,no,0.4680074552973025,7179.0,tarde,sábado,distrito 2,3.6,5.0,4.0,20/10/2025
larga estancia,"2,83 €",40.0,17.0,15.0,98.0,sí,0.8158427854363717,7775.0,tarde,miércoles,distrito 3,2.4,4.0,8.0,06/10/2025
  alta rotación ,"2,45 €",45.0,8.0,1.0,65.0,sí,0.8186756162697756,20394.0,tarde,lunes,distrito 2,4.4,2.0,4.0,22/08/2025
  alta rotación ,"1,16 €",31.0,39.0,10.0,19.0,no,1.505555001352798,3174.0,mañana,martes,distrito 5,4.4,6.0,1.0,23/09/2025
rotación media,"1,45 €",15.0,38.0,8.0,107.0,no,1.6083501420588746,1244.0,mediodía,martes,distrito 9,3.3,6.0,5.0,16/04/2025
ALTA ROTACIÓN,"3,13 €",21.0,24.0,15.0,114.0,sí,1.0618916601069763,3569.0,mediodía,jueves,distrito 6,4.2,4.0,4.0,07/06/2025
alta rotación,"2,12 €",42.0,1.0,5.0,105.0,sí,0.5097403031696959,4473.0,mediodía,miércoles,distrito 5,-99.0,1.0,3.0,21/08/2025
ROTACIÓN MEDIA,"1,48 €",24.0,1.0,14.0,91.0,sí,0.6436303776131835,6018.0,tarde,sábado,distrito 1,3.7,3.0,8.0,26/06/2025
residentes,"1,86 €",31.0,4.0,0.0,229.0,sí,0.35830007936561115,10474.0,mediodía,miércoles,distrito 3,0.8,5.0,7.0,05/02/2025
  residentes ,"2,90 €",9.0,3.0,16.0,57.0,sí,0.981619020272466,7569.0,tarde,sábado,distrito 8,3.5,3.0,8.0,07/04/2025
ALTA ROTACIÓN,"3,18 €",40.0,15.0,4.0,142.0,sí,0.7773479095305891,12208.0,mediodía,sábado,distrito 11,2.4,1.0,8.0,18/09/2025
rotación media,"2,58 €",27.0,12.0,10.0,91.0,sí,0.7029933013337433,16778.0,mediodía,sábado,distrito 11,0.8,3.0,3.0,10/03/2025
larga estancia,"3,85 €",60.0,82.0,3.0,199.0,no,0.6498042903840054,9510.0,mañana,sábado,distrito 11,2.7,4.0,4.0,01/10/2025
rotación media,"1,78 €",29.0,27.0,1.0,88.0,no,1.4212355142751036,9240.0,mañana,jueves,distrito 3,1.5,5.0,7.0,30/03/2025
residentes,"1,56 €",15.0,18.0,1.0,20.0,sí,0.8172337776952402,7647.0,mañana,sábado,distrito 4,3.5,6.0,4.0,22/10/2025
rotación media,"2,00 €",30.0,13.0,18.0,37.0,sí,0.9643139251285258,4206.0,tarde,sábado,distrito 10,4.6,3.0,0.0,23/07/2025
rotacion media,"2,90 €",15.0,18.0,3.0,143.0,sí,0.41514198897325993,9014.0,tarde,viernes,distrito 2,1.2,6.0,0.0,19/04/2025
  alta rotación ,"2,53 €",31.0,9.0,0.0,98.0,sí,0.83653949654131,15610.0,tarde,jueves,distrito 5,4.6,5.0,7.0,08/08/2025
residentes,"3,08 €",42.0,26.0,17.0,76.0,sí,1.029960257117736,26630.0,mañana,sábado,distrito 7,3.8,2.0,5.0,03/05/2025
rotación media,"1,66 €",51.0,16.0,0.0,9.0,no,0.9740000414760014,4417.0,tarde,jueves,distrito 8,3.9,3.0,8.0,31/08/2025
rotacion media,"2,51 €",25.0,23.0,4.0,11.0,sí,1.1699332336999184,12879.0,mediodía,martes,distrito 4,2.8,4.0,6.0,18/04/2025
larga estancia,"2,69 €",54.0,22.0,0.0,29.0,no,0.6796800919913398,28227.0,mañana,miércoles,distrito 7,4.5,6.0,5.0,09/03/2025
  larga estancia ,"2,25 €",50.0,45.0,0.0,35.0,sí,0.6395929769586279,21346.0,tarde,sábado,distrito 6,2.3,6.0,8.0,01/02/2025
rotacion media,"2,36 €",43.0,8.0,12.0,69.0,no,1.0785869858535533,5729.0,mañana,viernes,distrito 2,1.8,0.0,7.0,18/02/2025
larga estancia,"0,55 €",46.0,37.0,2.0,5.0,no,1.6447396638060199,5012.0,mañana,martes,distrito 4,2.1,3.0,7.0,20/03/2025
rotación media,"1,57 €",31.0,35.0,4.0,10.0,sí,1.0598567469795648,14116.0,mañana,viernes,distrito 1,4.4,1.0,8.0,14/10/2025
  alta rotación ,"1,77 €",33.0,14.0,4.0,129.0,sí,1.2629974100583001,6115.0,mañana,lunes,distrito 5,1.2,5.0,6.0,08/05/2025
rotacion media,"2,74 €",58.0,52.0,1.0,109.0,no,1.2390365081078316,6632.0,mediodía,lunes,distrito 5,2.3,0.0,2.0,09/01/2025
alta rotacion,"3,09 €",26.0,2.0,20.0,95.0,no,0.6970832247828589,49027.0,mediodía,viernes,distrito 10,4.6,0.0,4.0,29/10/2025
  residentes ,"2,60 €",18.0,27.0,1.0,108.0,sí,0.8723718840525322,9476.0,tarde,viernes,distrito 6,2.9,5.0,2.0,29/05/2025
  rotación media ,"3,26 €",30.0,8.0,2.0,6.0,no,1.045853492921725,16539.0,mañana,martes,distrito 11,3.5,1.0,6.0,22/10/2025
rotación media,"2,18 €",10.0,25.0,14.0,66.0,no,1.6089998127383516,23084.0,mediodía,miércoles,distrito 6,5.3,2.0,5.0,11/02/2025
larga estancia,"2,71 €",11.0,7.0,0.0,53.0,sí,0.12210713563528566,20847.0,tarde,sábado,distrito 1,4.0,0.0,6.0,05/03/2025
alta rotacion,"2,02 €",58.0,49.0,4.0,211.0,sí,1.0682764284201485,19267.0,mediodía,sábado,distrito 2,2.3,1.0,3.0,23/10/2025
residentes,"1,93 €",55.0,46.0,15.0,41.0,sí,1.378034476186653,16661.0,tarde,martes,distrito 3,1.0,5.0,6.0,24/06/2025
larga estancia,"3,20 €",26.0,17.0,28.0,84.0,no,1.081965758874509,37121.0,mediodía,jueves,distrito 10,5.4,5.0,7.0,13/01/2025
rotación media,"1,22 €",32.0,22.0,1.0,74.0,sí,0.8997459539105664,6849.0,mañana,lunes,distrito 6,-99.0,5.0,1.0,27/08/2025
alta rotación,"2,61 €",12.0,20.0,10.0,65.0,sí,0.8844879399460318,5863.0,tarde,viernes,distrito 8,4.4,3.0,4.0,23/10/2025
rotación media,"0,63 €",45.0,32.0,0.0,143.0,sí,1.3160886524655442,13421.0,tarde,miércoles,distrito 2,2.9,3.0,8.0,14/04/2025
residentes,"2,17 €",13.0,11.0,1.0,13.0,sí,0.8788882495281435,6143.0,mañana,jueves,distrito 3,5.8,6.0,0.0,12/01/2025
alta rotación,"0,80 €",9.0,5.0,0.0,5.0,no,1.7383202798006396,6030.0,mañana,jueves,distrito 11,4.8,3.0,2.0,03/06/2025
residentes,"1,84 €",30.0,7.0,5.0,22.0,sí,0.9607100423466176,5687.0,tarde,jueves,distrito 4,3.4,5.0,3.0,11/10/2025
ROTACIÓN MEDIA,"1,38 €",8.0,12.0,7.0,335.0,no,1.2765289172532146,6542.0,mañana,lunes,distrito 9,1.4,4.0,2.0,21/03/2025
larga estancia,"1,72 €",10.0,39.0,23.0,50.0,no,1.3002399764930606,4030.0,mediodía,viernes,distrito 1,2.6,3.0,5.0,13/06/2025
residentes,"1,90 €",60.0,21.0,2.0,109.0,no,1.4111430068047548,6337.0,tarde,sábado,distrito 7,4.5,3.0,2.0,06/04/2025
rotación media,"3,23 €",47.0,29.0,35.0,129.0,no,1.0196580677030662,13966.0,tarde,martes,distrito 11,3.7,1.0,6.0,10/09/2025
larga estancia,"1,84 €",19.0,12.0,2.0,55.0,sí,0.3849720773131935,5036.0,tarde,lunes,distrito 10,3.1,3.0,0.0,13/02/2025
rotación media,"1,93 €",50.0,9.0,3.0,68.0,sí,0.7752411188555273,5442.0,mañana,viernes,distrito 5,3.4,1.0,0.0,12/03/2025
alta rotación,"1,17 €",28.0,24.0,5.0,152.0,sí,1.6176356317806717,11708.0,mediodía,sábado,distrito 7,4.7,1.0,5.0,14/06/2025
  rotación media ,"2,42 €",44.0,12.0,7.0,96.0,no,0.7075947554679712,9635.0,mañana,lunes,distrito 10,1.1,3.0,2.0,16/05/2025
ALTA ROTACIÓN,"1,46 €",11.0,15.0,2.0,89.0,sí,1.0777127080820845,9705.0,mediodía,martes,distrito 4,5.2,5.0,8.0,23/08/2025
ALTA ROTACIÓN,"1,13 €",30.0,36.0,6.0,63.0,no,1.4282636073287238,5381.0,tarde,miércoles,distrito 10,2.2,6.0,0.0,13/05/2025
ROTACIÓN MEDIA,"2,08 €",54.0,7.0,0.0,7.0,no,0.9451160395348097,13099.0,mañana,sábado,distrito 1,3.0,0.0,8.0,10/09/2025
alta rotación,"0,99 €",37.0,21.0,11.0,114.0,sí,1.760635474097381,18331.0,mediodía,viernes,distrito 11,4.9,5.0,3.0,20/06/2025
rotación media,"2,06 €",53.0,69.0,4.0,54.0,no,1.2095685236307647,4733.0,mañana,lunes,distrito 5,3.8,3.0,3.0,22/08/2025
residentes,"3,18 €",10.0,34.0,7.0,140.0,no,1.3100836518874306,6495.0,tarde,jueves,distrito 5,2.9,2.0,0.0,08/05/2025
  rotación media ,"0,90 €",13.0,10.0,8.0,79.0,sí,1.4212310953056904,7770.0,tarde,lunes,distrito 10,4.2,0.0,8.0,14/05/2025
larga estancia,"1,79 €",10.0,7.0,1.0,40.0,sí,0.607522421247973,21138.0,tarde,lunes,distrito 3,2.0,1.0,0.0,11/09/2025
alta rotación,"1,86 €",60.0,24.0,3.0,122.0,sí,0.9698184355548378,9325.0,mañana,lunes,distrito 1,1.9,5.0,2.0,12/05/2025
residentes,"2,85 €",58.0,36.0,5.0,58.0,sí,0.7470302220526173,3738.0,mediodía,lunes,distrito 9,2.7,1.0,5.0,23/05/2025
residentes,"1,61 €",11.0,9.0,33.0,34.0,no,1.755224466731694,8963.0,tarde,lunes,distrito 7,3.3,5.0,2.0,21/05/2025
residentes,"1,99 €",60.0,31.0,17.0,85.0,sí,1.5795932731370697,8931.0,tarde,viernes,distrito 5,3.2,3.0,4.0,25/06/2025
ROTACIÓN MEDIA,"1,28 €",15.0,57.0,9.0,59.0,sí,1.9617985397495474,18708.0,mañana,viernes,distrito 6,2.7,3.0,7.0,26/03/2025
larga estancia,"1,40 €",11.0,52.0,5.0,94.0,sí,1.312245788957888,11457.0,mañana,miércoles,distrito 10,4.9,1.0,5.0,09/01/2025
alta rotación,"0,78 €",43.0,28.0,12.0,19.0,no,1.5927637984869873,11510.0,tarde,sábado,distrito 7,4.3,1.0,6.0,07/06/2025
rotación media,"1,49 €",22.0,37.0,10.0,23.0,sí,1.3561672280423271,3713.0,tarde,jueves,distrito 8,1.8,5.0,0.0,30/07/2025
rotación media,"0,51 €",31.0,12.0,9.0,45.0,no,1.8272363082143523,7427.0,tarde,sábado,distrito 5,1.7,0.0,2.0,19/10/2025
larga estancia,"2,58 €",9.0,13.0,23.0,5.0,sí,1.0820556813279327,16633.0,mañana,martes,distrito 5,2.4,1.0,4.0,01/05/2025
alta rotación,"0,72 €",47.0,28.0,3.0,51.0,sí,1.3608189103035824,3403.0,mediodía,sábado,distrito 9,4.5,4.0,3.0,03/02/2025
rotación media,"2,18 €",25.0,9.0,2.0,101.0,sí,0.6186763529370715,11106.0,mañana,miércoles,distrito 7,3.2,4.0,8.0,05/04/2025
larga estancia,"2,60 €",32.0,12.0,1.0,129.0,sí,0.07509309134426884,8010.0,tarde,lunes,distrito 7,2.4,5.0,8.0,01/02/2025
residentes,"2,87 €",20.0,42.0,14.0,45.0,sí,1.0545169501323857,7392.0,tarde,viernes,distrito 10,2.7,6.0,3.0,22/10/2025
residentes,"2,55 €",60.0,12.0,5.0,22.0,sí,1.2493550465109347,14935.0,mañana,jueves,distrito 1,6.0,3.0,8.0,17/04/2025
larga estancia,"2,41 €",10.0,38.0,11.0,143.0,no,1.2905657269005932,7381.0,mediodía,lunes,distrito 4,3.7,0.0,3.0,20/02/2025
rotación media,"2,01 €",59.0,39.0,29.0,98.0,sí,1.2886466202421254,11261.0,mañana,lunes,distrito 11,-99.0,5.0,4.0,10/10/2025
larga estancia,"2,61 €",18.0,90.0,4.0,82.0,no,1.255849400364142,5773.0,mañana,sábado,distrito 3,3.3,1.0,6.0,18/01/2025
alta rotación,"2,82 €",13.0,29.0,5.0,16.0,sí,0.8782428951916513,10698.0,mediodía,martes,distrito 9,-99.0,1.0,0.0,18/03/2025
alta rotación,"2,70 €",31.0,27.0,0.0,106.0,no,0.418584605470644,7029.0,mañana,viernes,distrito 7,3.8,3.0,7.0,09/03/2025
alta rotación,"2,32 €",38.0,31.0,10.0,82.0,no,1.179664163569113,14076.0,mediodía,viernes,distrito 7,2.9,2.0,5.0,26/05/2025
  rotación media ,"1,87 €",37.0,20.0,27.0,148.0,sí,0.7331362946803517,7557.0,tarde,martes,distrito 9,4.6,0.0,3.0,20/09/2025
larga estancia,"0,50 €",60.0,26.0,28.0,56.0,sí,1.8187962865671836,6393.0,tarde,lunes,distrito 3,1.9,3.0,1.0,04/08/2025
larga estancia,"1,98 €",29.0,9.0,6.0,309.0,sí,0.7906280418010629,2801.0,mediodía,sábado,distrito 11,3.3,0.0,7.0,19/06/2025
larga estancia,"1,89 €",51.0,44.0,2.0,34.0,no,1.00184681054237,6544.0,mañana,viernes,distrito 1,6.6,3.0,3.0,18/02/2025
alta rotación,"1,46 €",56.0,13.0,7.0,163.0,sí,1.3992160017971729,5231.0,mediodía,lunes,distrito 7,4.2,0.0,8.0,05/02/2025
residentes,"1,49 €",47.0,11.0,1.0,24.0,sí,1.3121269366186177,10142.0,mañana,miércoles,distrito 10,4.1,1.0,3.0,06/04/2025
  rotación media ,"2,59 €",50.0,31.0,3.0,33.0,no,1.031190719035973,8426.0,mediodía,sábado,distrito 1,4.2,6.0,1.0,23/07/2025
  rotación media ,"3,25 €",35.0,6.0,37.0,3.0,no,1.1380767865630521,14574.0,mañana,sábado,distrito 10,-99.0,6.0,0.0,06/05/2025
alta rotación,"4,03 €",59.0,16.0,2.0,46.0,no,0.7202338559885451,6956.0,tarde,martes,distrito 4,2.1,3.0,6.0,27/05/2025
alta rotación,"0,99 €",10.0,15.0,17.0,2.0,sí,1.7060296212016843,11926.0,mediodía,martes,distrito 9,3.7,2.0,7.0,29/09/2025
alta rotación,"2,41 €",37.0,28.0,2.0,77.0,no,1.1358715406820505,4035.0,mediodía,jueves,distrito 3,1.0,2.0,2.0,11/03/2025
rotación media,"2,85 €",36.0,37.0,1.0,35.0,no,0.9483453273032539,16134.0,mediodía,miércoles,distrito 2,4.8,1.0,1.0,14/09/2025
rotación media,"0,50 €",41.0,4.0,21.0,191.0,sí,1.286875202964405,11753.0,mañana,miércoles,distrito 7,5.3,6.0,6.0,17/03/2025
larga estancia,"2,76 €",54.0,17.0,17.0,51.0,sí,0.6089367777621606,21155.0,tarde,viernes,distrito 2,4.3,0.0,7.0,25/03/2025
  residentes ,"2,39 €",30.0,10.0,3.0,223.0,no,0.9628845996098306,3204.0,mediodía,viernes,distrito 10,2.9,5.0,1.0,24/03/2025
larga estancia,"2,14 €",59.0,13.0,3.0,103.0,sí,0.6254880705764282,9022.0,mediodía,viernes,distrito 10,4.0,2.0,5.0,31/05/2025
residentes,"2,69 €",13.0,5.0,4.0,116.0,no,0.6263243668977655,6610.0,mediodía,viernes,distrito 8,3.8,4.0,1.0,22/02/2025
residentes,"1,41 €",23.0,28.0,5.0,48.0,sí,1.4617608649484346,8566.0,mediodía,jueves,distrito 3,6.2,0.0,7.0,15/08/2025
rotación media,"1,28 €",36.0,9.0,25.0,71.0,no,1.3778873786833252,26114.0,mediodía,jueves,distrito 3,2.7,4.0,6.0,12/05/2025
  rotación media ,"1,75 €",27.0,28.0,17.0,55.0,no,1.5563627539055267,2029.0,mediodía,sábado,distrito 8,2.9,6.0,3.0,19/06/2025
larga estancia,"2,27 €",23.0,13.0,34.0,46.0,no,0.8499707603044708,5493.0,mediodía,sábado,distrito 3,3.3,5.0,6.0,28/10/2025
  alta rotación ,"1,29 €",45.0,14.0,14.0,146.0,sí,0.864234576230043,11280.0,tarde,viernes,distrito 4,2.4,3.0,3.0,07/08/2025
rotación media,"2,18 €",30.0,6.0,16.0,132.0,no,0.9414314263421752,7743.0,mediodía,sábado,distrito 1,4.2,6.0,0.0,04/10/2025
rotación media,"1,64 €",37.0,11.0,25.0,56.0,sí,1.0505785249619122,6929.0,mediodía,viernes,distrito 4,3.8,0.0,7.0,13/06/2025
alta rotación,"3,84 €",11.0,37.0,3.0,72.0,sí,0.5996680067369179,3877.0,tarde,jueves,distrito 8,4.6,6.0,8.0,10/07/2025
alta rotacion,"2,34 €",18.0,9.0,60.0,224.0,no,1.2239380497049737,12767.0,mediodía,jueves,distrito 8,3.7,4.0,8.0,14/01/2025
rotación media,"2,21 €",20.0,12.0,2.0,32.0,sí,0.7451920076432336,4637.0,tarde,jueves,distrito 2,1.5,2.0,6.0,10/10/2025
  alta rotación ,"2,61 €",35.0,21.0,55.0,27.0,sí,1.264618187886722,6529.0,mediodía,sábado,distrito 3,5.0,1.0,7.0,13/09/2025
larga estancia,"1,58 €",52.0,17.0,6.0,46.0,sí,0.9582396349356062,4471.0,mañana,miércoles,distrito 7,3.2,2.0,6.0,18/03/2025
alta rotación,"2,74 €",49.0,23.0,2.0,40.0,no,0.5929847752052788,15506.0,mañana,lunes,distrito 9,3.6,3.0,6.0,27/04/2025
residentes,"2,23 €",11.0,13.0,0.0,10.0,sí,0.9086567178720029,10101.0,mañana,martes,distrito 2,1.7,0.0,7.0,28/07/2025
larga estancia,"1,76 €",38.0,12.0,12.0,34.0,no,1.2151576822362455,10486.0,mañana,lunes,distrito 1,4.6,4.0,2.0,15/07/2025
larga estancia,"0,84 €",28.0,13.0,7.0,116.0,no,1.4077028980995698,8300.0,mediodía,sábado,distrito 4,4.0,1.0,7.0,25/01/2025
alta rotación,"2,17 €",7.0,42.0,40.0,48.0,no,1.5558728049111619,4740.0,tarde,martes,distrito 9,1.9,5.0,3.0,19/05/2025
rotación media,"1,48 €",29.0,21.0,2.0,70.0,no,1.0978630859785743,19391.0,mediodía,martes,distrito 11,-99.0,0.0,8.0,28/02/2025
residentes,"3,25 €",44.0,1.0,1.0,62.0,no,0.7088045022566052,19670.0,mediodía,viernes,distrito 1,3.3,4.0,1.0,08/01/2025
rotación media,"1,64 €",42.0,44.0,23.0,69.0,no,1.204822857561664,14486.0,mañana,sábado,distrito 1,2.4,5.0,5.0,13/01/2025
alta rotación,"0,88 €",16.0,11.0,6.0,31.0,sí,1.3139194280398225,6018.0,mediodía,lunes,distrito 10,3.7,0.0,3.0,06/09/2025
residentes,"2,39 €",22.0,2.0,10.0,81.0,sí,0.870128664781201,3126.0,tarde,viernes,distrito 10,2.4,0.0,2.0,23/10/2025
RESIDENTES,"3,06 €",54.0,15.0,2.0,18.0,sí,0.630205700025676,16101.0,mañana,martes,distrito 3,2.5,3.0,2.0,10/04/2025
alta rotacion,"2,22 €",56.0,45.0,11.0,20.0,no,1.2262356679552384,27346.0,mañana,sábado,distrito 10,4.0,1.0,7.0,03/03/2025
rotación media,"1,68 €",30.0,3.0,30.0,170.0,no,1.0999033640525546,4710.0,tarde,jueves,distrito 10,-99.0,3.0,8.0,23/05/2025
rotación media,"1,59 €",28.0,21.0,4.0,54.0,sí,0.7685712906993274,5853.0,tarde,lunes,distrito 3,2.7,6.0,7.0,26/05/2025
residentes,"2,48 €",59.0,35.0,2.0,108.0,sí,1.078839587258195,3636.0,mediodía,miércoles,distrito 8,6.7,5.0,6.0,10/03/2025
larga estancia,"1,25 €",24.0,51.0,34.0,14.0,sí,1.7210275610543602,6934.0,mediodía,miércoles,distrito 6,6.3,0.0,1.0,21/05/2025
  rotación media ,"1,82 €",59.0,27.0,1.0,100.0,sí,1.3324748153184827,8297.0,tarde,jueves,distrito 5,6.0,4.0,2.0,10/01/2025
rotacion media,"2,89 €",16.0,35.0,0.0,45.0,no,0.7485067242818897,15087.0,tarde,jueves,distrito 1,2.4,2.0,2.0,31/08/2025
rotación media,"3,42 €",22.0,7.0,8.0,77.0,sí,0.5526014738606121,4583.0,tarde,martes,distrito 10,5.6,2.0,8.0,06/02/2025
larga estancia,"1,63 €",52.0,15.0,34.0,99.0,sí,0.9157809875246756,8610.0,tarde,jueves,distrito 7,2.0,1.0,8.0,09/09/2025
alta rotación,"2,90 €",21.0,11.0,3.0,58.0,no,0.7308637695907865,4237.0,mediodía,jueves,distrito 8,2.1,4.0,3.0,26/07/2025
rotacion media,"1,26 €",10.0,4.0,1.0,113.0,no,0.46494161990242167,20539.0,mediodía,viernes,distrito 5,3.9,0.0,1.0,08/04/2025
rotación media,"2,85 €",54.0,10.0,16.0,34.0,no,1.3134083736736717,24745.0,mediodía,jueves,distrito 8,1.7,2.0,4.0,14/01/2025
rotación media,"1,58 €",18.0,24.0,30.0,98.0,sí,1.523813949087128,3705.0,mañana,viernes,distrito 5,2.8,3.0,6.0,29/04/2025
residentes,"1,82 €",54.0,39.0,20.0,40.0,sí,0.845585231784374,5172.0,mediodía,martes,distrito 9,2.2,2.0,1.0,08/05/2025
RESIDENTES,"1,03 €",7.0,26.0,4.0,21.0,no,1.820440293561166,4999.0,mañana,jueves,distrito 8,5.6,3.0,8.0,03/06/2025
alta rotación,"1,99 €",59.0,34.0,8.0,63.0,no,1.066053773337287,7369.0,tarde,jueves,distrito 10,3.4,4.0,8.0,30/10/2025
rotación media,"3,10 €",22.0,5.0,0.0,57.0,sí,-0.2215456164096339,2417.0,mediodía,viernes,distrito 11,2.7,3.0,4.0,06/04/2025
residentes,"1,51 €",51.0,9.0,12.0,218.0,sí,1.1488494546966523,5599.0,mañana,viernes,distrito 7,5.1,5.0,7.0,18/07/2025
rotación media,"2,46 €",42.0,22.0,11.0,33.0,sí,1.3461518069539617,6808.0,mañana,sábado,distrito 10,6.8,5.0,5.0,30/01/2025
larga estancia,"3,78 €",9.0,15.0,17.0,57.0,sí,0.3468353038444081,8605.0,mediodía,miércoles,distrito 3,4.9,6.0,7.0,19/09/2025
larga estancia,"2,35 €",6.0,30.0,2.0,200.0,sí,0.46328377596074494,18052.0,mediodía,martes,distrito 1,3.5,2.0,4.0,01/03/2025
residentes,"2,20 €",33.0,15.0,14.0,28.0,sí,0.9582954821562366,4028.0,mediodía,miércoles,distrito 3,1.2,5.0,6.0,24/05/2025
alta rotación,"3,03 €",35.0,29.0,1.0,127.0,no,0.38049028543709096,27464.0,tarde,martes,distrito 1,0.8,4.0,8.0,18/01/2025
  alta rotación ,"2,37 €",13.0,22.0,1.0,57.0,sí,1.1886542416023906,14384.0,mañana,martes,distrito 8,4.7,6.0,3.0,04/04/2025
alta rotacion,"2,15 €",16.0,19.0,2.0,77.0,sí,0.8938917172140282,4537.0,mañana,sábado,distrito 9,1.2,3.0,2.0,23/08/2025
  rotación media ,"1,34 €",24.0,40.0,0.0,71.0,sí,1.064156115318927,19908.0,mediodía,miércoles,distrito 4,5.0,3.0,3.0,24/03/2025
larga estancia,"2,23 €",40.0,8.0,1.0,118.0,no,0.654662591072095,11444.0,mediodía,martes,distrito 5,4.9,4.0,3.0,01/04/2025
  rotación media ,"0,83 €",29.0,35.0,6.0,30.0,sí,1.5340932073251747,3629.0,tarde,viernes,distrito 8,1.2,1.0,7.0,30/09/2025
rotación media,"2,56 €",56.0,28.0,5.0,1.0,sí,1.3328421378060678,25781.0,tarde,jueves,distrito 2,2.8,2.0,5.0,29/07/2025
residentes,"1,96 €",10.0,24.0,0.0,60.0,sí,0.9829879073640988,15283.0,mañana,martes,distrito 5,2.3,5.0,5.0,12/07/2025
rotación media,"2,77 €",41.0,2.0,14.0,211.0,sí,0.948290896236536,18448.0,tarde,lunes,distrito 7,4.7,5.0,6.0,27/07/2025
residentes,"1,16 €",37.0,5.0,1.0,15.0,sí,0.8167239026602564,4512.0,mediodía,sábado,distrito 7,4.0,4.0,5.0,14/03/2025
rotación media,"1,63 €",31.0,53.0,19.0,32.0,sí,1.4980944633267232,8341.0,mañana,sábado,distrito 5,1.0,6.0,8.0,18/09/2025
rotación media,"2,08 €",45.0,8.0,14.0,60.0,no,1.207509653011633,13546.0,mañana,martes,distrito 7,1.3,5.0,1.0,18/09/2025
rotación media,"1,46 €",59.0,26.0,5.0,38.0,no,1.0569620504191803,6423.0,mañana,lunes,distrito 1,2.5,4.0,0.0,27/09/2025
ALTA ROTACIÓN,"1,61 €",26.0,23.0,20.0,201.0,sí,1.6830435667452253,9914.0,tarde,jueves,distrito 11,5.0,1.0,5.0,08/06/2025
alta rotación,"1,81 €",38.0,24.0,1.0,34.0,sí,0.9273421201793564,7895.0,mañana,sábado,distrito 2,4.2,2.0,0.0,08/04/2025
larga estancia,"2,59 €",17.0,44.0,4.0,26.0,sí,0.9932335188235285,5017.0,mediodía,sábado,distrito 6,2.5,3.0,0.0,28/05/2025
rotación media,"2,42 €",6.0,9.0,3.0,23.0,sí,0.5023901982513601,3800.0,mañana,viernes,distrito 10,2.8,0.0,4.0,07/10/2025
alta rotación,"2,18 €",50.0,49.0,3.0,59.0,sí,1.014907364885771,7251.0,mediodía,lunes,distrito 6,4.8,0.0,2.0,11/02/2025
  residentes ,"2,19 €",31.0,26.0,7.0,3.0,sí,1.2232016011508653,19298.0,mañana,martes,distrito 6,2.9,6.0,2.0,07/10/2025
rotación media,"1,26 €",30.0,31.0,2.0,55.0,sí,1.3236756513366026,10146.0,tarde,viernes,distrito 10,3.0,0.0,2.0,23/06/2025
  residentes ,"2,42 €",47.0,14.0,3.0,45.0,sí,1.1494576646737142,9858.0,mediodía,jueves,distrito 5,2.6,0.0,7.0,07/08/2025
residentes,"1,10 €",12.0,5.0,4.0,12.0,no,1.5920034998322314,12455.0,tarde,martes,distrito 5,3.4,4.0,2.0,05/05/2025
larga estancia,"1,63 €",51.0,27.0,22.0,25.0,no,1.6449131884510222,20832.0,tarde,martes,distrito 11,1.7,1.0,3.0,25/07/2025
rotación media,"2,99 €",25.0,32.0,18.0,20.0,sí,1.1325772589263707,5629.0,tarde,sábado,distrito 2,0.8,2.0,4.0,10/06/2025
rotación media,"1,20 €",48.0,15.0,6.0,161.0,no,1.3746449006920383,9614.0,tarde,viernes,distrito 2,4.1,0.0,2.0,16/06/2025
residentes,"1,32 €",21.0,17.0,15.0,256.0,sí,1.1052613255735493,7161.0,mediodía,jueves,distrito 10,0.8,6.0,7.0,04/08/2025
residentes,"2,46 €",17.0,5.0,6.0,49.0,sí,0.5879237660265,7098.0,mañana,viernes,distrito 4,2.2,5.0,5.0,27/10/2025
alta rotación,"1,98 €",54.0,33.0,15.0,23.0,sí,1.4263451923688077,8926.0,mañana,martes,distrito 4,3.2,4.0,7.0,15/09/2025
larga estancia,"1,48 €",36.0,14.0,8.0,48.0,no,1.0308062940095242,13427.0,mañana,sábado,distrito 5,4.7,2.0,1.0,20/04/2025
rotación media,"1,41 €",35.0,10.0,18.0,65.0,no,1.3479254101727198,6751.0,mediodía,lunes,distrito 5,3.0,4.0,3.0,28/06/2025
alta rotacion,"0,54 €",11.0,58.0,5.0,68.0,sí,1.773507421676701,5529.0,tarde,miércoles,distrito 3,3.7,5.0,8.0,06/04/2025
alta rotación,"0,57 €",39.0,44.0,1.0,48.0,sí,1.7713733366701283,8425.0,mañana,sábado,distrito 8,5.9,5.0,4.0,09/01/2025
rotación media,"2,44 €",49.0,25.0,19.0,142.0,sí,1.157148716534064,2823.0,mañana,sábado,distrito 2,6.1,1.0,8.0,20/10/2025
larga estancia,"1,68 €",31.0,79.0,2.0,76.0,no,1.2657634232564614,3376.0,tarde,miércoles,distrito 1,3.6,5.0,0.0,31/08/2025
residentes,"2,91 €",7.0,20.0,11.0,52.0,sí,0.6421412925162384,13111.0,mañana,jueves,distrito 8,4.5,2.0,6.0,14/04/2025
residentes,"0,73 €",34.0,30.0,28.0,62.0,sí,1.9451979644276693,11410.0,tarde,sábado,distrito 2,0.8,2.0,5.0,08/09/2025
rotación media,"2,41 €",53.0,15.0,1.0,3.0,sí,0.5469337243056385,3582.0,mañana,sábado,distrito 5,3.6,4.0,6.0,28/03/2025
rotación media,"2,93 €",7.0,30.0,31.0,41.0,sí,1.0431329820681752,9120.0,mañana,viernes,distrito 2,2.9,6.0,2.0,25/07/2025
larga estancia,"1,79 €",22.0,30.0,10.0,14.0,sí,0.8925286767076993,2872.0,mediodía,jueves,distrito 6,2.1,5.0,1.0,17/01/2025
rotación media,"0,90 €",18.0,28.0,9.0,85.0,no,1.8806998809319937,3644.0,tarde,viernes,distrito 9,2.2,3.0,3.0,03/08/2025
  rotación media ,"2,14 €",6.0,24.0,1.0,168.0,no,0.7270756810864567,2904.0,mediodía,martes,distrito 3,0.8,2.0,6.0,12/04/2025
alta rotacion,"1,80 €",40.0,25.0,1.0,15.0,sí,1.0080792103024887,29332.0,mañana,miércoles,distrito 3,4.9,4.0,7.0,25/08/2025
rotación media,"3,24 €",28.0,0.0,10.0,46.0,sí,-0.018915399125324306,7173.0,mediodía,miércoles,distrito 9,4.4,1.0,7.0,27/04/2025
larga estancia,"2,19 €",46.0,39.0,7.0,127.0,sí,0.4210234385974273,9860.0,tarde,jueves,distrito 1,3.5,5.0,0.0,11/01/2025
rotación media,"2,77 €",33.0,12.0,14.0,79.0,sí,0.8923216467006132,22789.0,mañana,sábado,distrito 2,0.8,4.0,5.0,14/04/2025
rotación media,"1,22 €",54.0,15.0,13.0,118.0,sí,1.4188065256835898,12980.0,tarde,lunes,distrito 3,2.1,4.0,1.0,26/09/2025
larga estancia,"3,33 €",18.0,8.0,15.0,68.0,sí,0.7531716739081327,6636.0,mañana,lunes,distrito 3,3.1,2.0,8.0,18/01/2025
larga estancia,"2,08 €",47.0,52.0,10.0,36.0,no,1.1793699220437603,7827.0,tarde,sábado,distrito 8,0.8,4.0,6.0,04/08/2025
  larga estancia ,"2,14 €",23.0,21.0,8.0,35.0,sí,1.0976294738498527,5355.0,mediodía,viernes,distrito 2,5.5,3.0,7.0,09/09/2025
ROTACIÓN MEDIA,"2,33 €",34.0,26.0,10.0,31.0,sí,1.2267833990289865,9958.0,mediodía,lunes,distrito 4,3.9,1.0,8.0,22/05/2025
residentes,"2,55 €",49.0,23.0,0.0,72.0,sí,0.5487319401193204,9122.0,tarde,sábado,distrito 8,2.8,0.0,5.0,09/05/2025
  alta rotación ,"1,21 €",22.0,27.0,0.0,95.0,sí,1.232422052683527,5579.0,tarde,lunes,distrito 8,3.1,1.0,0.0,15/01/2025
alta rotación,"0,50 €",26.0,26.0,2.0,28.0,sí,1.7315885494022456,19140.0,mañana,jueves,distrito 1,3.7,4.0,1.0,20/10/2025
LARGA ESTANCIA,"2,50 €",47.0,13.0,30.0,50.0,sí,1.0581724267360295,18465.0,mañana,martes,distrito 2,3.6,3.0,1.0,25/02/2025
residentes,"1,39 €",29.0,4.0,33.0,34.0,sí,1.6291087248139362,3691.0,mañana,sábado,distrito 10,-99.0,1.0,3.0,27/05/2025
alta rotación,"2,22 €",12.0,38.0,20.0,174.0,no,1.6165045472616617,17222.0,mediodía,jueves,distrito 8,2.9,5.0,2.0,04/03/2025
ALTA ROTACIÓN,"2,64 €",35.0,4.0,1.0,70.0,sí,0.3154777701073274,9102.0,tarde,miércoles,distrito 11,5.1,0.0,6.0,23/02/2025
larga estancia,"2,83 €",9.0,21.0,10.0,25.0,no,0.728078218440512,19519.0,mediodía,sábado,distrito 6,4.3,0.0,1.0,01/07/2025
alta rotación,"1,76 €",19.0,8.0,26.0,110.0,sí,1.2545584544405053,7021.0,tarde,martes,distrito 2,-99.0,3.0,1.0,23/06/2025
rotación media,"2,06 €",28.0,35.0,6.0,113.0,sí,0.7095467977631715,6692.0,tarde,miércoles,distrito 10,4.3,3.0,0.0,14/04/2025
  residentes ,"2,31 €",33.0,22.0,1.0,22.0,no,1.1804186861502193,9391.0,mediodía,jueves,distrito 11,2.0,6.0,2.0,24/08/2025
larga estancia,"1,86 €",8.0,53.0,0.0,32.0,sí,0.6366514062049669,6648.0,tarde,sábado,distrito 10,3.8,0.0,4.0,28/06/2025
alta rotación,"1,43 €",58.0,19.0,6.0,110.0,sí,1.11522882106344,18625.0,mañana,martes,distrito 5,2.0,1.0,1.0,28/07/2025
larga estancia,"1,64 €",25.0,21.0,6.0,30.0,sí,0.8467634777961205,17019.0,mediodía,viernes,distrito 1,1.4,4.0,4.0,19/07/2025
rotación media,"2,90 €",10.0,16.0,8.0,40.0,no,0.8162559956124817,14009.0,mañana,viernes,distrito 9,4.7,3.0,1.0,02/04/2025
alta rotacion,"1,71 €",55.0,41.0,18.0,32.0,sí,1.4267869102472972,6842.0,mediodía,martes,distrito 6,2.7,5.0,6.0,21/02/2025
alta rotación,"1,34 €",37.0,3.0,8.0,206.0,sí,0.9585609258336832,18672.0,mañana,lunes,distrito 7,3.5,1.0,4.0,18/04/2025
rotación media,"2,03 €",54.0,10.0,23.0,64.0,sí,1.0643851952726613,9472.0,mediodía,lunes,distrito 11,5.3,1.0,1.0,23/07/2025
LARGA ESTANCIA,"1,86 €",9.0,15.0,2.0,237.0,sí,0.5186151148321813,8061.0,mañana,lunes,distrito 8,4.2,6.0,0.0,23/04/2025
residentes,"1,44 €",34.0,19.0,0.0,98.0,sí,0.8952258753215796,5253.0,mediodía,miércoles,distrito 2,1.0,2.0,1.0,15/07/2025
alta rotación,"2,92 €",29.0,27.0,1.0,124.0,sí,0.3738231481537865,11530.0,mañana,lunes,distrito 1,2.5,0.0,7.0,10/07/2025
alta rotación,"3,12 €",53.0,0.0,1.0,41.0,sí,-0.307846319228245,9698.0,mañana,lunes,distrito 4,3.5,2.0,0.0,01/07/2025
larga estancia,"1,06 €",41.0,30.0,4.0,115.0,sí,1.3269428480285268,5014.0,mediodía,lunes,distrito 9,1.7,4.0,3.0,15/06/2025
LARGA ESTANCIA,"1,36 €",20.0,31.0,4.0,86.0,sí,0.9700530084660711,15271.0,mediodía,sábado,distrito 1,1.1,4.0,7.0,24/05/2025
rotación media,"1,55 €",48.0,40.0,8.0,35.0,sí,1.6330872399405831,7994.0,tarde,miércoles,distrito 6,5.9,2.0,3.0,28/05/2025
larga estancia,"1,46 €",47.0,21.0,1.0,8.0,sí,0.8516572573652745,8093.0,mediodía,viernes,distrito 8,4.5,6.0,0.0,20/02/2025
residentes,"3,15 €",20.0,28.0,12.0,16.0,no,1.2627714119861113,8825.0,tarde,miércoles,distrito 8,-99.0,6.0,3.0,06/07/2025
residentes,"0,87 €",48.0,34.0,16.0,18.0,sí,1.6423807649537088,19998.0,mañana,lunes,distrito 2,4.2,4.0,7.0,20/07/2025
rotación media,"3,34 €",58.0,30.0,22.0,160.0,sí,1.0394802783385184,7397.0,tarde,miércoles,distrito 9,-99.0,4.0,3.0,16/04/2025
alta rotación,"2,37 €",17.0,15.0,6.0,119.0,sí,0.889926272009118,22254.0,mañana,viernes,distrito 8,-99.0,5.0,4.0,06/04/2025
ROTACIÓN MEDIA,"3,04 €",25.0,22.0,2.0,95.0,sí,0.7134988419303312,9657.0,mañana,miércoles,distrito 11,2.5,5.0,5.0,01/07/2025
residentes,"2,21 €",51.0,26.0,13.0,32.0,sí,1.1593347577112574,17389.0,mediodía,sábado,distrito 11,4.0,0.0,1.0,14/04/2025
rotación media,"1,46 €",20.0,32.0,7.0,19.0,sí,1.5631555198199938,12585.0,tarde,miércoles,distrito 3,2.2,4.0,2.0,05/10/2025
rotación media,"2,57 €",53.0,14.0,25.0,21.0,no,1.1912518682147557,3411.0,tarde,miércoles,distrito 1,-99.0,5.0,0.0,01/04/2025
alta rotación,"2,49 €",40.0,35.0,4.0,185.0,no,0.721093880337399,10207.0,mediodía,miércoles,distrito 6,6.9,5.0,0.0,27/06/2025
rotación media,"2,10 €",53.0,9.0,6.0,65.0,sí,0.8725856453880053,3193.0,mañana,sábado,distrito 1,3.9,1.0,8.0,02/07/2025
rotación media,"1,27 €",27.0,9.0,10.0,207.0,sí,1.2487733084915569,8071.0,tarde,sábado,distrito 4,3.1,5.0,4.0,10/06/2025
larga estancia,"2,56 €",22.0,6.0,0.0,54.0,no,0.29704916972031614,4911.0,tarde,viernes,distrito 3,-99.0,6.0,5.0,05/05/2025
larga estancia,"1,87 €",13.0,34.0,22.0,32.0,sí,1.3793949557421599,18052.0,tarde,jueves,distrito 5,2.4,6.0,1.0,24/01/2025
alta rotación,"1,46 €",18.0,34.0,16.0,79.0,sí,1.7820455375023276,8989.0,mañana,viernes,distrito 10,6.2,0.0,2.0,13/08/2025
residentes,"2,80 €",7.0,17.0,13.0,38.0,sí,1.1860545575041206,4246.0,mañana,jueves,distrito 9,5.8,1.0,7.0,20/09/2025
alta rotación,"1,30 €",49.0,20.0,3.0,3.0,sí,1.7681268611696572,3999.0,tarde,sábado,distrito 2,2.1,6.0,6.0,06/05/2025
  rotación media ,"3,11 €",33.0,9.0,14.0,48.0,sí,1.1296593744631016,25907.0,tarde,miércoles,distrito 8,4.9,1.0,2.0,11/04/2025
alta rotacion,"2,65 €",41.0,16.0,1.0,70.0,sí,0.9207708911425931,11142.0,mañana,sábado,distrito 1,3.8,6.0,0.0,22/04/2025
larga estancia,"2,35 €",35.0,4.0,9.0,4.0,sí,0.9248376302557246,8288.0,mañana,sábado,distrito 8,5.0,5.0,8.0,26/04/2025
residentes,"0,99 €",28.0,41.0,6.0,16.0,sí,1.665335400423568,15565.0,tarde,martes,distrito 2,3.3,4.0,0.0,19/07/2025
rotación media,"0,89 €",7.0,12.0,8.0,50.0,no,1.4608301913369333,21352.0,tarde,lunes,distrito 4,4.0,1.0,2.0,21/08/2025
rotacion media,"4,14 €",35.0,5.0,0.0,36.0,sí,0.22383617015143617,5918.0,tarde,sábado,distrito 6,3.2,1.0,1.0,14/04/2025
alta rotación,"1,73 €",44.0,10.0,5.0,139.0,no,0.869215012317582,3807.0,mañana,lunes,distrito 6,2.4,1.0,6.0,28/01/2025
  residentes ,"2,23 €",41.0,28.0,23.0,133.0,sí,1.251865456849893,7366.0,mañana,jueves,distrito 2,4.0,4.0,1.0,19/07/2025
rotación media,"2,35 €",41.0,31.0,8.0,123.0,no,1.336629841561733,4086.0,mediodía,martes,distrito 8,2.5,0.0,2.0,02/09/2025
rotación media,"2,05 €",41.0,57.0,13.0,77.0,sí,1.186923875073214,19778.0,mediodía,sábado,distrito 5,6.4,4.0,1.0,09/02/2025
larga estancia,"1,27 €",24.0,44.0,7.0,163.0,sí,1.1033498558083135,15788.0,mediodía,martes,distrito 4,-99.0,1.0,2.0,11/03/2025
residentes,"2,16 €",22.0,14.0,3.0,24.0,sí,0.8286065886618599,10844.0,tarde,miércoles,distrito 3,1.9,2.0,5.0,16/06/2025
alta rotación,"0,78 €",19.0,25.0,1.0,12.0,sí,1.0346864443314314,12384.0,mediodía,jueves,distrito 1,2.7,3.0,8.0,18/09/2025
rotación media,"1,96 €",19.0,40.0,10.0,16.0,sí,1.044131324155918,6931.0,mañana,jueves,distrito 10,2.9,3.0,2.0,04/10/2025
alta rotación,"2,37 €",23.0,10.0,12.0,328.0,sí,1.0201920228406107,8433.0,mediodía,jueves,distrito 7,2.4,3.0,6.0,22/08/2025
rotacion media,"2,01 €",10.0,17.0,9.0,52.0,sí,0.8310674206175381,8694.0,mediodía,viernes,distrito 6,3.0,2.0,6.0,30/01/2025
larga estancia,"1,73 €",15.0,24.0,4.0,52.0,no,0.9399952616694903,5113.0,mañana,miércoles,distrito 1,4.1,5.0,5.0,28/07/2025
larga estancia,"3,29 €",32.0,10.0,28.0,38.0,sí,0.5441599290824206,10723.0,mañana,viernes,distrito 6,1.8,4.0,4.0,19/07/2025
rotación media,"1,85 €",53.0,27.0,3.0,11.0,sí,1.036670452763153,2602.0,tarde,viernes,distrito 6,4.6,4.0,3.0,19/02/2025
larga estancia,"1,66 €",28.0,37.0,11.0,126.0,sí,1.1357358684050787,16725.0,mañana,lunes,distrito 7,1.0,5.0,6.0,19/08/2025
rotación media,"1,65 €",18.0,19.0,6.0,19.0,no,1.6257685559256954,18281.0,mañana,jueves,distrito 6,1.9,0.0,3.0,21/02/2025
residentes,"1,74 €",7.0,17.0,15.0,0.0,sí,1.869538469451471,5935.0,mediodía,miércoles,distrito 6,3.2,4.0,6.0,30/07/2025
rotación media,"1,16 €",56.0,25.0,3.0,117.0,sí,1.0538902470275056,6502.0,tarde,lunes,distrito 3,0.8,4.0,2.0,06/10/2025
residentes,"2,92 €",41.0,9.0,17.0,19.0,sí,1.198036824935213,4296.0,mediodía,viernes,distrito 7,4.7,6.0,4.0,17/02/2025
alta rotación,"2,57 €",42.0,24.0,12.0,151.0,no,0.7245436162036982,3901.0,tarde,viernes,distrito 6,-99.0,4.0,3.0,29/10/2025
residentes,"2,38 €",27.0,31.0,29.0,12.0,no,1.5483242341679324,9212.0,mediodía,lunes,distrito 4,3.3,4.0,0.0,05/06/2025
alta rotacion,"2,18 €",14.0,23.0,0.0,90.0,sí,0.7851393510102104,7989.0,tarde,miércoles,distrito 2,2.4,4.0,0.0,20/03/2025
alta rotacion,"2,22 €",13.0,12.0,5.0,54.0,sí,0.7142806628865687,10040.0,tarde,miércoles,distrito 4,5.1,5.0,7.0,11/07/2025
rotacion media,"2,00 €",8.0,18.0,6.0,89.0,sí,1.01641458940652,6246.0,mañana,miércoles,distrito 7,4.2,4.0,2.0,06/10/2025
  residentes ,"2,59 €",27.0,30.0,1.0,55.0,sí,0.6383564101051933,8408.0,mañana,sábado,distrito 8,3.8,1.0,0.0,26/06/2025
alta rotación,"1,86 €",41.0,8.0,2.0,63.0,sí,0.5498902439860146,7110.0,mañana,martes,distrito 2,5.6,3.0,0.0,07/08/2025
larga estancia,"3,37 €",32.0,8.0,28.0,43.0,sí,0.5028749184309269,16010.0,mañana,martes,distrito 1,3.7,4.0,0.0,22/09/2025
LARGA ESTANCIA,"0,86 €",16.0,31.0,21.0,58.0,sí,1.4341324585004962,5388.0,tarde,lunes,distrito 1,2.8,6.0,4.0,13/10/2025
larga estancia,"1,22 €",55.0,20.0,0.0,49.0,sí,1.236644986052794,11543.0,tarde,lunes,distrito 2,3.2,4.0,2.0,22/03/2025
alta rotación,"3,51 €",57.0,22.0,3.0,80.0,sí,0.6210756838429194,10520.0,mañana,martes,distrito 8,0.8,2.0,1.0,23/03/2025
larga estancia,"2,47 €",20.0,29.0,10.0,95.0,sí,1.3217865747561186,6649.0,mañana,miércoles,distrito 9,0.8,5.0,7.0,28/08/2025
residentes,"2,21 €",60.0,5.0,15.0,10.0,no,0.9724949720219627,8279.0,tarde,martes,distrito 2,4.8,2.0,8.0,04/06/2025
rotación media,"1,42 €",13.0,19.0,30.0,148.0,no,1.580836758823302,6269.0,tarde,viernes,distrito 8,4.7,6.0,7.0,17/07/2025
rotación media,"1,61 €",14.0,29.0,8.0,16.0,no,1.3044254591412474,22141.0,tarde,lunes,distrito 11,-99.0,1.0,5.0,13/01/2025
larga estancia,"2,11 €",54.0,40.0,20.0,126.0,sí,1.2634596434169647,4202.0,tarde,miércoles,distrito 10,1.5,0.0,8.0,03/10/2025
rotación media,"2,08 €",14.0,8.0,6.0,45.0,no,0.7740924930820453,6992.0,mañana,viernes,distrito 10,1.1,5.0,4.0,28/04/2025
residentes,"3,12 €",8.0,18.0,11.0,30.0,sí,0.838515579852019,20216.0,mediodía,jueves,distrito 9,0.8,3.0,5.0,24/07/2025
rotación media,"3,03 €",60.0,49.0,3.0,167.0,no,0.767333758826514,16440.0,tarde,sábado,distrito 9,2.2,3.0,4.0,17/05/2025
alta rotación,"2,01 €",46.0,26.0,8.0,104.0,sí,1.4490534592965685,3843.0,mediodía,martes,distrito 1,4.8,4.0,1.0,04/08/2025
alta rotación,"2,76 €",16.0,18.0,7.0,172.0,no,0.7852699165959891,14946.0,mediodía,miércoles,distrito 7,5.3,5.0,4.0,07/01/2025
rotación media,"1,90 €",49.0,29.0,8.0,102.0,sí,0.8184977060310984,6424.0,mediodía,jueves,distrito 4,3.3,2.0,8.0,31/05/2025
rotación media,"1,64 €",48.0,5.0,13.0,75.0,sí,0.9511154912161189,17912.0,tarde,miércoles,distrito 10,1.7,3.0,3.0,24/06/2025
  residentes ,"1,57 €",46.0,20.0,11.0,32.0,no,1.356476885964999,11328.0,mediodía,martes,distrito 10,3.6,1.0,3.0,03/07/2025
alta rotación,"1,86 €",53.0,24.0,6.0,52.0,no,1.4416121150701318,2633.0,mañana,martes,distrito 9,5.9,3.0,8.0,11/06/2025
larga estancia,"1,72 €",31.0,9.0,14.0,65.0,sí,1.2722847738656289,9841.0,mañana,martes,distrito 2,4.0,5.0,1.0,03/08/2025
  alta rotación ,"1,40 €",35.0,12.0,4.0,115.0,sí,1.1128632116886858,10295.0,tarde,sábado,distrito 11,0.8,2.0,0.0,09/04/2025
larga estancia,"2,16 €",54.0,8.0,12.0,64.0,sí,0.598748539767145,8827.0,mañana,martes,distrito 7,-99.0,6.0,8.0,12/09/2025
larga estancia,"2,01 €",29.0,61.0,0.0,21.0,sí,1.0769577441217781,7321.0,tarde,sábado,distrito 3,3.9,3.0,1.0,27/07/2025
rotacion media,"1,01 €",42.0,1.0,15.0,211.0,sí,0.837007718759675,14450.0,mediodía,jueves,distrito 9,1.4,4.0,4.0,10/05/2025
rotación media,"1,73 €",11.0,22.0,8.0,112.0,no,1.6056650630808247,3227.0,mediodía,sábado,distrito 11,4.9,1.0,2.0,27/04/2025
larga estancia,"3,18 €",52.0,27.0,3.0,40.0,sí,0.4541121453450153,9515.0,mañana,viernes,distrito 1,3.7,3.0,6.0,24/04/2025
  residentes ,"1,99 €",9.0,14.0,40.0,11.0,sí,1.1535934617044825,9646.0,mañana,miércoles,distrito 7,3.1,3.0,8.0,03/03/2025
larga estancia,"2,92 €",31.0,26.0,26.0,39.0,sí,1.292844648094515,3229.0,tarde,lunes,distrito 6,1.6,6.0,3.0,15/09/2025
larga estancia,"1,30 €",49.0,5.0,20.0,61.0,sí,1.087042349309858,3672.0,mediodía,viernes,distrito 7,-99.0,3.0,0.0,31/08/2025
rotación media,"3,46 €",7.0,2.0,5.0,40.0,sí,0.3128268177561962,17795.0,mañana,martes,distrito 7,3.3,6.0,1.0,14/10/2025
rotación media,"0,57 €",11.0,9.0,14.0,120.0,sí,2.212017847806631,3464.0,tarde,viernes,distrito 7,0.8,4.0,2.0,08/03/2025
rotacion media,"2,78 €",33.0,20.0,12.0,25.0,sí,1.3432074113968797,5503.0,tarde,jueves,distrito 11,6.3,6.0,7.0,21/10/2025
rotación media,"1,97 €",6.0,2.0,4.0,148.0,no,0.5905990154916803,8305.0,tarde,viernes,distrito 9,-99.0,0.0,5.0,11/08/2025
alta rotación,"0,84 €",54.0,25.0,8.0,35.0,no,1.773499028377223,28421.0,tarde,jueves,distrito 11,3.9,1.0,8.0,22/05/2025
alta rotacion,"2,95 €",43.0,15.0,0.0,59.0,no,0.5909744532675753,8393.0,mediodía,sábado,distrito 4,3.4,0.0,6.0,26/05/2025
alta rotación,"3,50 €",27.0,9.0,0.0,103.0,no,0.33067186657689873,12082.0,mediodía,jueves,distrito 8,0.9,5.0,4.0,06/04/2025
alta rotación,"1,71 €",41.0,33.0,2.0,49.0,sí,1.1286098808923384,10262.0,tarde,lunes,distrito 7,1.9,1.0,7.0,17/02/2025
larga estancia,"1,66 €",58.0,16.0,15.0,24.0,sí,1.075617796324694,4319.0,mediodía,sábado,distrito 11,0.8,5.0,0.0,14/05/2025
larga estancia,"1,71 €",46.0,35.0,4.0,37.0,sí,1.2941793675334061,5591.0,tarde,jueves,distrito 10,1.9,1.0,8.0,30/10/2025
rotación media,"3,95 €",47.0,17.0,1.0,23.0,sí,0.635990804881821,21495.0,mañana,viernes,distrito 3,2.4,6.0,3.0,18/09/2025
ALTA ROTACIÓN,"2,30 €",6.0,18.0,5.0,26.0,sí,1.0498469886634374,5019.0,tarde,miércoles,distrito 5,4.2,6.0,7.0,02/09/2025
residentes,"2,31 €",14.0,12.0,58.0,46.0,no,1.1170836105621547,13802.0,mediodía,lunes,distrito 5,2.8,5.0,2.0,16/07/2025
rotacion media,"1,62 €",38.0,16.0,37.0,62.0,sí,0.980120151654319,6917.0,tarde,martes,distrito 3,1.7,6.0,0.0,09/04/2025
larga estancia,"2,65 €",21.0,13.0,6.0,76.0,sí,0.8269745558837567,3385.0,tarde,lunes,distrito 2,1.5,4.0,8.0,06/02/2025
larga estancia,"1,83 €",32.0,6.0,2.0,10.0,sí,0.5533980662433163,6186.0,mañana,martes,distrito 5,3.8,6.0,0.0,24/02/2025
rotación media,"2,75 €",15.0,7.0,4.0,68.0,sí,0.46179664520858194,10505.0,mediodía,martes,distrito 7,3.1,3.0,6.0,12/07/2025
larga estancia,"1,49 €",43.0,30.0,0.0,8.0,sí,0.9463175444302099,4823.0,tarde,viernes,distrito 7,0.8,5.0,1.0,28/02/2025
alta rotación,"1,40 €",52.0,15.0,6.0,60.0,sí,1.3858117189055872,5688.0,mañana,martes,distrito 7,2.1,4.0,4.0,11/06/2025
larga estancia,"2,86 €",26.0,11.0,3.0,75.0,sí,0.5488335416666291,7563.0,mediodía,lunes,distrito 11,1.4,1.0,7.0,30/04/2025
larga estancia,"2,20 €",10.0,34.0,2.0,31.0,sí,1.1079830033879736,16554.0,tarde,sábado,distrito 6,3.4,0.0,5.0,21/01/2025
larga estancia,"1,16 €",59.0,9.0,1.0,35.0,sí,0.879880616204982,12869.0,mañana,miércoles,distrito 5,1.4,6.0,2.0,14/08/2025
rotación media,"1,78 €",20.0,34.0,4.0,56.0,no,1.1107083959178552,2119.0,tarde,jueves,distrito 2,3.6,2.0,3.0,11/01/2025
alta rotación,"2,07 €",21.0,29.0,0.0,34.0,sí,0.41969922235352675,48103.0,mañana,sábado,distrito 4,-99.0,5.0,2.0,31/03/2025
rotacion media,"2,71 €",40.0,28.0,9.0,100.0,sí,0.8099473252069787,5137.0,mediodía,miércoles,distrito 11,-99.0,3.0,8.0,01/04/2025
larga estancia,"0,50 €",13.0,19.0,1.0,154.0,sí,1.0286582092821823,1514.0,tarde,sábado,distrito 9,2.0,5.0,0.0,15/04/2025
rotación media,"2,40 €",25.0,18.0,0.0,39.0,sí,0.7311615482416974,5302.0,mañana,lunes,distrito 2,1.2,5.0,6.0,29/05/2025
alta rotación,"2,01 €",47.0,13.0,15.0,101.0,sí,0.9425940064889896,7645.0,mañana,sábado,distrito 5,2.8,5.0,2.0,25/03/2025
rotación media,"2,09 €",17.0,17.0,2.0,108.0,sí,0.7919825702555561,10234.0,mediodía,martes,distrito 7,4.2,5.0,4.0,07/05/2025
  residentes ,"2,24 €",29.0,58.0,2.0,193.0,sí,0.8301413032266787,3523.0,mañana,viernes,distrito 3,2.8,3.0,6.0,04/07/2025
larga estancia,"3,57 €",51.0,28.0,30.0,288.0,no,0.9117681265979563,23490.0,mediodía,miércoles,distrito 7,1.9,6.0,0.0,22/02/2025
rotación media,"2,13 €",59.0,62.0,3.0,34.0,sí,1.0099987807996966,5908.0,tarde,viernes,distrito 10,2.7,6.0,5.0,09/02/2025
rotación media,"1,54 €",31.0,25.0,1.0,141.0,sí,0.8625102155741019,6591.0,mañana,lunes,distrito 10,1.6,0.0,8.0,04/05/2025
residentes,"2,37 €",37.0,12.0,9.0,27.0,sí,1.275160989280479,14312.0,mañana,sábado,distrito 1,2.7,5.0,1.0,29/01/2025
larga estancia,"2,32 €",36.0,23.0,24.0,69.0,sí,0.9426463109942053,9167.0,mediodía,lunes,distrito 9,2.9,2.0,0.0,20/01/2025
rotación media,"1,02 €",43.0,4.0,4.0,218.0,sí,1.0433099867310993,16959.0,tarde,martes,distrito 1,6.6,3.0,6.0,22/09/2025
ROTACIÓN MEDIA,"2,03 €",15.0,6.0,10.0,45.0,sí,1.056945621841912,17995.0,mediodía,lunes,distrito 11,2.5,6.0,3.0,02/05/2025
rotacion media,"2,83 €",6.0,54.0,45.0,117.0,sí,1.033644327794036,7455.0,mediodía,lunes,distrito 8,-99.0,5.0,0.0,30/08/2025
residentes,"1,48 €",37.0,37.0,11.0,23.0,sí,1.1543822610195802,8430.0,mediodía,viernes,distrito 5,5.1,0.0,2.0,30/04/2025
rotación media,"2,63 €",16.0,22.0,0.0,12.0,sí,0.7944093857894418,6850.0,tarde,jueves,distrito 2,4.8,6.0,3.0,30/07/2025
LARGA ESTANCIA,"2,50 €",32.0,12.0,14.0,214.0,sí,0.7025198413692962,7125.0,mañana,viernes,distrito 5,5.5,4.0,1.0,24/03/2025
residentes,"2,07 €",27.0,31.0,4.0,45.0,sí,0.7941679799175194,2600.0,mañana,viernes,distrito 1,2.3,3.0,0.0,30/08/2025
rotación media,"2,41 €",11.0,10.0,23.0,112.0,sí,1.1971794919565917,19556.0,mediodía,jueves,distrito 4,4.1,3.0,4.0,20/09/2025
residentes,"2,76 €",7.0,68.0,1.0,13.0,sí,0.8762275743773044,5534.0,tarde,jueves,distrito 8,1.2,5.0,2.0,29/10/2025
residentes,"1,05 €",6.0,21.0,43.0,92.0,sí,1.8158583975325866,7066.0,tarde,miércoles,distrito 1,0.8,0.0,6.0,29/10/2025
larga estancia,"1,75 €",48.0,26.0,3.0,40.0,sí,0.5387933764335812,3152.0,mañana,miércoles,distrito 5,5.1,2.0,0.0,20/07/2025
residentes,"2,73 €",49.0,25.0,7.0,28.0,sí,0.7533867002935045,12170.0,mediodía,lunes,distrito 3,5.0,1.0,6.0,15/08/2025
rotación media,"2,59 €",19.0,37.0,17.0,25.0,sí,1.3445720293340826,15586.0,tarde,viernes,distrito 4,4.0,5.0,4.0,07/09/2025
alta rotacion,"2,41 €",39.0,55.0,3.0,60.0,no,1.3828210224588335,8948.0,mañana,jueves,distrito 1,5.3,3.0,2.0,23/09/2025
alta rotación,"1,72 €",16.0,22.0,1.0,44.0,sí,1.0800770964089372,9451.0,mañana,viernes,distrito 5,2.6,5.0,8.0,01/02/2025
rotación media,"1,86 €",57.0,8.0,0.0,194.0,no,0.6607876386368796,10947.0,mañana,martes,distrito 3,4.8,4.0,3.0,19/05/2025
rotación media,"2,33 €",15.0,9.0,0.0,149.0,sí,0.6912070878838141,23261.0,mañana,viernes,distrito 9,3.4,6.0,2.0,28/06/2025
larga estancia,"2,16 €",12.0,3.0,1.0,22.0,sí,0.34178494869182086,7500.0,mediodía,viernes,distrito 11,3.2,0.0,8.0,27/05/2025
residentes,"3,63 €",8.0,39.0,31.0,40.0,sí,0.6516694521685591,17941.0,mediodía,sábado,distrito 3,3.1,4.0,8.0,08/03/2025
  rotación media ,"1,82 €",29.0,35.0,0.0,29.0,sí,0.8541148412593139,3281.0,mañana,miércoles,distrito 2,5.1,3.0,8.0,20/10/2025
ROTACIÓN MEDIA,"0,90 €",46.0,36.0,1.0,6.0,sí,1.368602296960252,8675.0,mediodía,jueves,distrito 6,2.9,0.0,5.0,05/08/2025
residentes,"2,74 €",43.0,12.0,4.0,49.0,sí,0.5806755381590395,12182.0,mediodía,sábado,distrito 4,1.9,0.0,4.0,27/06/2025
residentes,"1,79 €",46.0,7.0,28.0,123.0,no,1.4902652930489337,10218.0,mañana,martes,distrito 8,4.5,2.0,2.0,17/02/2025
residentes,"1,89 €",57.0,35.0,25.0,47.0,no,1.5029122767804712,21697.0,mediodía,martes,distrito 8,1.8,6.0,1.0,22/06/2025
rotación media,"2,66 €",10.0,8.0,8.0,25.0,sí,0.5085868435394896,5074.0,tarde,viernes,distrito 2,2.2,5.0,0.0,07/01/2025
alta rotación,"1,90 €",55.0,68.0,16.0,73.0,no,1.762029288489384,13685.0,mediodía,jueves,distrito 10,4.5,6.0,2.0,17/03/2025
rotación media,"2,17 €",19.0,6.0,10.0,141.0,no,0.8603785545813907,11082.0,mañana,lunes,distrito 6,3.7,4.0,7.0,02/05/2025
RESIDENTES,"1,79 €",19.0,32.0,47.0,67.0,sí,1.2267709863778513,11231.0,mañana,jueves,distrito 8,-99.0,4.0,2.0,01/09/2025
larga estancia,"1,44 €",33.0,15.0,3.0,32.0,sí,1.0181078342746388,14550.0,mediodía,sábado,distrito 9,3.3,6.0,2.0,08/07/2025
rotación media,"2,02 €",23.0,26.0,7.0,6.0,sí,1.09029202466979,10138.0,tarde,lunes,distrito 2,2.0,4.0,8.0,26/07/2025
alta rotación,"2,70 €",35.0,33.0,36.0,11.0,sí,1.2047595026838713,8648.0,tarde,lunes,distrito 10,-99.0,6.0,3.0,22/09/2025
rotacion media,"1,96 €",32.0,2.0,1.0,36.0,sí,0.3680719619911983,16942.0,mañana,lunes,distrito 7,4.8,3.0,6.0,05/04/2025
rotación media,"2,11 €",60.0,10.0,12.0,28.0,no,1.3361162046462327,12146.0,mañana,martes,distrito 9,-99.0,0.0,0.0,06/04/2025
larga estancia,"1,81 €",10.0,67.0,8.0,12.0,sí,1.3752081174404989,5046.0,mañana,martes,distrito 8,0.8,3.0,0.0,20/05/2025
rotación media,"2,75 €",34.0,15.0,1.0,20.0,no,0.7268183959666603,7381.0,tarde,sábado,distrito 2,1.9,0.0,2.0,11/08/2025
rotación media,"1,77 €",44.0,33.0,16.0,35.0,no,1.4097178593771305,7144.0,mediodía,sábado,distrito 6,2.8,3.0,1.0,15/09/2025
  residentes ,"1,73 €",31.0,7.0,18.0,49.0,sí,0.8764001060071016,9597.0,mediodía,miércoles,distrito 3,0.8,1.0,1.0,03/06/2025
rotación media,"2,44 €",25.0,10.0,19.0,122.0,no,0.5489615494507204,25377.0,mañana,miércoles,distrito 3,2.5,5.0,5.0,20/06/2025
rotacion media,"3,44 €",52.0,34.0,6.0,27.0,no,0.7670760367917426,4570.0,mañana,miércoles,distrito 2,3.4,5.0,1.0,14/08/2025
ROTACIÓN MEDIA,"2,48 €",24.0,23.0,6.0,21.0,sí,0.7628341241326321,6621.0,mediodía,viernes,distrito 3,5.6,4.0,4.0,25/10/2025
residentes,"3,25 €",16.0,9.0,7.0,43.0,sí,0.6945119679024031,21066.0,tarde,jueves,distrito 7,3.8,3.0,5.0,22/02/2025
larga estancia,"1,79 €",36.0,5.0,11.0,18.0,sí,0.8835885742549198,7256.0,mediodía,lunes,distrito 3,5.1,3.0,6.0,11/04/2025
residentes,"2,28 €",10.0,1.0,2.0,15.0,no,0.43506588971827553,19569.0,mediodía,miércoles,distrito 6,4.7,4.0,7.0,29/01/2025
rotación media,"2,47 €",25.0,35.0,9.0,75.0,sí,1.1187899675757427,7777.0,mañana,jueves,distrito 4,3.9,5.0,0.0,05/09/2025
rotacion media,"1,79 €",40.0,5.0,3.0,179.0,sí,0.7485242465135744,4440.0,tarde,sábado,distrito 2,2.8,4.0,6.0,20/05/2025
larga estancia,"2,98 €",57.0,25.0,14.0,16.0,sí,1.029853347034155,4964.0,mañana,viernes,distrito 1,4.6,3.0,1.0,26/08/2025
RESIDENTES,"2,76 €",38.0,15.0,11.0,15.0,sí,1.0911363850182323,15018.0,mañana,viernes,distrito 7,2.3,1.0,7.0,16/09/2025
rotación media,"1,66 €",15.0,12.0,1.0,7.0,sí,1.0281477031044373,6631.0,mañana,miércoles,distrito 6,1.8,1.0,7.0,21/05/2025
larga estancia,"1,75 €",52.0,17.0,19.0,72.0,sí,1.1784197639207314,7934.0,mañana,martes,distrito 1,2.8,3.0,2.0,01/03/2025
  residentes ,"2,02 €",42.0,54.0,17.0,79.0,no,1.4597109660627772,10080.0,mañana,miércoles,distrito 2,2.2,0.0,8.0,09/02/2025
rotación media,"1,03 €",48.0,7.0,24.0,37.0,sí,1.1855369000495368,14374.0,mediodía,sábado,distrito 11,4.4,0.0,4.0,10/01/2025
larga estancia,"1,34 €",15.0,18.0,4.0,34.0,sí,1.316504387428855,13877.0,mañana,viernes,distrito 6,3.3,0.0,5.0,18/04/2025
rotación media,"1,81 €",32.0,11.0,3.0,177.0,no,1.031986007960429,3309.0,mediodía,viernes,distrito 6,3.8,5.0,2.0,13/05/2025
residentes,"2,26 €",33.0,62.0,23.0,23.0,no,1.6906572978858878,6117.0,mañana,jueves,distrito 11,1.2,3.0,7.0,23/08/2025
  alta rotación ,"1,32 €",6.0,3.0,8.0,94.0,sí,0.9660086830514442,6742.0,mañana,lunes,distrito 6,2.9,3.0,1.0,11/01/2025
residentes,"3,24 €",14.0,4.0,12.0,73.0,no,0.6791169340456619,4103.0,mañana,lunes,distrito 5,4.5,5.0,5.0,21/06/2025
rotación media,"1,72 €",29.0,44.0,28.0,9.0,no,1.9033003541206073,16142.0,mediodía,lunes,distrito 11,2.5,0.0,8.0,04/08/2025
ROTACIÓN MEDIA,"2,78 €",26.0,23.0,16.0,18.0,no,1.346345557388689,10479.0,mañana,sábado,distrito 7,2.4,3.0,3.0,27/06/2025
rotación media,"3,29 €",42.0,83.0,12.0,5.0,sí,1.4435333739860337,14431.0,tarde,miércoles,distrito 3,2.9,2.0,6.0,25/01/2025
alta rotación,"1,90 €",39.0,10.0,5.0,63.0,sí,1.1904618490941827,19779.0,tarde,miércoles,distrito 7,1.7,3.0,0.0,27/07/2025
  residentes ,"1,92 €",11.0,39.0,27.0,148.0,sí,1.3101371140380242,29749.0,tarde,martes,distrito 7,6.2,1.0,6.0,07/04/2025
rotación media,"1,62 €",27.0,54.0,32.0,163.0,sí,1.4351961356571104,13078.0,mañana,sábado,distrito 4,4.5,1.0,2.0,18/03/2025
rotación media,"1,55 €",44.0,55.0,12.0,89.0,sí,1.5437049037045185,4760.0,tarde,jueves,distrito 8,3.4,6.0,3.0,22/04/2025
residentes,"2,77 €",47.0,18.0,29.0,44.0,no,1.2622492420003892,34258.0,mañana,martes,distrito 11,4.1,1.0,2.0,25/06/2025
residentes,"0,79 €",9.0,10.0,0.0,140.0,sí,0.7504061753996754,5811.0,tarde,sábado,distrito 10,5.7,1.0,1.0,18/06/2025
rotacion media,"2,82 €",38.0,44.0,0.0,51.0,sí,0.6494331351654695,8208.0,tarde,miércoles,distrito 10,0.8,5.0,5.0,24/02/2025
rotación media,"1,58 €",34.0,17.0,11.0,305.0,sí,0.8739856762605568,5590.0,mediodía,miércoles,distrito 10,1.8,1.0,1.0,30/07/2025
  alta rotación ,"2,44 €",45.0,33.0,13.0,51.0,sí,1.3645993680955446,12400.0,mediodía,miércoles,distrito 3,3.3,5.0,7.0,14/09/2025
alta rotacion,"2,27 €",32.0,14.0,15.0,96.0,sí,0.957990151994967,8370.0,mañana,sábado,distrito 11,3.2,6.0,6.0,10/06/2025
ROTACIÓN MEDIA,"1,87 €",45.0,63.0,20.0,62.0,sí,1.3734194163159337,14171.0,tarde,miércoles,distrito 9,2.6,3.0,4.0,07/05/2025
alta rotación,"2,30 €",23.0,30.0,1.0,79.0,sí,1.220729426082459,6426.0,tarde,lunes,distrito 3,3.2,6.0,6.0,30/03/2025
larga estancia,"1,25 €",32.0,27.0,12.0,19.0,sí,1.5104229561599656,9418.0,tarde,jueves,distrito 2,2.2,1.0,0.0,06/04/2025
larga estancia,"2,33 €",22.0,39.0,0.0,61.0,sí,0.69987869619799,26553.0,mañana,miércoles,distrito 4,3.7,0.0,6.0,20/09/2025
larga estancia,"2,53 €",16.0,17.0,11.0,21.0,sí,0.7293217361171,4643.0,tarde,sábado,distrito 8,0.8,5.0,8.0,26/04/2025
residentes,"2,75 €",47.0,92.0,10.0,40.0,sí,1.3332590435666891,11736.0,mediodía,miércoles,distrito 6,3.2,2.0,1.0,04/02/2025
larga estancia,"1,80 €",8.0,19.0,16.0,66.0,sí,1.2634314431867695,11720.0,mañana,viernes,distrito 7,4.4,3.0,8.0,21/04/2025
rotación media,"2,00 €",53.0,53.0,17.0,60.0,sí,1.3072501706456998,16082.0,mediodía,lunes,distrito 5,4.3,3.0,2.0,25/04/2025
residentes,"2,13 €",9.0,14.0,0.0,17.0,sí,0.6111438517282026,13953.0,mañana,lunes,distrito 4,4.8,6.0,3.0,31/10/2025
residentes,"3,09 €",13.0,17.0,8.0,17.0,no,1.1511214340216986,14257.0,mañana,lunes,distrito 10,1.6,3.0,1.0,16/09/2025
rotación media,"2,60 €",43.0,7.0,13.0,147.0,sí,0.8225726052769299,9142.0,tarde,martes,distrito 6,4.5,6.0,1.0,28/04/2025
LARGA ESTANCIA,"2,06 €",44.0,83.0,0.0,48.0,no,0.8395807787251238,22628.0,mañana,sábado,distrito 6,5.5,2.0,8.0,03/10/2025
alta rotación,"2,43 €",29.0,55.0,39.0,46.0,sí,1.5591219130218665,9168.0,mañana,jueves,distrito 9,3.4,3.0,6.0,29/06/2025
residentes,"3,17 €",44.0,14.0,11.0,71.0,sí,0.6584905810779892,12309.0,mediodía,viernes,distrito 10,4.0,1.0,3.0,20/04/2025
larga estancia,"2,53 €",45.0,36.0,8.0,102.0,sí,0.9071108164890499,7493.0,mediodía,miércoles,distrito 7,2.4,6.0,7.0,14/02/2025
rotación media,"2,60 €",21.0,26.0,3.0,116.0,no,0.9064303572802808,9773.0,mañana,miércoles,distrito 5,1.4,6.0,5.0,16/05/2025
alta rotación,"2,81 €",16.0,33.0,1.0,82.0,sí,0.7808851884468294,9324.0,mañana,jueves,distrito 11,4.3,5.0,1.0,20/01/2025
rotación media,"1,52 €",33.0,16.0,11.0,39.0,sí,1.2160492221499788,7864.0,tarde,lunes,distrito 6,4.2,0.0,1.0,21/02/2025
rotación media,"2,36 €",40.0,26.0,0.0,14.0,sí,0.9503854379940788,22710.0,mañana,jueves,distrito 10,2.4,1.0,0.0,11/09/2025
alta rotación,"3,07 €",10.0,20.0,6.0,84.0,sí,0.4684967501720313,4973.0,tarde,jueves,distrito 4,1.6,2.0,6.0,29/07/2025
alta rotación,"2,02 €",16.0,30.0,16.0,189.0,sí,1.3010632458846803,2329.0,mediodía,martes,distrito 3,2.8,5.0,0.0,01/07/2025
rotación media,"2,06 €",59.0,42.0,24.0,74.0,no,1.4586384198540918,6467.0,mañana,viernes,distrito 9,2.4,2.0,6.0,25/02/2025
LARGA ESTANCIA,"1,47 €",27.0,16.0,19.0,62.0,sí,1.2036438098605504,5326.0,mediodía,miércoles,distrito 9,3.9,6.0,6.0,04/04/2025
larga estancia,"2,29 €",37.0,8.0,25.0,70.0,no,1.0555927659945776,15040.0,mañana,miércoles,distrito 6,3.7,5.0,7.0,02/02/2025
ROTACIÓN MEDIA,"2,84 €",48.0,23.0,4.0,121.0,sí,0.9595811465517842,9220.0,mañana,lunes,distrito 1,2.0,5.0,5.0,14/06/2025
rotación media,"1,20 €",44.0,30.0,9.0,216.0,sí,1.176001368397297,12307.0,mañana,martes,distrito 8,-99.0,5.0,4.0,18/09/2025
rotación media,"1,66 €",24.0,2.0,8.0,15.0,sí,0.8940254581068743,5006.0,tarde,viernes,distrito 9,3.5,4.0,3.0,03/05/2025
LARGA ESTANCIA,"2,14 €",31.0,34.0,10.0,134.0,sí,0.970790303782433,10803.0,mañana,lunes,distrito 3,2.1,0.0,7.0,31/03/2025
alta rotacion,"1,51 €",44.0,49.0,21.0,35.0,no,2.1466268969006,7852.0,mediodía,jueves,distrito 4,3.4,0.0,1.0,29/06/2025
larga estancia,"1,23 €",29.0,7.0,1.0,5.0,sí,0.8057683760975374,9067.0,mañana,lunes,distrito 5,5.0,2.0,1.0,24/04/2025
residentes,"1,69 €",56.0,48.0,2.0,8.0,no,1.5177079562297338,14940.0,tarde,miércoles,distrito 10,-99.0,2.0,1.0,31/03/2025
alta rotación,"2,70 €",31.0,6.0,7.0,24.0,sí,0.5023621155261827,4907.0,mediodía,jueves,distrito 10,4.0,5.0,7.0,13/04/2025
larga estancia,"2,71 €",22.0,2.0,0.0,97.0,sí,-0.2785911701092159,6640.0,mediodía,miércoles,distrito 10,3.1,0.0,7.0,24/03/2025
ROTACIÓN MEDIA,"1,81 €",44.0,10.0,7.0,68.0,sí,0.9436530584662689,11831.0,mediodía,sábado,distrito 2,3.6,0.0,5.0,15/04/2025
rotación media,"2,58 €",19.0,24.0,0.0,48.0,sí,0.5266487395452422,12421.0,tarde,lunes,distrito 9,2.5,3.0,8.0,18/08/2025
larga estancia,"1,85 €",22.0,3.0,32.0,117.0,no,0.7772552503114696,51544.0,tarde,sábado,distrito 8,4.9,1.0,0.0,25/02/2025
residentes,"1,95 €",11.0,7.0,4.0,111.0,sí,0.9140541391742827,4182.0,mañana,jueves,distrito 6,2.0,5.0,7.0,22/09/2025
rotación media,"3,01 €",26.0,18.0,9.0,67.0,sí,0.9969427604756925,31982.0,mediodía,martes,distrito 6,7.6,4.0,0.0,15/05/2025
rotación media,"1,69 €",6.0,21.0,11.0,22.0,sí,0.9420673956093703,5293.0,mañana,miércoles,distrito 8,3.8,3.0,4.0,10/07/2025
alta rotación,"2,36 €",30.0,25.0,24.0,36.0,sí,1.213281606661732,5694.0,mañana,miércoles,distrito 4,3.9,1.0,6.0,02/02/2025
rotación media,"2,48 €",33.0,18.0,28.0,98.0,sí,0.9160897441082161,10458.0,mañana,sábado,distrito 7,3.9,1.0,2.0,14/02/2025
residentes,"1,64 €",46.0,15.0,7.0,158.0,sí,0.6708006796437112,7964.0,mediodía,viernes,distrito 2,1.4,0.0,5.0,07/06/2025
rotación media,"1,59 €",26.0,55.0,15.0,11.0,sí,1.5073419043112444,22082.0,mañana,lunes,distrito 10,1.8,2.0,3.0,20/10/2025
alta rotación,"1,03 €",38.0,48.0,5.0,42.0,sí,1.7608857622256013,5769.0,mañana,jueves,distrito 5,-99.0,3.0,1.0,13/06/2025
rotacion media,"2,35 €",54.0,61.0,6.0,18.0,sí,1.3585663764896037,39610.0,tarde,miércoles,distrito 7,2.3,4.0,0.0,04/06/2025
rotación media,"2,70 €",16.0,14.0,9.0,69.0,no,1.2730765841884868,5147.0,mediodía,sábado,distrito 10,2.1,1.0,5.0,11/04/2025
residentes,"2,88 €",53.0,59.0,8.0,58.0,sí,1.0860618623379816,11106.0,tarde,martes,distrito 8,6.6,1.0,2.0,29/09/2025
alta rotacion,"2,56 €",59.0,12.0,1.0,82.0,sí,0.5916514172808766,8959.0,tarde,lunes,distrito 4,4.0,2.0,4.0,01/04/2025
ROTACIÓN MEDIA,"2,47 €",19.0,9.0,2.0,41.0,no,0.7500641883712531,30915.0,mañana,jueves,distrito 3,2.1,2.0,6.0,02/03/2025
residentes,"2,74 €",39.0,9.0,7.0,83.0,sí,1.0729615364285068,10547.0,mediodía,viernes,distrito 3,6.5,0.0,2.0,29/10/2025
residentes,"1,82 €",13.0,11.0,10.0,17.0,sí,1.0628540630454053,4733.0,tarde,martes,distrito 5,0.8,6.0,3.0,22/08/2025
rotación media,"2,68 €",34.0,11.0,9.0,23.0,sí,0.8803438813539451,20152.0,mañana,sábado,distrito 11,3.6,3.0,6.0,15/10/2025
alta rotación,"1,40 €",26.0,18.0,8.0,59.0,sí,1.2527779379826212,15185.0,mediodía,sábado,distrito 7,3.5,3.0,7.0,12/02/2025
residentes,"1,82 €",54.0,46.0,10.0,125.0,sí,1.4513874116093977,7905.0,mediodía,sábado,distrito 2,0.8,1.0,6.0,28/08/2025
larga estancia,"1,45 €",30.0,36.0,5.0,62.0,sí,1.2757561542592741,12310.0,mediodía,martes,distrito 8,6.0,4.0,3.0,06/08/2025
alta rotación,"2,39 €",12.0,3.0,30.0,76.0,no,0.9519090856672333,2321.0,mediodía,miércoles,distrito 6,6.4,1.0,4.0,26/06/2025
larga estancia,"2,25 €",59.0,82.0,1.0,21.0,sí,0.6310269135094408,7958.0,tarde,miércoles,distrito 5,4.5,3.0,7.0,26/08/2025
alta rotación,"1,43 €",58.0,22.0,4.0,4.0,no,1.6586663915547817,16136.0,tarde,viernes,distrito 6,3.2,6.0,5.0,15/05/2025
rotación media,"1,42 €",39.0,26.0,7.0,69.0,sí,1.2395364626989955,8306.0,mañana,martes,distrito 3,2.1,6.0,1.0,23/07/2025
alta rotación,"1,22 €",24.0,53.0,20.0,77.0,no,2.0048263151147037,14294.0,tarde,miércoles,distrito 1,3.1,6.0,6.0,24/07/2025
rotación media,"1,74 €",6.0,9.0,11.0,95.0,sí,1.3612402018007372,5293.0,mañana,viernes,distrito 7,1.2,6.0,7.0,17/05/2025
larga estancia,"1,60 €",27.0,19.0,6.0,99.0,sí,1.0268324599960905,5034.0,tarde,miércoles,distrito 2,1.7,5.0,7.0,18/09/2025
  alta rotación ,"3,03 €",57.0,14.0,4.0,109.0,sí,0.9613584252652725,3897.0,mediodía,lunes,distrito 8,2.8,4.0,2.0,02/10/2025
RESIDENTES,"2,34 €",20.0,20.0,8.0,60.0,sí,0.9814128979902639,2958.0,tarde,viernes,distrito 9,3.6,5.0,5.0,15/07/2025
rotación media,"3,33 €",14.0,42.0,12.0,106.0,sí,0.5785835909199446,14735.0,mediodía,lunes,distrito 10,5.8,4.0,8.0,10/06/2025
residentes,"1,76 €",30.0,6.0,16.0,64.0,sí,1.2032478770688384,14715.0,tarde,jueves,distrito 11,2.3,2.0,6.0,10/07/2025
rotación media,"0,65 €",39.0,4.0,0.0,48.0,sí,0.9468203865928836,1889.0,mediodía,lunes,distrito 1,5.4,4.0,1.0,22/07/2025
rotacion media,"2,22 €",57.0,26.0,0.0,90.0,no,0.8892072091469425,1901.0,tarde,viernes,distrito 4,4.3,0.0,6.0,05/04/2025
alta rotación,"2,61 €",51.0,13.0,3.0,41.0,sí,0.6570395503220757,7011.0,mediodía,miércoles,distrito 10,2.4,6.0,6.0,15/06/2025
alta rotación,"3,00 €",28.0,12.0,9.0,49.0,sí,0.4069155307713942,3185.0,mediodía,viernes,distrito 7,1.5,5.0,5.0,08/08/2025
rotación media,"2,01 €",32.0,25.0,3.0,48.0,sí,0.7329692139549537,11484.0,mañana,lunes,distrito 10,4.7,0.0,1.0,14/09/2025
residentes,"1,36 €",17.0,22.0,7.0,50.0,sí,1.0512528571620106,29678.0,mañana,lunes,distrito 2,1.3,6.0,0.0,14/04/2025
alta rotación,"2,11 €",14.0,33.0,27.0,61.0,sí,1.620331385336275,4326.0,mediodía,jueves,distrito 9,-99.0,1.0,4.0,27/10/2025
alta rotación,"0,82 €",22.0,18.0,4.0,106.0,sí,1.1198253900955348,10553.0,tarde,sábado,distrito 4,4.0,2.0,8.0,09/05/2025
alta rotación,"2,07 €",9.0,9.0,7.0,25.0,sí,0.45282659494774996,18859.0,mediodía,viernes,distrito 6,2.5,6.0,7.0,17/09/2025
larga estancia,"2,06 €",21.0,67.0,17.0,65.0,sí,1.0731842438238963,5928.0,tarde,jueves,distrito 1,5.9,5.0,2.0,04/09/2025
RESIDENTES,"1,21 €",34.0,3.0,27.0,29.0,sí,0.9537450344008347,13548.0,mañana,lunes,distrito 7,2.6,0.0,6.0,27/10/2025
larga estancia,"0,65 €",45.0,32.0,2.0,110.0,sí,1.6903237923233834,7637.0,tarde,sábado,distrito 11,1.7,6.0,3.0,07/10/2025
alta rotación,"0,89 €",7.0,24.0,12.0,12.0,sí,1.8265352545308753,15588.0,mediodía,miércoles,distrito 8,4.4,2.0,4.0,15/10/2025
residentes,"1,14 €",43.0,46.0,4.0,40.0,no,1.313389886555429,16458.0,mañana,jueves,distrito 10,0.8,4.0,6.0,25/04/2025
larga estancia,"1,87 €",41.0,15.0,21.0,26.0,sí,0.8634915979919482,10745.0,tarde,miércoles,distrito 8,1.4,2.0,0.0,06/06/2025
alta rotación,"1,08 €",39.0,13.0,9.0,25.0,sí,1.7965485051441097,10975.0,mañana,sábado,distrito 1,-99.0,3.0,1.0,21/01/2025
larga estancia,"2,50 €",48.0,12.0,8.0,3.0,sí,0.8409203480317888,21996.0,mañana,lunes,distrito 9,4.7,4.0,3.0,09/06/2025
alta rotación,"2,09 €",9.0,25.0,28.0,61.0,sí,1.4387996944214465,12307.0,mediodía,jueves,distrito 4,1.4,2.0,2.0,08/09/2025
rotación media,"2,34 €",53.0,41.0,1.0,113.0,sí,0.49850747326638206,8632.0,mañana,jueves,distrito 2,3.1,1.0,2.0,07/01/2025
larga estancia,"2,43 €",53.0,19.0,8.0,22.0,no,1.108197891611896,13800.0,tarde,viernes,distrito 8,5.3,4.0,7.0,18/01/2025
larga estancia,"1,02 €",45.0,8.0,14.0,163.0,sí,1.1348363274979498,22942.0,tarde,miércoles,distrito 9,3.2,4.0,5.0,08/01/2025
residentes,"3,48 €",50.0,50.0,8.0,10.0,sí,0.9039517020695846,4124.0,mañana,viernes,distrito 6,3.7,1.0,2.0,09/09/2025
rotación media,"1,48 €",39.0,12.0,8.0,68.0,sí,1.1719139982798579,3398.0,mediodía,lunes,distrito 9,2.7,5.0,6.0,24/02/2025
alta rotación,"1,75 €",57.0,31.0,6.0,8.0,sí,1.3114591243912832,3521.0,mañana,lunes,distrito 3,2.9,0.0,8.0,23/09/2025
larga estancia,"2,97 €",51.0,13.0,6.0,73.0,sí,0.4612075602227186,14026.0,tarde,martes,distrito 3,3.1,5.0,3.0,18/09/2025
rotación media,"1,80 €",16.0,6.0,19.0,10.0,sí,0.6347533584267081,12906.0,mañana,sábado,distrito 8,2.6,4.0,5.0,20/04/2025
rotación media,"2,57 €",53.0,34.0,29.0,152.0,sí,1.325156983986767,7886.0,mañana,miércoles,distrito 9,5.3,3.0,0.0,13/03/2025
rotación media,"2,89 €",26.0,5.0,0.0,125.0,sí,0.3910117308156591,12556.0,mediodía,jueves,distrito 5,1.5,0.0,3.0,29/03/2025
rotación media,"2,07 €",58.0,11.0,2.0,133.0,sí,0.5243320801898851,6418.0,mediodía,miércoles,distrito 11,3.8,5.0,6.0,28/10/2025
alta rotación,"2,12 €",27.0,20.0,3.0,71.0,sí,1.0197741577896269,3777.0,tarde,jueves,distrito 8,4.0,3.0,3.0,04/06/2025
rotación media,"2,20 €",24.0,31.0,9.0,32.0,sí,0.9568997072782588,7914.0,mañana,martes,distrito 6,2.1,4.0,4.0,21/08/2025
  rotación media ,"1,83 €",20.0,8.0,8.0,61.0,sí,0.6767023704812732,15761.0,tarde,miércoles,distrito 10,1.7,1.0,2.0,24/02/2025
rotación media,"1,38 €",53.0,13.0,12.0,93.0,sí,1.3323996917629592,8273.0,tarde,martes,distrito 6,2.2,1.0,3.0,19/07/2025
alta rotación,"1,90 €",43.0,24.0,24.0,220.0,sí,1.0985782996661895,35982.0,mediodía,lunes,distrito 6,6.8,2.0,3.0,29/03/2025
rotacion media,"1,55 €",25.0,47.0,14.0,19.0,no,1.4953788816222748,6307.0,mediodía,martes,distrito 1,4.7,1.0,4.0,16/02/2025
alta rotación,"2,05 €",38.0,21.0,15.0,135.0,sí,1.199303008643582,5559.0,mañana,sábado,distrito 6,2.6,3.0,2.0,02/11/2025
larga estancia,"2,39 €",10.0,19.0,1.0,124.0,no,0.6416327357217821,22087.0,mañana,miércoles,distrito 8,2.9,3.0,7.0,29/04/2025
rotación media,"1,85 €",53.0,71.0,20.0,59.0,sí,1.3544842143261167,7269.0,mediodía,miércoles,distrito 9,3.4,3.0,3.0,24/07/2025
alta rotación,"1,47 €",51.0,13.0,13.0,79.0,sí,1.208319586389644,3177.0,tarde,jueves,distrito 6,3.0,6.0,4.0,10/05/2025
ROTACIÓN MEDIA,"2,46 €",38.0,5.0,3.0,14.0,sí,0.7733298768773889,5194.0,mediodía,jueves,distrito 1,1.4,4.0,0.0,28/05/2025
  alta rotación ,"2,50 €",41.0,5.0,24.0,28.0,no,1.0026421891373454,6628.0,mañana,sábado,distrito 2,1.3,3.0,8.0,09/10/2025
rotación media,"1,20 €",39.0,12.0,2.0,63.0,sí,0.909226003393532,5485.0,mediodía,sábado,distrito 7,3.6,4.0,5.0,08/06/2025
alta rotación,"2,06 €",22.0,9.0,5.0,7.0,no,0.8442693392577796,8536.0,tarde,lunes,distrito 4,2.5,5.0,0.0,03/05/2025
larga estancia,"1,69 €",27.0,18.0,10.0,65.0,sí,0.7445603483040362,11940.0,mediodía,lunes,distrito 9,1.3,4.0,8.0,19/04/2025
alta rotación,"3,88 €",29.0,21.0,2.0,58.0,sí,0.5656991847589272,16936.0,mañana,miércoles,distrito 1,5.1,5.0,1.0,04/05/2025
alta rotación,"0,79 €",36.0,21.0,11.0,12.0,sí,1.6527160872858826,3385.0,tarde,viernes,distrito 3,-99.0,5.0,4.0,19/04/2025
rotación media,"1,63 €",58.0,12.0,7.0,161.0,sí,1.376733142756675,4294.0,mañana,martes,distrito 1,-99.0,1.0,7.0,08/01/2025
residentes,"1,77 €",34.0,12.0,8.0,114.0,sí,0.9576967624117547,16865.0,mediodía,viernes,distrito 2,1.2,5.0,7.0,05/02/2025
rotación media,"1,24 €",23.0,21.0,32.0,135.0,sí,1.1948808614983313,4257.0,tarde,miércoles,distrito 3,5.0,1.0,2.0,15/03/2025
rotación media,"1,27 €",15.0,45.0,12.0,71.0,sí,1.3146078745756797,8968.0,tarde,lunes,distrito 2,5.1,5.0,2.0,22/03/2025
rotación media,"1,07 €",35.0,9.0,7.0,119.0,sí,1.1944217506363464,4727.0,tarde,viernes,distrito 5,2.1,0.0,4.0,07/07/2025
rotación media,"1,67 €",43.0,9.0,25.0,93.0,no,1.1865621492840386,16178.0,tarde,miércoles,distrito 2,3.3,6.0,2.0,18/03/2025
  larga estancia ,"0,79 €",15.0,16.0,10.0,119.0,no,1.2926177660927238,12330.0,mañana,jueves,distrito 9,4.6,5.0,6.0,19/09/2025
alta rotación,"2,28 €",45.0,54.0,3.0,70.0,no,1.1636653417315694,6091.0,mañana,martes,distrito 11,3.1,0.0,7.0,22/03/2025
alta rotación,"1,59 €",26.0,40.0,3.0,14.0,no,1.3129741721658672,20495.0,mediodía,jueves,distrito 10,6.1,4.0,2.0,22/05/2025
alta rotación,"1,87 €",46.0,6.0,7.0,35.0,sí,0.5161469753880099,5180.0,mañana,sábado,distrito 1,2.7,3.0,5.0,23/02/2025
residentes,"2,70 €",43.0,23.0,31.0,12.0,sí,1.3824158466757903,4112.0,mediodía,sábado,distrito 8,2.4,4.0,1.0,07/04/2025
alta rotacion,"2,05 €",23.0,2.0,2.0,53.0,no,0.5670505517766501,14460.0,mediodía,sábado,distrito 10,2.7,5.0,3.0,01/09/2025
alta rotación,"2,58 €",30.0,14.0,8.0,116.0,sí,0.7351007455917519,3572.0,mañana,sábado,distrito 11,2.1,3.0,5.0,30/09/2025
rotacion media,"2,21 €",23.0,20.0,5.0,368.0,sí,0.823141988619427,9188.0,mañana,viernes,distrito 1,2.6,5.0,7.0,19/10/2025
alta rotación,"2,42 €",17.0,5.0,36.0,39.0,sí,0.857382159445649,12972.0,tarde,viernes,distrito 11,2.9,6.0,5.0,23/03/2025
rotacion media,"0,81 €",48.0,16.0,22.0,62.0,sí,1.9168478366407298,16519.0,tarde,lunes,distrito 3,0.8,2.0,5.0,21/04/2025
alta rotación,"1,69 €",20.0,9.0,10.0,22.0,no,1.3124924223388266,5799.0,mañana,miércoles,distrito 8,2.0,4.0,4.0,05/02/2025
ROTACIÓN MEDIA,"2,67 €",25.0,30.0,5.0,30.0,sí,1.081721807350449,6255.0,mediodía,miércoles,distrito 10,4.5,1.0,5.0,17/02/2025
residentes,"0,77 €",41.0,1.0,10.0,296.0,no,1.3105986357109998,23324.0,tarde,sábado,distrito 4,4.7,2.0,0.0,19/09/2025
  alta rotación ,"0,71 €",41.0,12.0,15.0,65.0,sí,1.7844295209178043,19105.0,mañana,sábado,distrito 8,3.5,4.0,7.0,12/03/2025
residentes,"1,62 €",7.0,31.0,1.0,232.0,sí,1.06407632983585,12600.0,mediodía,sábado,distrito 10,2.2,0.0,0.0,22/07/2025
rotacion media,"3,76 €",44.0,38.0,5.0,27.0,sí,0.5496671302067803,6510.0,tarde,jueves,distrito 11,3.3,6.0,8.0,30/05/2025
ROTACIÓN MEDIA,"1,83 €",45.0,13.0,4.0,13.0,no,0.8580083847227091,2697.0,mañana,viernes,distrito 8,3.0,5.0,6.0,26/05/2025
alta rotación,"2,86 €",40.0,27.0,3.0,42.0,no,0.7968077991223382,3984.0,mediodía,viernes,distrito 1,1.7,1.0,2.0,19/08/2025
ALTA ROTACIÓN,"2,14 €",23.0,52.0,12.0,29.0,sí,1.2175931072499513,1249.0,tarde,viernes,distrito 7,4.6,2.0,8.0,28/04/2025
rotación media,"1,43 €",16.0,15.0,7.0,61.0,no,1.096126142789679,21598.0,tarde,sábado,distrito 6,2.0,6.0,3.0,29/06/2025
rotación media,"1,90 €",43.0,6.0,11.0,62.0,no,1.2544617731032803,17478.0,mañana,sábado,distrito 9,3.8,6.0,3.0,18/08/2025
larga estancia,"2,82 €",53.0,29.0,5.0,21.0,sí,0.686846002373922,5739.0,tarde,jueves,distrito 6,1.2,6.0,7.0,25/02/2025
residentes,"1,49 €",53.0,19.0,33.0,46.0,sí,1.398720121319548,17094.0,mediodía,jueves,distrito 11,1.4,1.0,6.0,29/10/2025
ALTA ROTACIÓN,"1,71 €",22.0,31.0,0.0,18.0,no,0.7932145725735423,1897.0,mañana,lunes,distrito 8,2.8,1.0,2.0,30/07/2025
alta rotación,"2,52 €",32.0,6.0,5.0,23.0,sí,0.8228789523582852,1858.0,mediodía,miércoles,distrito 8,3.0,5.0,5.0,30/05/2025
RESIDENTES,"1,69 €",22.0,16.0,0.0,96.0,no,0.9453728523566901,19576.0,mañana,lunes,distrito 7,3.4,4.0,6.0,20/10/2025
rotación media,"1,82 €",52.0,51.0,3.0,24.0,no,1.5161282098809696,6369.0,tarde,martes,distrito 4,1.4,3.0,3.0,07/09/2025
rotación media,"1,39 €",43.0,18.0,37.0,71.0,sí,1.5587480488418166,4681.0,mañana,martes,distrito 9,3.3,6.0,8.0,09/04/2025
  residentes ,"2,21 €",19.0,41.0,42.0,267.0,sí,1.5239807557119978,3845.0,mediodía,sábado,distrito 8,0.8,1.0,7.0,01/08/2025
rotación media,"2,40 €",14.0,7.0,9.0,95.0,no,0.9380839995822898,5501.0,mañana,miércoles,distrito 4,3.0,6.0,0.0,31/07/2025
alta rotación,"2,73 €",7.0,24.0,17.0,25.0,sí,1.2802776250730366,4930.0,mediodía,lunes,distrito 2,2.4,3.0,8.0,06/09/2025
residentes,"4,16 €",28.0,36.0,7.0,53.0,sí,0.5256547030531052,4991.0,tarde,lunes,distrito 4,-99.0,3.0,2.0,16/04/2025
ROTACIÓN MEDIA,"0,90 €",32.0,28.0,16.0,17.0,no,1.8909393689349414,18952.0,tarde,lunes,distrito 1,1.2,4.0,3.0,12/06/2025
alta rotación,"1,24 €",54.0,66.0,0.0,25.0,sí,1.1685651137035278,7509.0,tarde,lunes,distrito 8,1.9,4.0,7.0,16/04/2025
alta rotación,"1,88 €",48.0,13.0,0.0,133.0,sí,1.000345922521855,6442.0,mediodía,miércoles,distrito 6,-99.0,5.0,1.0,16/08/2025
alta rotación,"2,59 €",50.0,33.0,9.0,22.0,no,1.1939393713664666,8471.0,mediodía,jueves,distrito 9,2.7,6.0,8.0,02/06/2025
residentes,"2,05 €",7.0,11.0,5.0,180.0,no,0.7765230720547516,12612.0,tarde,miércoles,distrito 6,3.3,0.0,2.0,12/07/2025
alta rotación,"1,72 €",24.0,33.0,2.0,65.0,sí,1.308569670844436,16825.0,tarde,sábado,distrito 11,5.2,4.0,5.0,06/02/2025
LARGA ESTANCIA,"0,67 €",60.0,20.0,6.0,95.0,sí,1.285779716232141,19936.0,tarde,viernes,distrito 1,6.7,1.0,2.0,07/08/2025
rotación media,"1,37 €",17.0,44.0,1.0,104.0,sí,1.1198781623715557,8829.0,mañana,martes,distrito 1,2.5,5.0,6.0,13/02/2025
rotación media,"1,34 €",20.0,48.0,0.0,60.0,sí,1.3422783164382708,11655.0,tarde,martes,distrito 9,5.0,4.0,1.0,20/07/2025
larga estancia,"2,52 €",41.0,12.0,1.0,86.0,sí,0.6051962917860518,5292.0,mediodía,jueves,distrito 1,3.3,2.0,7.0,15/01/2025
residentes,"1,51 €",55.0,18.0,4.0,52.0,sí,1.3331448461223774,8841.0,tarde,viernes,distrito 3,3.6,2.0,2.0,13/01/2025
larga estancia,"1,16 €",7.0,12.0,10.0,68.0,sí,1.363222965164266,30870.0,tarde,lunes,distrito 11,-99.0,5.0,3.0,04/07/2025
residentes,"1,48 €",50.0,66.0,1.0,14.0,sí,1.3519627631723123,8386.0,mañana,sábado,distrito 5,4.0,5.0,2.0,06/05/2025
residentes,"1,61 €",7.0,10.0,29.0,28.0,sí,1.3142815200135636,4905.0,mediodía,sábado,distrito 10,-99.0,2.0,2.0,22/01/2025
larga estancia,"2,18 €",50.0,5.0,18.0,197.0,no,0.9147017873254646,7217.0,mañana,martes,distrito 6,3.2,4.0,2.0,06/10/2025
residentes,"3,87 €",33.0,18.0,5.0,36.0,sí,0.11703273758930599,14085.0,mañana,lunes,distrito 9,5.1,2.0,3.0,12/01/2025
residentes,"2,30 €",15.0,24.0,11.0,273.0,sí,0.9348882687856394,10362.0,tarde,miércoles,distrito 6,1.4,5.0,8.0,23/05/2025
rotación media,"1,41 €",21.0,13.0,4.0,13.0,sí,1.1050926084764372,5793.0,mediodía,jueves,distrito 7,5.0,0.0,0.0,11/05/2025
residentes,"1,52 €",58.0,23.0,11.0,80.0,sí,1.116737572412874,9891.0,mediodía,jueves,distrito 6,4.4,0.0,6.0,25/10/2025
larga estancia,"1,42 €",17.0,52.0,2.0,264.0,no,1.3328333661434915,18748.0,tarde,martes,distrito 3,2.7,4.0,7.0,07/08/2025
  residentes ,"2,27 €",30.0,10.0,1.0,190.0,sí,0.5340492389523334,23305.0,mediodía,martes,distrito 8,2.4,3.0,3.0,02/03/2025
  rotación media ,"1,95 €",32.0,2.0,3.0,79.0,sí,0.9497923947198781,14801.0,mañana,lunes,distrito 7,1.4,0.0,1.0,05/10/2025
RESIDENTES,"2,18 €",56.0,38.0,4.0,121.0,sí,1.4034832131935462,6427.0,tarde,sábado,distrito 2,3.6,5.0,2.0,19/07/2025
RESIDENTES,"1,68 €",25.0,5.0,18.0,99.0,no,1.004415415284425,11976.0,mediodía,lunes,distrito 5,4.6,5.0,6.0,13/02/2025
ROTACIÓN MEDIA,"2,26 €",51.0,15.0,3.0,25.0,sí,0.8703718087280999,25867.0,tarde,jueves,distrito 3,3.8,4.0,5.0,18/03/2025
rotación media,"2,67 €",14.0,32.0,0.0,76.0,sí,0.9953922069442287,18192.0,mediodía,sábado,distrito 3,3.1,5.0,5.0,14/01/2025
larga estancia,"2,28 €",46.0,32.0,11.0,27.0,sí,0.9013804621839365,5300.0,tarde,sábado,distrito 1,4.8,4.0,8.0,15/08/2025
alta rotación,"2,05 €",37.0,102.0,2.0,127.0,sí,0.924259366400754,5134.0,tarde,viernes,distrito 9,3.1,0.0,8.0,10/08/2025
residentes,"1,65 €",17.0,32.0,1.0,18.0,sí,1.0720630783514373,5344.0,tarde,lunes,distrito 3,-99.0,5.0,3.0,28/05/2025
residentes,"1,29 €",46.0,70.0,4.0,13.0,sí,1.6743408090537564,4449.0,mañana,jueves,distrito 3,3.2,4.0,2.0,03/08/2025
larga estancia,"1,02 €",52.0,18.0,13.0,125.0,sí,1.4562575858816622,8859.0,tarde,viernes,distrito 5,2.2,4.0,7.0,14/09/2025
larga estancia,"1,49 €",7.0,35.0,34.0,94.0,sí,1.4876804022230754,6970.0,mediodía,sábado,distrito 11,2.2,3.0,4.0,09/01/2025
RESIDENTES,"2,62 €",19.0,81.0,9.0,208.0,no,1.1880196673666237,6081.0,mañana,lunes,distrito 9,1.5,0.0,1.0,19/06/2025
larga estancia,"2,13 €",12.0,7.0,19.0,147.0,sí,1.1276408605869377,5487.0,mañana,sábado,distrito 10,2.5,5.0,3.0,07/06/2025
alta rotación,"0,99 €",16.0,10.0,5.0,3.0,sí,1.7481196654290232,7017.0,tarde,miércoles,distrito 9,2.5,0.0,1.0,11/06/2025
alta rotación,"2,71 €",39.0,6.0,28.0,85.0,sí,1.1041333688265091,13455.0,mediodía,martes,distrito 8,4.4,4.0,5.0,22/08/2025
larga estancia,"1,93 €",56.0,21.0,1.0,74.0,sí,0.7499366670058986,19084.0,tarde,miércoles,distrito 8,1.2,3.0,7.0,11/01/2025
alta rotación,"1,12 €",53.0,24.0,3.0,10.0,sí,1.3719174038318145,12917.0,mañana,jueves,distrito 6,3.1,0.0,7.0,06/06/2025
rotación media,"1,85 €",45.0,3.0,3.0,110.0,no,1.1839101072757838,11243.0,mediodía,martes,distrito 6,1.7,6.0,6.0,04/10/2025
rotación media,"2,36 €",56.0,57.0,3.0,53.0,sí,1.1403872162146342,13216.0,mañana,jueves,distrito 5,2.1,1.0,0.0,23/09/2025
alta rotación,"1,77 €",52.0,75.0,16.0,76.0,sí,1.394433348082668,5174.0,mañana,lunes,distrito 4,3.1,1.0,4.0,09/02/2025
residentes,"1,26 €",11.0,32.0,7.0,99.0,sí,1.489571832601412,8860.0,mañana,martes,distrito 4,3.7,2.0,7.0,17/08/2025
alta rotación,"1,73 €",27.0,11.0,5.0,102.0,no,1.6541500561235691,3458.0,mañana,martes,distrito 2,3.1,2.0,5.0,31/07/2025
LARGA ESTANCIA,"1,38 €",30.0,5.0,3.0,14.0,sí,0.5690919218952012,8552.0,mañana,martes,distrito 3,2.7,6.0,3.0,05/08/2025
larga estancia,"1,89 €",14.0,7.0,4.0,37.0,no,0.6841105357592235,4736.0,mañana,miércoles,distrito 10,4.8,3.0,2.0,17/08/2025
larga estancia,"1,94 €",50.0,31.0,2.0,121.0,sí,1.0497780399995151,6967.0,mañana,sábado,distrito 2,2.5,2.0,3.0,09/10/2025
alta rotación,"1,60 €",35.0,1.0,1.0,10.0,sí,0.5003322514602286,6887.0,mediodía,miércoles,distrito 1,3.2,0.0,1.0,14/08/2025
alta rotación,"2,45 €",39.0,16.0,16.0,21.0,no,1.260259585655548,14567.0,mediodía,jueves,distrito 9,2.9,5.0,7.0,12/06/2025
rotación media,"1,34 €",25.0,20.0,8.0,33.0,sí,1.5270946685748794,9897.0,tarde,miércoles,distrito 8,3.3,1.0,7.0,09/04/2025
  rotación media ,"3,01 €",40.0,16.0,10.0,113.0,sí,0.6630457986620103,7407.0,tarde,martes,distrito 4,3.0,6.0,4.0,13/03/2025
RESIDENTES,"2,75 €",34.0,14.0,1.0,107.0,sí,0.7608349883221714,57573.0,mañana,miércoles,distrito 1,0.8,6.0,7.0,16/02/2025
rotación media,"0,89 €",55.0,2.0,22.0,19.0,sí,1.3573667724152694,4836.0,tarde,sábado,distrito 10,2.7,6.0,6.0,02/06/2025
residentes,"2,48 €",43.0,47.0,7.0,42.0,sí,0.8265088956091052,13894.0,tarde,lunes,distrito 9,1.0,2.0,4.0,16/05/2025
alta rotación,"1,91 €",27.0,11.0,2.0,68.0,no,0.9852053201432098,17449.0,mediodía,lunes,distrito 6,1.3,4.0,6.0,02/04/2025
residentes,"1,89 €",55.0,13.0,2.0,35.0,sí,0.7013897009640767,12710.0,tarde,miércoles,distrito 10,4.1,3.0,6.0,02/06/2025
  alta rotación ,"1,12 €",20.0,32.0,8.0,40.0,sí,1.5099481999246447,12705.0,tarde,lunes,distrito 3,2.0,4.0,3.0,07/06/2025
alta rotacion,"1,67 €",9.0,17.0,0.0,52.0,sí,0.8703682288755481,48230.0,tarde,martes,distrito 10,4.4,5.0,4.0,06/04/2025
  larga estancia ,"2,42 €",44.0,17.0,4.0,8.0,sí,0.7502880754086562,8588.0,mañana,jueves,distrito 8,-99.0,6.0,1.0,17/10/2025
larga estancia,"3,06 €",10.0,3.0,0.0,21.0,sí,-0.11679580254074834,9156.0,mañana,martes,distrito 1,3.8,4.0,0.0,11/03/2025
alta rotación,"2,80 €",24.0,9.0,19.0,76.0,sí,0.7525968493232612,3886.0,tarde,viernes,distrito 2,3.7,3.0,7.0,22/06/2025
RESIDENTES,"3,56 €",50.0,12.0,6.0,97.0,sí,0.47436025478002214,28549.0,tarde,miércoles,distrito 1,2.0,3.0,5.0,16/09/2025
RESIDENTES,"3,06 €",47.0,20.0,6.0,41.0,sí,1.5465910224800496,7597.0,mañana,miércoles,distrito 4,4.1,5.0,8.0,24/09/2025
residentes,"2,17 €",14.0,12.0,1.0,10.0,sí,1.2463492591533392,5756.0,tarde,viernes,distrito 3,1.4,4.0,7.0,06/10/2025
residentes,"2,50 €",42.0,2.0,8.0,8.0,sí,0.6650873118053309,7628.0,mañana,lunes,distrito 1,2.1,5.0,0.0,09/03/2025
ROTACIÓN MEDIA,"2,40 €",27.0,40.0,4.0,25.0,sí,1.0149505252598163,7504.0,tarde,miércoles,distrito 10,3.5,3.0,8.0,09/02/2025
  rotación media ,"2,53 €",38.0,46.0,20.0,50.0,no,1.3451735309930541,20178.0,mañana,lunes,distrito 6,4.1,3.0,1.0,28/02/2025
rotación media,"1,94 €",31.0,33.0,7.0,22.0,no,1.7284731199071328,22457.0,mediodía,martes,distrito 3,2.8,1.0,2.0,01/06/2025
ROTACIÓN MEDIA,"2,80 €",31.0,20.0,10.0,42.0,sí,0.9042893652687841,17875.0,mediodía,jueves,distrito 4,2.1,2.0,7.0,16/07/2025
  alta rotación ,"1,98 €",15.0,49.0,6.0,23.0,no,1.5214151640351228,40489.0,mañana,viernes,distrito 3,4.1,1.0,6.0,31/07/2025
  alta rotación ,"2,63 €",41.0,11.0,6.0,76.0,sí,0.6284515663653618,11071.0,mañana,miércoles,distrito 9,4.1,1.0,1.0,13/04/2025
alta rotación,"1,45 €",43.0,23.0,16.0,1.0,no,1.7194105596584446,15723.0,tarde,miércoles,distrito 1,2.7,6.0,2.0,14/05/2025
alta rotación,"1,96 €",7.0,27.0,25.0,48.0,sí,1.174421778472492,6716.0,mediodía,viernes,distrito 1,4.1,2.0,3.0,15/01/2025
larga estancia,"1,52 €",19.0,13.0,4.0,59.0,sí,0.8692001571419031,6088.0,mediodía,lunes,distrito 11,2.6,6.0,3.0,02/10/2025
alta rotacion,"2,95 €",40.0,34.0,13.0,46.0,no,1.068062266232306,1859.0,mediodía,miércoles,distrito 9,3.1,4.0,1.0,12/02/2025
alta rotación,"2,14 €",13.0,5.0,5.0,53.0,sí,0.6166044994749242,4381.0,mediodía,lunes,distrito 10,0.8,1.0,8.0,10/08/2025
larga estancia,"2,12 €",30.0,12.0,4.0,134.0,sí,0.7299431619994413,6596.0,tarde,martes,distrito 4,3.9,6.0,5.0,03/04/2025
alta rotación,"1,90 €",21.0,5.0,19.0,24.0,sí,1.1932674907077816,9809.0,mañana,jueves,distrito 11,4.7,1.0,8.0,07/04/2025
alta rotación,"3,49 €",10.0,0.0,22.0,63.0,sí,0.2072764850577389,4615.0,mañana,martes,distrito 7,2.7,3.0,7.0,19/09/2025
larga estancia,"1,85 €",53.0,19.0,6.0,115.0,sí,1.128224346670784,20880.0,tarde,miércoles,distrito 5,0.8,6.0,8.0,24/04/2025
residentes,"2,42 €",38.0,13.0,10.0,27.0,sí,0.7551040715651095,3336.0,mañana,viernes,distrito 9,4.3,5.0,8.0,20/06/2025
alta rotación,"3,00 €",28.0,31.0,5.0,97.0,sí,0.6414355781820907,12520.0,mañana,viernes,distrito 10,4.5,5.0,0.0,16/05/2025
rotación media,"2,86 €",14.0,12.0,11.0,8.0,sí,0.74888718285206,4883.0,mediodía,viernes,distrito 2,4.4,6.0,2.0,21/06/2025
rotación media,"2,95 €",47.0,3.0,30.0,36.0,sí,0.7179897687096829,10693.0,tarde,miércoles,distrito 6,2.3,4.0,4.0,13/03/2025
rotación media,"1,89 €",32.0,17.0,7.0,43.0,no,1.330729605471573,6037.0,tarde,sábado,distrito 8,2.6,5.0,3.0,22/09/2025
alta rotación,"3,09 €",17.0,7.0,5.0,50.0,no,0.6645641258950377,4708.0,mañana,lunes,distrito 6,3.0,0.0,1.0,09/03/2025
  alta rotación ,"2,93 €",21.0,19.0,9.0,31.0,no,1.2568077751524278,5436.0,mediodía,lunes,distrito 6,3.1,5.0,2.0,19/04/2025
ALTA ROTACIÓN,"1,71 €",50.0,24.0,6.0,229.0,sí,1.5953824414222677,7823.0,tarde,sábado,distrito 11,4.0,3.0,1.0,14/01/2025
residentes,"1,92 €",14.0,12.0,20.0,22.0,sí,1.4656524525776118,3991.0,tarde,martes,distrito 9,3.4,5.0,8.0,08/07/2025
rotación media,"1,27 €",55.0,32.0,3.0,46.0,sí,1.3083143895845806,7587.0,tarde,sábado,distrito 5,4.6,5.0,7.0,07/06/2025
larga estancia,"2,50 €",6.0,18.0,2.0,142.0,sí,0.738602182132145,16859.0,tarde,miércoles,distrito 9,2.7,0.0,3.0,20/10/2025
residentes,"1,28 €",27.0,20.0,5.0,59.0,no,1.75950403307088,8331.0,mediodía,jueves,distrito 9,3.7,4.0,1.0,18/03/2025
alta rotación,"1,56 €",51.0,21.0,17.0,201.0,no,1.4028704441850883,8847.0,mediodía,lunes,distrito 5,2.5,0.0,6.0,15/05/2025
rotación media,"2,03 €",42.0,17.0,2.0,39.0,sí,0.7443718282676776,27851.0,mañana,martes,distrito 2,3.3,2.0,7.0,01/08/2025
rotación media,"2,92 €",55.0,9.0,3.0,76.0,sí,0.6451521688421639,4480.0,tarde,lunes,distrito 7,1.9,2.0,5.0,18/09/2025
rotación media,"1,83 €",24.0,25.0,10.0,44.0,sí,1.2460832656657848,21565.0,tarde,jueves,distrito 4,1.4,0.0,3.0,03/05/2025
residentes,"1,24 €",13.0,24.0,3.0,23.0,sí,1.5381517600658632,11851.0,mediodía,miércoles,distrito 1,2.2,1.0,1.0,28/06/2025
rotación media,"1,98 €",58.0,8.0,2.0,52.0,no,0.8585377038572182,4597.0,mediodía,miércoles,distrito 11,5.2,1.0,4.0,22/09/2025
  residentes ,"2,97 €",21.0,4.0,28.0,104.0,sí,1.2390260099405368,6250.0,mediodía,lunes,distrito 1,4.7,3.0,0.0,16/06/2025
alta rotación,"2,88 €",32.0,33.0,3.0,122.0,sí,1.0268398830796501,13778.0,mañana,miércoles,distrito 2,3.5,1.0,1.0,27/06/2025
larga estancia,"2,90 €",25.0,36.0,4.0,100.0,sí,0.4353609334486313,11938.0,mañana,lunes,distrito 11,3.9,6.0,6.0,23/04/2025
LARGA ESTANCIA,"0,89 €",43.0,17.0,22.0,94.0,sí,0.8127104052334695,11613.0,tarde,jueves,distrito 2,2.1,0.0,8.0,27/01/2025
rotación media,"2,55 €",47.0,4.0,18.0,54.0,sí,0.44791584614291235,7234.0,tarde,miércoles,distrito 3,4.8,6.0,0.0,23/05/2025
  alta rotación ,"1,46 €",40.0,19.0,4.0,81.0,sí,0.9767444668174957,3933.0,mediodía,jueves,distrito 6,0.9,5.0,5.0,20/09/2025
rotación media,"3,09 €",25.0,79.0,23.0,33.0,sí,1.6696317207726339,8631.0,mañana,jueves,distrito 2,2.3,4.0,4.0,29/04/2025
RESIDENTES,"1,53 €",39.0,3.0,7.0,71.0,sí,0.9998792344318627,8726.0,tarde,martes,distrito 5,1.4,5.0,6.0,07/09/2025
larga estancia,"1,99 €",38.0,12.0,23.0,39.0,sí,0.7690624549244292,11132.0,mañana,martes,distrito 3,1.3,5.0,1.0,19/10/2025
  alta rotación ,"0,82 €",28.0,12.0,8.0,100.0,sí,1.7296912518132064,38874.0,mediodía,jueves,distrito 10,3.5,6.0,0.0,01/07/2025
ROTACIÓN MEDIA,"3,29 €",60.0,30.0,15.0,43.0,no,0.9774552678342375,9939.0,mañana,lunes,distrito 11,5.6,6.0,0.0,29/07/2025
larga estancia,"2,69 €",26.0,7.0,4.0,194.0,sí,0.4157453159150789,7681.0,mediodía,miércoles,distrito 9,3.3,5.0,7.0,27/07/2025
rotación media,"1,70 €",8.0,31.0,0.0,7.0,no,1.2062202968405964,13917.0,tarde,jueves,distrito 6,3.3,6.0,6.0,02/04/2025
rotación media,"2,50 €",55.0,45.0,25.0,35.0,sí,1.167891676304529,34299.0,mediodía,jueves,distrito 4,0.8,1.0,8.0,06/10/2025
alta rotacion,"2,84 €",41.0,7.0,1.0,102.0,no,0.5997500290834821,12813.0,tarde,miércoles,distrito 11,1.4,3.0,7.0,04/08/2025
alta rotación,"1,57 €",39.0,14.0,16.0,23.0,sí,1.2503738598269707,6744.0,tarde,martes,distrito 7,2.9,6.0,4.0,07/08/2025
alta rotación,"2,73 €",48.0,23.0,0.0,20.0,sí,0.7682934232461887,9019.0,tarde,viernes,distrito 8,3.2,4.0,2.0,02/10/2025
larga estancia,"2,65 €",40.0,29.0,1.0,78.0,sí,0.7991401229240377,16464.0,mañana,sábado,distrito 4,2.8,0.0,7.0,19/01/2025
rotación media,"1,83 €",22.0,22.0,25.0,78.0,sí,1.1441108795786363,7724.0,mediodía,lunes,distrito 11,3.7,1.0,3.0,24/04/2025
larga estancia,"1,70 €",32.0,32.0,1.0,79.0,no,1.3422901035542285,16199.0,mañana,jueves,distrito 6,1.8,0.0,3.0,10/10/2025
alta rotación,"2,48 €",49.0,39.0,25.0,107.0,sí,1.0403447228353628,5412.0,mediodía,sábado,distrito 6,3.7,0.0,8.0,02/10/2025
residentes,"1,76 €",6.0,14.0,5.0,70.0,no,1.3578827747738587,6933.0,mediodía,lunes,distrito 2,3.6,3.0,5.0,29/01/2025
larga estancia,"2,75 €",51.0,40.0,2.0,67.0,sí,1.0178091304021564,22589.0,mediodía,lunes,distrito 11,1.3,3.0,5.0,27/05/2025
rotación media,"1,75 €",54.0,22.0,19.0,6.0,sí,1.142097012945841,5506.0,tarde,lunes,distrito 11,2.6,3.0,6.0,10/05/2025
rotación media,"1,24 €",21.0,14.0,1.0,31.0,no,0.8110146108720315,9542.0,tarde,viernes,distrito 5,0.8,3.0,5.0,15/09/2025
  rotación media ,"2,89 €",12.0,10.0,4.0,93.0,no,0.558636275022665,55983.0,mañana,lunes,distrito 11,6.4,3.0,1.0,02/02/2025
ALTA ROTACIÓN,"1,88 €",18.0,29.0,6.0,40.0,sí,1.0108473061701924,9126.0,mediodía,lunes,distrito 3,4.3,1.0,4.0,12/09/2025
rotación media,"1,48 €",15.0,13.0,15.0,63.0,no,1.372561758470251,11908.0,mañana,sábado,distrito 5,4.6,5.0,2.0,17/01/2025
ALTA ROTACIÓN,"2,34 €",24.0,20.0,0.0,62.0,sí,0.4043971600253441,2983.0,tarde,viernes,distrito 2,2.4,4.0,0.0,17/07/2025
residentes,"1,74 €",33.0,47.0,0.0,36.0,sí,0.7827509582073127,14241.0,tarde,jueves,distrito 6,2.2,1.0,2.0,02/07/2025
alta rotación,"0,50 €",52.0,43.0,8.0,271.0,no,2.129745984439893,17935.0,mañana,lunes,distrito 10,1.9,5.0,6.0,13/06/2025
residentes,"2,43 €",18.0,58.0,7.0,16.0,no,1.7202562988313739,10689.0,tarde,viernes,distrito 6,3.9,3.0,8.0,08/07/2025
residentes,"1,51 €",37.0,18.0,9.0,142.0,sí,1.3323050482454792,16838.0,mañana,miércoles,distrito 5,0.8,0.0,0.0,04/07/2025
rotación media,"1,57 €",59.0,24.0,16.0,23.0,sí,1.644704535619697,7617.0,tarde,miércoles,distrito 8,3.5,0.0,1.0,01/07/2025
larga estancia,"2,49 €",51.0,14.0,28.0,53.0,sí,0.889008460421022,4551.0,tarde,martes,distrito 3,3.1,2.0,8.0,21/01/2025
RESIDENTES,"2,31 €",45.0,9.0,4.0,242.0,no,0.9683039193499723,22090.0,tarde,jueves,distrito 7,1.9,1.0,4.0,23/09/2025
  rotación media ,"1,93 €",22.0,53.0,0.0,227.0,sí,0.6753374724098914,13969.0,mañana,lunes,distrito 10,0.8,3.0,5.0,09/10/2025
ROTACIÓN MEDIA,"0,72 €",20.0,21.0,1.0,49.0,no,1.637303384850798,6613.0,mañana,viernes,distrito 10,2.9,6.0,0.0,10/01/2025
rotación media,"1,48 €",6.0,7.0,10.0,85.0,no,1.212864178110204,6668.0,mediodía,viernes,distrito 8,4.2,6.0,5.0,26/09/2025
alta rotación,"1,55 €",55.0,13.0,10.0,54.0,sí,1.4889347262353736,9109.0,tarde,miércoles,distrito 9,2.4,6.0,2.0,21/06/2025
rotación media,"2,13 €",33.0,44.0,24.0,162.0,sí,1.4782704625375152,13008.0,mañana,lunes,distrito 9,3.1,0.0,5.0,18/01/2025
rotación media,"3,44 €",60.0,16.0,0.0,88.0,sí,0.37300886830475394,3655.0,tarde,sábado,distrito 11,1.4,6.0,7.0,01/07/2025
larga estancia,"2,06 €",56.0,8.0,3.0,73.0,sí,0.5950226283413096,13537.0,mañana,miércoles,distrito 4,3.4,2.0,5.0,09/09/2025
rotación media,"2,28 €",35.0,39.0,5.0,48.0,no,1.6635956824422946,5029.0,mediodía,sábado,distrito 8,2.6,6.0,0.0,23/01/2025
residentes,"1,59 €",34.0,20.0,0.0,210.0,sí,1.3966849350317885,13300.0,mediodía,martes,distrito 6,0.8,2.0,0.0,02/06/2025
  rotación media ,"2,63 €",55.0,84.0,4.0,137.0,sí,1.1335524210292862,10651.0,mediodía,miércoles,distrito 5,-99.0,1.0,5.0,12/06/2025
alta rotación,"1,80 €",59.0,4.0,0.0,27.0,no,0.673657899733519,12248.0,mañana,sábado,distrito 6,3.2,2.0,7.0,24/05/2025
larga estancia,"1,72 €",55.0,26.0,4.0,14.0,no,1.5729596932476508,9351.0,tarde,lunes,distrito 1,4.2,2.0,7.0,24/06/2025
LARGA ESTANCIA,"2,98 €",10.0,33.0,35.0,18.0,sí,1.0021172147838315,5003.0,tarde,lunes,distrito 4,5.2,1.0,0.0,21/03/2025
larga estancia,"3,43 €",41.0,48.0,6.0,65.0,no,0.6012422816743104,4795.0,tarde,sábado,distrito 8,1.3,5.0,6.0,02/08/2025
alta rotación,"2,38 €",20.0,8.0,0.0,48.0,sí,0.25179410324728124,4299.0,tarde,lunes,distrito 6,2.4,1.0,5.0,30/08/2025
rotación media,"2,77 €",31.0,12.0,24.0,17.0,sí,1.026741080732352,5561.0,mediodía,jueves,distrito 10,5.9,0.0,0.0,21/10/2025
rotación media,"2,71 €",13.0,3.0,11.0,4.0,no,0.7504327425999568,19620.0,tarde,lunes,distrito 4,1.4,4.0,4.0,16/01/2025
residentes,"2,23 €",57.0,11.0,2.0,48.0,sí,0.5635132916800987,2238.0,mañana,martes,distrito 10,1.8,5.0,4.0,21/07/2025
alta rotación,"1,39 €",17.0,19.0,9.0,9.0,sí,1.4017836818176055,11178.0,mediodía,miércoles,distrito 5,3.4,6.0,0.0,24/01/2025
alta rotacion,"2,72 €",33.0,17.0,17.0,27.0,sí,1.3468616570216754,17103.0,mediodía,miércoles,distrito 4,2.3,3.0,7.0,19/10/2025
alta rotación,"0,96 €",34.0,9.0,3.0,24.0,no,1.3603796091894573,5740.0,mediodía,sábado,distrito 4,3.5,1.0,6.0,11/04/2025
larga estancia,"2,93 €",43.0,13.0,3.0,55.0,no,0.8366176692964433,10303.0,tarde,miércoles,distrito 4,3.2,0.0,0.0,03/04/2025
larga estancia,"0,50 €",21.0,31.0,5.0,79.0,sí,1.6991420564752835,9602.0,tarde,viernes,distrito 9,2.6,3.0,0.0,20/08/2025
larga estancia,"1,78 €",20.0,24.0,8.0,30.0,sí,1.083142005702586,7288.0,tarde,miércoles,distrito 7,1.6,4.0,3.0,25/05/2025
  rotación media ,"2,95 €",32.0,18.0,21.0,80.0,sí,0.7908356911072509,5345.0,mañana,sábado,distrito 10,5.0,5.0,7.0,09/10/2025
residentes,"2,41 €",52.0,39.0,11.0,254.0,sí,1.1308974813964388,7141.0,mediodía,miércoles,distrito 1,2.6,5.0,2.0,24/10/2025
  alta rotación ,"1,22 €",43.0,11.0,13.0,90.0,sí,1.1568254585171645,12791.0,mañana,miércoles,distrito 7,3.6,2.0,3.0,19/09/2025
residentes,"2,55 €",24.0,10.0,1.0,169.0,sí,0.37046921063187277,11792.0,mañana,sábado,distrito 1,6.0,4.0,3.0,25/04/2025
LARGA ESTANCIA,"1,58 €",38.0,15.0,17.0,108.0,no,0.9621630672135906,4341.0,mediodía,miércoles,distrito 4,2.5,4.0,6.0,09/04/2025
  rotación media ,"1,85 €",11.0,19.0,9.0,13.0,sí,1.0453172492909268,3421.0,tarde,viernes,distrito 8,2.6,5.0,2.0,25/08/2025
larga estancia,"3,16 €",49.0,29.0,0.0,23.0,sí,0.33597394021627686,10957.0,mañana,sábado,distrito 3,-99.0,4.0,5.0,18/09/2025
rotación media,"2,74 €",35.0,7.0,20.0,33.0,no,1.1590130514003842,6773.0,tarde,viernes,distrito 7,5.6,1.0,8.0,16/07/2025
larga estancia,"2,85 €",58.0,15.0,14.0,42.0,sí,0.5863795483685619,6138.0,mañana,miércoles,distrito 9,2.8,4.0,5.0,25/05/2025
residentes,"2,01 €",38.0,25.0,1.0,119.0,sí,0.7339238983471993,5797.0,mediodía,jueves,distrito 10,2.3,5.0,7.0,04/10/2025
larga estancia,"1,94 €",60.0,76.0,1.0,134.0,no,1.1882339155103283,8722.0,mediodía,martes,distrito 9,5.4,0.0,2.0,23/06/2025
rotación media,"2,34 €",32.0,4.0,19.0,46.0,sí,0.9625558635444994,2698.0,mediodía,miércoles,distrito 2,-99.0,6.0,0.0,13/04/2025
alta rotación,"1,95 €",35.0,54.0,12.0,68.0,sí,1.2272489713798633,3909.0,mediodía,miércoles,distrito 11,-99.0,3.0,8.0,06/05/2025
larga estancia,"1,40 €",43.0,3.0,1.0,12.0,sí,0.34977758094017325,3058.0,mediodía,viernes,distrito 10,1.4,2.0,1.0,23/08/2025
RESIDENTES,"1,33 €",40.0,24.0,3.0,158.0,sí,1.4236146685320659,2006.0,mediodía,martes,distrito 6,2.7,0.0,7.0,16/07/2025
residentes,"2,32 €",46.0,58.0,5.0,61.0,sí,1.472932007668779,10560.0,tarde,jueves,distrito 2,2.3,5.0,4.0,15/09/2025
larga estancia,"1,34 €",18.0,7.0,8.0,64.0,sí,0.8534377084914282,7368.0,tarde,viernes,distrito 9,4.1,1.0,8.0,21/09/2025
  larga estancia ,"3,15 €",57.0,12.0,8.0,58.0,no,0.5603544506522302,12596.0,mañana,sábado,distrito 4,3.4,1.0,8.0,25/05/2025
residentes,"2,09 €",23.0,23.0,21.0,82.0,sí,1.3209683311373366,8872.0,mediodía,jueves,distrito 2,4.7,0.0,3.0,19/10/2025
  alta rotación ,"2,71 €",49.0,12.0,10.0,6.0,sí,0.9414213043786474,3960.0,mediodía,lunes,distrito 5,2.6,6.0,5.0,02/09/2025
residentes,"2,29 €",58.0,3.0,30.0,287.0,sí,0.7052184538412035,39963.0,tarde,miércoles,distrito 1,2.7,2.0,5.0,12/09/2025
RESIDENTES,"0,70 €",59.0,25.0,7.0,38.0,no,1.7687508698273071,14226.0,mañana,lunes,distrito 11,3.4,1.0,4.0,02/05/2025
rotación media,"3,87 €",23.0,16.0,3.0,67.0,sí,0.4577118168901051,5553.0,mañana,martes,distrito 4,3.4,0.0,4.0,06/06/2025
rotación media,"2,04 €",58.0,23.0,5.0,70.0,sí,1.2806504014364064,8539.0,mañana,jueves,distrito 10,3.1,0.0,7.0,02/03/2025
larga estancia,"2,57 €",56.0,34.0,7.0,177.0,no,0.6825434351353348,10898.0,mañana,sábado,distrito 3,2.8,4.0,8.0,05/05/2025
larga estancia,"2,09 €",11.0,26.0,32.0,36.0,sí,1.259005741514511,4009.0,tarde,jueves,distrito 4,2.5,4.0,4.0,26/02/2025
alta rotacion,"2,12 €",44.0,22.0,10.0,109.0,sí,1.5083202737961894,4781.0,mañana,lunes,distrito 9,4.7,4.0,7.0,23/05/2025
  alta rotación ,"1,66 €",32.0,45.0,18.0,8.0,sí,1.4238369751523434,7370.0,mañana,miércoles,distrito 5,2.4,2.0,2.0,13/07/2025
larga estancia,"1,75 €",16.0,16.0,5.0,30.0,sí,0.8251675991895948,7802.0,mediodía,sábado,distrito 7,2.1,1.0,7.0,07/06/2025
rotación media,"0,74 €",59.0,19.0,6.0,23.0,sí,1.3976721923720632,3121.0,tarde,viernes,distrito 5,4.6,4.0,3.0,13/05/2025
larga estancia,"0,94 €",36.0,30.0,0.0,55.0,sí,0.8205245795103482,3595.0,mediodía,miércoles,distrito 10,2.5,5.0,6.0,12/02/2025
residentes,"1,87 €",17.0,19.0,2.0,59.0,no,1.2946513452327406,2606.0,mañana,martes,distrito 6,2.3,2.0,0.0,07/07/2025
  residentes ,"1,97 €",48.0,26.0,6.0,96.0,sí,1.0280084357313681,3980.0,tarde,viernes,distrito 2,4.4,2.0,7.0,06/04/2025
alta rotación,"2,76 €",11.0,45.0,20.0,28.0,sí,1.3195819656728585,5071.0,tarde,lunes,distrito 10,4.2,6.0,3.0,08/08/2025
alta rotación,"1,52 €",47.0,40.0,3.0,21.0,sí,1.191043491262368,7781.0,mañana,viernes,distrito 2,4.0,1.0,3.0,11/03/2025
rotación media,"2,12 €",25.0,41.0,13.0,6.0,no,1.3597469437539538,10784.0,mediodía,martes,distrito 6,4.0,5.0,7.0,20/05/2025
ROTACIÓN MEDIA,"1,46 €",10.0,47.0,15.0,71.0,no,1.6334883348197078,13018.0,mediodía,martes,distrito 3,3.7,1.0,0.0,21/06/2025
alta rotación,"2,16 €",19.0,18.0,13.0,7.0,no,1.276670725404243,8611.0,tarde,sábado,distrito 6,5.4,0.0,6.0,14/01/2025
larga estancia,"1,29 €",43.0,32.0,23.0,169.0,no,1.5094858037749492,3118.0,tarde,martes,distrito 6,5.1,1.0,6.0,17/06/2025
alta rotación,"1,49 €",34.0,6.0,3.0,21.0,no,0.9106370177553151,8404.0,mañana,lunes,distrito 2,3.4,1.0,3.0,15/10/2025
alta rotacion,"2,13 €",9.0,16.0,4.0,149.0,sí,1.0976362388623244,8796.0,tarde,sábado,distrito 6,4.7,3.0,8.0,01/11/2025
rotación media,"2,44 €",32.0,3.0,14.0,19.0,no,1.0858710935237497,12201.0,mediodía,lunes,distrito 8,4.5,6.0,0.0,03/06/2025
residentes,"1,82 €",27.0,35.0,12.0,94.0,sí,1.3289167319575022,9245.0,mañana,viernes,distrito 1,0.9,2.0,0.0,25/07/2025
ROTACIÓN MEDIA,"1,24 €",37.0,4.0,9.0,81.0,no,1.3267374107937164,3838.0,tarde,viernes,distrito 2,4.6,0.0,2.0,22/09/2025
rotación media,"2,24 €",59.0,11.0,12.0,44.0,no,0.9861161375225966,15469.0,mediodía,sábado,distrito 6,3.4,0.0,4.0,04/06/2025
  rotación media ,"3,57 €",54.0,5.0,1.0,84.0,sí,0.321424176574171,8814.0,tarde,viernes,distrito 11,3.7,5.0,0.0,25/08/2025
rotación media,"1,69 €",17.0,42.0,39.0,45.0,sí,1.6353542461208779,9263.0,mediodía,sábado,distrito 8,0.8,5.0,0.0,27/06/2025
larga estancia,"2,49 €",42.0,20.0,17.0,60.0,no,1.2724068673967994,6094.0,mañana,lunes,distrito 8,4.3,2.0,6.0,08/10/2025
rotación media,"2,82 €",56.0,8.0,8.0,70.0,sí,0.4528359056497848,6858.0,mañana,jueves,distrito 2,3.9,1.0,7.0,11/03/2025
alta rotación,"2,08 €",13.0,10.0,34.0,50.0,sí,0.9382179647678308,32466.0,mañana,martes,distrito 9,0.8,6.0,1.0,26/02/2025
  alta rotación ,"2,50 €",51.0,4.0,27.0,83.0,sí,0.23698317670636893,5558.0,mediodía,jueves,distrito 11,4.3,5.0,2.0,30/05/2025
larga estancia,"3,18 €",40.0,18.0,12.0,97.0,sí,0.731764470264506,6249.0,mediodía,lunes,distrito 3,2.6,5.0,8.0,21/03/2025
alta rotación,"1,61 €",19.0,37.0,0.0,10.0,no,1.4079495204092392,3896.0,tarde,lunes,distrito 9,3.4,4.0,5.0,14/01/2025
rotación media,"1,71 €",52.0,39.0,28.0,22.0,sí,1.4089269733462046,9927.0,mañana,martes,distrito 11,2.3,4.0,7.0,26/04/2025
alta rotación,"2,43 €",58.0,6.0,16.0,116.0,sí,0.7033513026762854,8327.0,tarde,sábado,distrito 2,3.8,0.0,5.0,29/08/2025
rotación media,"1,36 €",15.0,17.0,22.0,32.0,sí,1.743728408209416,7370.0,mañana,lunes,distrito 10,5.6,4.0,0.0,03/05/2025
rotación media,"1,35 €",16.0,24.0,0.0,108.0,no,1.4464617954205514,9197.0,mañana,lunes,distrito 1,2.9,4.0,0.0,13/07/2025
alta rotación,"2,37 €",28.0,13.0,3.0,30.0,sí,0.7066073704269797,11070.0,tarde,jueves,distrito 4,2.2,0.0,0.0,09/06/2025
residentes,"2,48 €",35.0,5.0,1.0,12.0,sí,0.32291439979547426,3470.0,tarde,viernes,distrito 4,3.8,0.0,1.0,29/08/2025
rotación media,"0,77 €",59.0,17.0,17.0,68.0,sí,1.3858769935464728,10680.0,tarde,lunes,distrito 9,3.3,6.0,3.0,23/05/2025
rotación media,"0,54 €",43.0,51.0,22.0,106.0,sí,2.0934230165282868,6763.0,mañana,viernes,distrito 3,2.0,0.0,8.0,26/09/2025
alta rotación,"2,71 €",52.0,17.0,33.0,106.0,sí,1.2860448167593521,11704.0,tarde,miércoles,distrito 7,5.9,0.0,1.0,27/10/2025
larga estancia,"2,40 €",14.0,8.0,10.0,44.0,sí,0.8087338297523345,16829.0,tarde,sábado,distrito 3,1.5,2.0,0.0,01/09/2025
alta rotacion,"2,66 €",24.0,22.0,6.0,99.0,sí,0.4521382465739322,12671.0,mañana,sábado,distrito 10,3.7,2.0,3.0,06/05/2025
alta rotación,"2,84 €",45.0,13.0,0.0,15.0,no,0.7790132830671671,19797.0,mañana,lunes,distrito 3,3.9,2.0,6.0,02/04/2025
RESIDENTES,"1,27 €",51.0,19.0,17.0,133.0,sí,1.2950402847643598,9048.0,mediodía,martes,distrito 3,5.6,1.0,2.0,31/10/2025
rotación media,"2,86 €",6.0,16.0,4.0,91.0,sí,0.6281868992624235,13222.0,mañana,sábado,distrito 11,3.2,1.0,3.0,09/09/2025
rotación media,"2,13 €",18.0,32.0,6.0,50.0,sí,1.1380194338123095,14675.0,tarde,lunes,distrito 1,-99.0,0.0,5.0,01/07/2025
larga estancia,"1,24 €",35.0,24.0,3.0,145.0,sí,0.7437304610585256,4630.0,mañana,martes,distrito 10,3.6,0.0,0.0,31/03/2025
larga estancia,"1,96 €",44.0,19.0,17.0,5.0,sí,1.1551721316606731,15756.0,mañana,viernes,distrito 4,4.3,6.0,7.0,06/02/2025
larga estancia,"3,51 €",16.0,5.0,14.0,27.0,no,0.7744853086355101,8027.0,tarde,jueves,distrito 4,1.8,0.0,8.0,10/04/2025
rotación media,"3,09 €",36.0,9.0,16.0,96.0,sí,0.4217791296830694,11835.0,mediodía,lunes,distrito 3,2.6,5.0,8.0,14/02/2025
alta rotación,"1,86 €",13.0,20.0,0.0,35.0,sí,1.0770651210777171,15880.0,tarde,miércoles,distrito 6,5.6,2.0,4.0,28/01/2025
ROTACIÓN MEDIA,"2,23 €",46.0,13.0,43.0,12.0,sí,1.1862987540206957,10106.0,mediodía,miércoles,distrito 9,4.0,0.0,5.0,20/03/2025
rotación media,"1,20 €",22.0,11.0,15.0,27.0,no,1.378839274999736,12401.0,mediodía,lunes,distrito 5,2.5,6.0,0.0,04/04/2025
alta rotación,"2,92 €",40.0,18.0,12.0,57.0,sí,0.9726164225287447,7570.0,mediodía,miércoles,distrito 7,3.9,0.0,7.0,28/07/2025
rotación media,"2,03 €",15.0,16.0,19.0,47.0,sí,1.1107829970816199,15528.0,tarde,sábado,distrito 5,3.3,1.0,0.0,28/05/2025
larga estancia,"2,88 €",46.0,28.0,7.0,6.0,sí,0.8081164381312345,5678.0,mediodía,viernes,distrito 8,4.6,2.0,5.0,28/10/2025
larga estancia,"1,35 €",37.0,56.0,8.0,149.0,no,1.1568188876953434,12140.0,tarde,miércoles,distrito 9,-99.0,0.0,8.0,30/08/2025
alta rotación,"2,52 €",36.0,24.0,7.0,29.0,sí,1.0685639383516998,12730.0,tarde,lunes,distrito 7,5.3,2.0,6.0,18/07/2025
rotación media,"1,76 €",19.0,11.0,6.0,45.0,sí,1.046448748416879,10201.0,tarde,viernes,distrito 5,2.9,3.0,0.0,20/02/2025
larga estancia,"2,53 €",21.0,11.0,5.0,59.0,sí,0.48047022689251107,3311.0,mañana,sábado,distrito 2,3.4,4.0,1.0,11/04/2025
residentes,"2,05 €",21.0,15.0,2.0,54.0,sí,1.3036897409468629,24141.0,mañana,lunes,distrito 11,1.9,5.0,8.0,14/05/2025
rotacion media,"2,41 €",41.0,5.0,6.0,47.0,no,0.7988163061677919,8136.0,mañana,miércoles,distrito 8,-99.0,3.0,3.0,10/09/2025
rotacion media,"1,90 €",28.0,19.0,6.0,22.0,sí,0.9452284122839612,4408.0,mañana,lunes,distrito 11,5.8,5.0,2.0,25/01/2025
larga estancia,"3,00 €",56.0,43.0,4.0,37.0,sí,0.6608789676111839,21587.0,mediodía,viernes,distrito 10,4.7,1.0,5.0,15/06/2025
rotación media,"1,26 €",48.0,11.0,7.0,94.0,sí,1.3023416995361246,14580.0,mediodía,martes,distrito 10,1.9,1.0,5.0,09/10/2025
  rotación media ,"2,04 €",44.0,16.0,14.0,32.0,sí,0.7906664433623496,3552.0,tarde,lunes,distrito 10,3.5,1.0,0.0,30/10/2025
residentes,"2,36 €",7.0,38.0,4.0,102.0,no,1.099483264269457,5409.0,tarde,martes,distrito 5,0.8,2.0,5.0,11/09/2025
  alta rotación ,"2,64 €",8.0,50.0,8.0,17.0,no,1.3942902714603087,4759.0,tarde,miércoles,distrito 6,3.7,0.0,3.0,30/09/2025
alta rotación,"1,69 €",19.0,12.0,1.0,25.0,sí,0.8527666291235441,10265.0,mañana,jueves,distrito 5,5.1,1.0,5.0,16/10/2025
residentes,"3,07 €",38.0,16.0,15.0,23.0,sí,0.9310734065669855,5184.0,mañana,martes,distrito 4,4.6,2.0,2.0,16/04/2025
ALTA ROTACIÓN,"3,42 €",25.0,24.0,9.0,86.0,sí,1.0837566620295622,7649.0,mediodía,miércoles,distrito 10,-99.0,1.0,5.0,23/02/2025
larga estancia,"1,51 €",60.0,36.0,21.0,103.0,no,1.5784234453061634,3714.0,tarde,viernes,distrito 4,5.8,4.0,3.0,12/09/2025
  rotación media ,"1,83 €",48.0,10.0,6.0,27.0,sí,0.8708701039390749,10272.0,tarde,jueves,distrito 3,2.4,3.0,8.0,24/03/2025
alta rotación,"2,51 €",40.0,13.0,51.0,134.0,sí,1.1488891149487246,3779.0,mediodía,jueves,distrito 10,2.0,0.0,2.0,18/10/2025
residentes,"2,53 €",27.0,19.0,26.0,11.0,no,1.243007750345941,7438.0,tarde,lunes,distrito 10,6.8,3.0,5.0,03/09/2025
larga estancia,"2,58 €",19.0,33.0,2.0,9.0,sí,0.6927397391132782,9220.0,mañana,lunes,distrito 9,3.6,4.0,4.0,22/09/2025
alta rotación,"2,52 €",45.0,9.0,24.0,28.0,sí,0.9952636760378339,4374.0,tarde,jueves,distrito 7,4.0,4.0,3.0,09/05/2025
  alta rotación ,"1,12 €",33.0,22.0,3.0,106.0,no,1.252737855062302,4286.0,tarde,jueves,distrito 10,2.1,5.0,7.0,07/09/2025
ALTA ROTACIÓN,"1,77 €",54.0,5.0,21.0,62.0,sí,1.0203955411655756,4704.0,mañana,viernes,distrito 9,3.8,4.0,3.0,18/09/2025
alta rotacion,"1,21 €",45.0,7.0,12.0,70.0,sí,1.4383760526245586,20000.0,mañana,martes,distrito 6,3.2,3.0,1.0,11/10/2025
rotacion media,"2,44 €",9.0,38.0,2.0,19.0,no,0.9281525723617315,18924.0,tarde,lunes,distrito 2,3.4,4.0,8.0,28/01/2025
  larga estancia ,"1,44 €",20.0,10.0,0.0,26.0,no,0.8629588805243228,6552.0,mediodía,miércoles,distrito 10,4.3,6.0,2.0,08/03/2025
rotacion media,"1,78 €",25.0,8.0,18.0,41.0,no,1.426131519326935,11061.0,mañana,viernes,distrito 11,1.1,2.0,6.0,08/06/2025
larga estancia,"3,72 €",32.0,32.0,13.0,34.0,sí,0.57700882387456,5192.0,mañana,lunes,distrito 4,3.3,3.0,7.0,03/02/2025
ALTA ROTACIÓN,"0,96 €",60.0,7.0,18.0,27.0,sí,1.471092408926968,4749.0,mañana,martes,distrito 11,4.4,5.0,5.0,11/01/2025
larga estancia,"2,31 €",28.0,28.0,27.0,32.0,no,1.4110714010682823,7762.0,mediodía,lunes,distrito 1,1.4,3.0,3.0,03/10/2025
ALTA ROTACIÓN,"2,32 €",14.0,21.0,8.0,73.0,sí,0.9848704344221305,2836.0,mañana,sábado,distrito 9,3.7,2.0,0.0,01/04/2025
alta rotacion,"2,34 €",16.0,14.0,9.0,79.0,no,1.0715079181024192,13405.0,mañana,viernes,distrito 7,3.1,6.0,3.0,08/08/2025
rotación media,"0,51 €",25.0,27.0,14.0,46.0,sí,1.9885747135253105,8632.0,mediodía,jueves,distrito 7,2.5,4.0,7.0,18/07/2025
rotación media,"1,96 €",54.0,16.0,16.0,5.0,sí,1.2078402318843873,5311.0,mañana,jueves,distrito 3,0.8,2.0,0.0,15/01/2025
rotación media,"1,66 €",33.0,12.0,2.0,75.0,sí,0.8875330526226456,23210.0,tarde,miércoles,distrito 6,2.7,6.0,1.0,18/09/2025
  rotación media ,"1,73 €",34.0,33.0,16.0,96.0,sí,1.16966920061423,15151.0,tarde,viernes,distrito 9,2.2,0.0,3.0,31/10/2025
rotación media,"2,20 €",58.0,21.0,2.0,59.0,no,1.19361566479911,13380.0,mediodía,viernes,distrito 10,1.8,1.0,4.0,23/01/2025
alta rotacion,"0,51 €",46.0,9.0,8.0,32.0,sí,1.265400921055123,5269.0,mediodía,lunes,distrito 2,2.0,4.0,2.0,04/08/2025
rotación media,"2,76 €",50.0,24.0,5.0,70.0,sí,0.9614247826585784,5125.0,mañana,jueves,distrito 8,4.4,5.0,5.0,20/02/2025
  alta rotación ,"0,59 €",19.0,9.0,4.0,3.0,sí,1.4902386992767689,11878.0,mañana,miércoles,distrito 8,4.6,4.0,6.0,16/05/2025
residentes,"2,55 €",15.0,5.0,27.0,41.0,no,0.8617075919562854,6034.0,mediodía,lunes,distrito 7,3.7,2.0,8.0,05/06/2025
rotación media,"3,46 €",7.0,18.0,14.0,136.0,sí,0.696051851994714,4170.0,tarde,viernes,distrito 5,4.1,6.0,6.0,05/02/2025
larga estancia,"1,90 €",39.0,7.0,15.0,8.0,sí,0.9533549450745203,14591.0,mediodía,jueves,distrito 8,4.3,6.0,2.0,06/02/2025
rotación media,"1,22 €",35.0,15.0,14.0,141.0,sí,1.240526066262485,28750.0,tarde,martes,distrito 7,2.5,5.0,4.0,25/09/2025
rotación media,"2,28 €",32.0,32.0,3.0,34.0,sí,1.2395306266933688,4315.0,tarde,lunes,distrito 10,-99.0,1.0,0.0,13/03/2025
residentes,"2,88 €",19.0,4.0,3.0,70.0,no,0.8390984596730213,11787.0,mañana,sábado,distrito 9,1.0,0.0,1.0,09/09/2025
rotación media,"2,56 €",22.0,50.0,0.0,91.0,sí,0.7094694188492282,8072.0,tarde,jueves,distrito 9,3.0,0.0,1.0,16/06/2025
rotación media,"1,53 €",7.0,11.0,27.0,35.0,sí,0.9885700633551597,7033.0,mediodía,miércoles,distrito 11,0.8,3.0,2.0,11/10/2025
alta rotacion,"3,19 €",18.0,18.0,2.0,77.0,sí,0.4952496797534903,11286.0,tarde,viernes,distrito 6,5.9,4.0,5.0,10/07/2025
rotación media,"1,30 €",25.0,42.0,4.0,104.0,sí,1.6299521443492608,18581.0,tarde,jueves,distrito 5,-99.0,4.0,5.0,26/05/2025
residentes,"3,34 €",33.0,8.0,1.0,90.0,no,0.27794225771670883,8251.0,mediodía,sábado,distrito 8,2.7,2.0,6.0,04/08/2025
residentes,"1,32 €",24.0,8.0,24.0,28.0,sí,1.1889764358412713,14526.0,mañana,lunes,distrito 9,4.9,0.0,0.0,23/06/2025
alta rotación,"1,83 €",8.0,57.0,19.0,166.0,no,1.3874663774135172,7173.0,tarde,miércoles,distrito 3,3.7,1.0,8.0,09/06/2025
rotación media,"2,70 €",24.0,7.0,10.0,16.0,no,1.1359625332424013,3365.0,mañana,miércoles,distrito 10,2.1,0.0,2.0,09/10/2025
rotación media,"2,33 €",59.0,27.0,9.0,40.0,sí,1.178654910008355,8202.0,tarde,lunes,distrito 11,5.1,5.0,6.0,16/02/2025
alta rotacion,"2,34 €",16.0,25.0,0.0,68.0,sí,0.6036544576889684,6321.0,mañana,jueves,distrito 5,3.8,1.0,4.0,27/06/2025
LARGA ESTANCIA,"2,81 €",57.0,12.0,7.0,17.0,sí,0.5498583295722994,8056.0,tarde,viernes,distrito 3,-99.0,4.0,2.0,02/05/2025
alta rotación,"1,90 €",58.0,11.0,4.0,67.0,sí,0.6369505118265242,7391.0,tarde,martes,distrito 8,2.4,3.0,8.0,11/03/2025
  rotación media ,"1,95 €",48.0,3.0,0.0,78.0,sí,0.17584348476098105,10456.0,tarde,sábado,distrito 5,3.1,2.0,3.0,29/04/2025
rotación media,"2,11 €",41.0,8.0,5.0,32.0,sí,0.9540163204025413,17894.0,tarde,miércoles,distrito 8,2.7,6.0,0.0,07/01/2025
larga estancia,"2,19 €",14.0,2.0,13.0,41.0,no,0.7086381778086261,3469.0,mañana,miércoles,distrito 5,1.8,5.0,6.0,21/07/2025
residentes,"0,65 €",14.0,1.0,2.0,52.0,sí,0.9754006884542029,4212.0,tarde,miércoles,distrito 11,4.2,0.0,2.0,06/08/2025
larga estancia,"1,21 €",10.0,10.0,44.0,11.0,sí,1.7361965224037181,10211.0,mediodía,miércoles,distrito 9,2.6,0.0,7.0,10/06/2025
residentes,"1,23 €",11.0,13.0,11.0,42.0,sí,1.1143600632379138,3375.0,mañana,jueves,distrito 7,4.6,1.0,2.0,11/09/2025
rotacion media,"2,69 €",40.0,30.0,11.0,79.0,no,0.9742618953880597,5580.0,mañana,sábado,distrito 6,2.2,0.0,8.0,14/07/2025
rotacion media,"2,74 €",12.0,8.0,5.0,23.0,sí,0.389509761811101,12425.0,mañana,lunes,distrito 8,2.1,3.0,3.0,03/03/2025
residentes,"2,93 €",19.0,20.0,6.0,6.0,sí,1.1310596172294765,7954.0,mediodía,jueves,distrito 1,1.5,0.0,0.0,11/05/2025
rotación media,"0,71 €",27.0,21.0,11.0,262.0,sí,1.6409428825454067,17917.0,mañana,jueves,distrito 11,1.4,3.0,5.0,27/04/2025
residentes,"2,07 €",14.0,12.0,24.0,80.0,sí,0.9007870411685333,6498.0,tarde,viernes,distrito 11,3.3,4.0,3.0,27/06/2025
  residentes ,"1,41 €",31.0,0.0,17.0,97.0,sí,0.9427245686963646,11988.0,tarde,miércoles,distrito 5,2.7,1.0,5.0,03/03/2025
rotación media,"2,17 €",40.0,32.0,8.0,14.0,sí,1.2454044292669662,5169.0,tarde,viernes,distrito 7,-99.0,4.0,5.0,10/07/2025
residentes,"1,95 €",33.0,33.0,5.0,157.0,sí,1.0720288100494542,13478.0,mediodía,martes,distrito 11,0.9,6.0,8.0,26/10/2025
rotación media,"1,57 €",32.0,36.0,8.0,15.0,sí,1.2291924013837499,5504.0,tarde,viernes,distrito 1,4.0,6.0,8.0,25/04/2025
rotación media,"1,06 €",51.0,17.0,12.0,19.0,sí,1.3094754417455146,6941.0,mañana,jueves,distrito 9,-99.0,1.0,0.0,17/03/2025
larga estancia,"1,02 €",11.0,43.0,2.0,30.0,no,1.170895817144955,8256.0,tarde,martes,distrito 3,2.2,6.0,6.0,27/10/2025
  residentes ,"2,44 €",45.0,22.0,6.0,16.0,sí,1.1801123595806655,9320.0,mañana,miércoles,distrito 10,-99.0,2.0,3.0,07/03/2025
residentes,"1,56 €",42.0,2.0,29.0,43.0,no,1.2436163333975103,7208.0,tarde,martes,distrito 11,2.3,5.0,6.0,09/06/2025
alta rotación,"2,23 €",46.0,2.0,39.0,61.0,sí,0.8920310452270399,16302.0,tarde,miércoles,distrito 11,1.5,0.0,3.0,23/02/2025
residentes,"1,64 €",14.0,18.0,0.0,248.0,no,1.0744707975751147,20390.0,mañana,lunes,distrito 2,5.0,4.0,1.0,08/10/2025
alta rotacion,"1,57 €",52.0,30.0,12.0,48.0,sí,1.350398541252937,15386.0,tarde,viernes,distrito 3,0.8,5.0,3.0,06/08/2025
larga estancia,"2,93 €",44.0,18.0,11.0,39.0,no,0.9857340074365227,16092.0,mañana,viernes,distrito 2,3.0,5.0,7.0,14/08/2025
larga estancia,"2,17 €",34.0,15.0,0.0,52.0,sí,0.19002216048550397,13899.0,mañana,miércoles,distrito 8,2.7,5.0,2.0,19/07/2025
rotación media,"2,83 €",47.0,8.0,9.0,126.0,sí,0.855892054060927,9535.0,mediodía,sábado,distrito 8,5.3,3.0,0.0,16/04/2025
ALTA ROTACIÓN,"2,14 €",52.0,8.0,0.0,93.0,sí,0.6316610847503445,9423.0,mañana,jueves,distrito 7,2.9,5.0,2.0,09/08/2025
rotación media,"1,64 €",42.0,38.0,6.0,18.0,no,1.3627945711703964,6325.0,mañana,jueves,distrito 4,-99.0,6.0,1.0,11/07/2025
residentes,"2,38 €",52.0,7.0,5.0,16.0,sí,0.540298347927985,3941.0,mañana,sábado,distrito 4,4.0,6.0,2.0,29/01/2025
residentes,"2,14 €",41.0,10.0,6.0,51.0,sí,1.0070062397300947,8311.0,mañana,martes,distrito 10,0.8,2.0,7.0,09/05/2025
residentes,"2,30 €",46.0,4.0,1.0,141.0,no,0.5182451774146419,31529.0,mañana,miércoles,distrito 3,3.7,1.0,8.0,06/09/2025
rotación media,"2,92 €",24.0,26.0,0.0,39.0,sí,0.6720177935018721,17075.0,mañana,sábado,distrito 9,3.1,0.0,7.0,02/05/2025
alta rotación,"1,31 €",24.0,30.0,20.0,50.0,sí,1.4095438990102547,2787.0,tarde,sábado,distrito 1,-99.0,4.0,7.0,10/01/2025
larga estancia,"1,39 €",12.0,19.0,5.0,138.0,no,1.5374693648875044,6728.0,mediodía,viernes,distrito 6,1.3,2.0,7.0,10/04/2025
residentes,"0,60 €",11.0,40.0,3.0,53.0,sí,1.8844357236160747,3180.0,mediodía,lunes,distrito 9,2.9,1.0,0.0,20/02/2025
larga estancia,"2,18 €",35.0,19.0,0.0,78.0,sí,0.4367175141662555,11922.0,tarde,lunes,distrito 10,3.9,6.0,4.0,22/05/2025
rotación media,"0,79 €",7.0,3.0,14.0,37.0,sí,1.5115260747970876,4171.0,mañana,lunes,distrito 10,3.0,5.0,7.0,06/10/2025
ROTACIÓN MEDIA,"1,75 €",39.0,15.0,3.0,42.0,sí,0.889759605487852,10963.0,mediodía,jueves,distrito 6,3.7,0.0,2.0,19/06/2025
alta rotación,"1,65 €",36.0,4.0,18.0,75.0,no,1.2682598894666153,7672.0,mañana,viernes,distrito 9,3.1,5.0,5.0,12/06/2025
  residentes ,"1,73 €",48.0,12.0,21.0,50.0,sí,1.60527371396228,9631.0,mañana,sábado,distrito 11,2.4,2.0,5.0,24/09/2025
alta rotación,"1,88 €",51.0,10.0,5.0,32.0,sí,0.7644818829644138,7226.0,tarde,lunes,distrito 2,2.8,3.0,8.0,22/07/2025
RESIDENTES,"2,54 €",59.0,19.0,2.0,7.0,sí,0.9522168229635483,20851.0,mañana,martes,distrito 3,5.2,3.0,1.0,22/06/2025
rotación media,"1,68 €",29.0,55.0,6.0,16.0,sí,1.4112025979611287,10912.0,tarde,lunes,distrito 7,-99.0,3.0,1.0,22/06/2025
larga estancia,"2,02 €",40.0,59.0,30.0,30.0,sí,1.4922344737058097,8601.0,tarde,lunes,distrito 1,3.8,0.0,8.0,11/01/2025
larga estancia,"3,29 €",60.0,29.0,12.0,6.0,sí,0.9341592910434796,6495.0,mediodía,martes,distrito 1,5.3,5.0,8.0,29/10/2025
residentes,"4,16 €",37.0,4.0,1.0,124.0,sí,0.0189189507950598,4718.0,tarde,viernes,distrito 10,4.4,1.0,5.0,02/05/2025
ROTACIÓN MEDIA,"3,37 €",56.0,8.0,1.0,99.0,no,0.2898781745164115,9442.0,mañana,lunes,distrito 1,-99.0,4.0,5.0,26/01/2025
ROTACIÓN MEDIA,"3,24 €",40.0,51.0,13.0,58.0,sí,1.1450829739084576,21763.0,mediodía,miércoles,distrito 5,1.5,4.0,2.0,01/02/2025
rotación media,"1,78 €",8.0,15.0,2.0,117.0,no,1.0329661061716593,8039.0,tarde,martes,distrito 6,2.0,0.0,2.0,19/05/2025
alta rotación,"0,90 €",34.0,12.0,15.0,116.0,no,1.4932966494320405,9928.0,mañana,jueves,distrito 1,2.3,0.0,0.0,14/08/2025
rotación media,"2,54 €",29.0,36.0,2.0,27.0,no,1.0723504055028317,21717.0,mañana,jueves,distrito 11,1.1,2.0,2.0,09/06/2025
rotación media,"1,93 €",19.0,31.0,42.0,17.0,no,1.684532364554494,10207.0,mañana,lunes,distrito 2,2.2,5.0,1.0,17/05/2025
  residentes ,"2,09 €",57.0,14.0,1.0,48.0,no,1.1374752059328213,15361.0,mediodía,jueves,distrito 11,2.4,2.0,4.0,08/01/2025
residentes,"3,11 €",26.0,0.0,14.0,22.0,sí,0.3428467853654148,14693.0,tarde,miércoles,distrito 3,3.1,2.0,1.0,22/09/2025
  larga estancia ,"1,53 €",40.0,31.0,3.0,75.0,no,1.180949045063935,37502.0,tarde,miércoles,distrito 5,4.9,0.0,7.0,13/10/2025
rotación media,"2,36 €",17.0,3.0,5.0,9.0,sí,1.0675502040292035,5323.0,tarde,viernes,distrito 10,6.1,6.0,7.0,11/01/2025
RESIDENTES,"1,88 €",36.0,8.0,5.0,4.0,sí,1.049406493266205,10184.0,mañana,lunes,distrito 7,2.9,3.0,8.0,20/03/2025
alta rotación,"3,25 €",33.0,33.0,11.0,18.0,sí,0.836810099636272,6846.0,tarde,viernes,distrito 11,3.1,3.0,4.0,05/05/2025
residentes,"1,42 €",33.0,48.0,0.0,18.0,sí,1.112194599629167,14592.0,tarde,jueves,distrito 7,-99.0,0.0,6.0,06/05/2025
  rotación media ,"1,78 €",29.0,17.0,5.0,207.0,sí,0.579167982271554,7051.0,mañana,sábado,distrito 3,2.9,3.0,6.0,15/03/2025
rotación media,"1,56 €",21.0,23.0,6.0,31.0,no,0.9741645138825978,7967.0,mañana,lunes,distrito 8,4.3,5.0,0.0,22/05/2025
residentes,"1,36 €",15.0,13.0,5.0,79.0,sí,1.572442360959197,6535.0,mañana,sábado,distrito 10,3.0,5.0,8.0,30/08/2025
rotación media,"1,04 €",32.0,4.0,1.0,26.0,sí,0.6666380667381836,11096.0,mediodía,viernes,distrito 9,2.9,4.0,3.0,08/04/2025
rotacion media,"2,90 €",9.0,14.0,33.0,65.0,no,1.2223797564135637,18960.0,mediodía,martes,distrito 4,1.7,2.0,1.0,07/03/2025
alta rotación,"2,32 €",41.0,10.0,12.0,9.0,sí,1.4412107528486413,12133.0,mañana,sábado,distrito 1,4.8,2.0,8.0,24/05/2025
residentes,"0,53 €",27.0,49.0,12.0,188.0,sí,2.0661914198925615,15672.0,mediodía,martes,distrito 3,3.7,3.0,8.0,26/05/2025
alta rotación,"1,60 €",14.0,8.0,8.0,107.0,no,1.4857973899614385,2354.0,mediodía,lunes,distrito 3,-99.0,3.0,8.0,28/10/2025
larga estancia,"0,74 €",31.0,35.0,4.0,28.0,sí,1.570692723781745,21702.0,tarde,jueves,distrito 7,0.8,2.0,3.0,21/06/2025
rotación media,"1,53 €",7.0,5.0,3.0,9.0,sí,1.1459079053784684,3562.0,mediodía,miércoles,distrito 2,-99.0,5.0,3.0,19/09/2025
  larga estancia ,"1,04 €",49.0,2.0,11.0,56.0,sí,1.141840502683646,5095.0,tarde,lunes,distrito 3,1.5,3.0,2.0,25/09/2025
  rotación media ,"0,63 €",13.0,9.0,8.0,24.0,sí,1.7791003414346707,9103.0,tarde,jueves,distrito 4,0.8,1.0,5.0,08/09/2025
rotación media,"1,51 €",38.0,28.0,6.0,18.0,sí,1.4345119940951263,14336.0,mañana,jueves,distrito 2,2.8,3.0,0.0,16/04/2025
residentes,"3,11 €",55.0,7.0,8.0,140.0,no,0.8000646564307768,10891.0,tarde,jueves,distrito 5,3.3,5.0,5.0,21/09/2025
alta rotación,"1,21 €",41.0,40.0,0.0,56.0,sí,1.0880708896875437,2344.0,mediodía,jueves,distrito 3,1.9,0.0,0.0,07/04/2025
rotación media,"2,92 €",24.0,19.0,3.0,21.0,sí,0.5174134904561831,15467.0,tarde,lunes,distrito 8,3.9,2.0,8.0,10/09/2025
residentes,"3,50 €",13.0,16.0,0.0,74.0,sí,0.7104325791547785,6259.0,tarde,jueves,distrito 1,3.0,0.0,4.0,26/08/2025
rotación media,"1,62 €",26.0,25.0,13.0,27.0,sí,1.682719482830335,53311.0,tarde,viernes,distrito 6,4.7,0.0,8.0,01/02/2025
  larga estancia ,"2,97 €",23.0,8.0,8.0,73.0,no,0.9434134460121347,11174.0,mediodía,jueves,distrito 4,5.2,0.0,0.0,24/09/2025
alta rotacion,"2,28 €",29.0,22.0,29.0,88.0,sí,1.1065262145706165,11973.0,mediodía,sábado,distrito 10,4.8,5.0,5.0,24/04/2025
alta rotación,"1,63 €",44.0,26.0,5.0,30.0,sí,1.1877888126494969,6688.0,mañana,jueves,distrito 8,3.3,3.0,8.0,29/06/2025
ROTACIÓN MEDIA,"1,53 €",37.0,16.0,1.0,6.0,no,1.307212435925618,20277.0,mañana,viernes,distrito 9,1.6,1.0,0.0,10/01/2025
alta rotación,"0,95 €",18.0,3.0,1.0,81.0,sí,1.236345696842879,3687.0,mañana,martes,distrito 6,3.6,5.0,8.0,13/06/2025
larga estancia,"1,92 €",20.0,12.0,7.0,22.0,no,0.7627609341769068,8624.0,tarde,miércoles,distrito 1,4.6,5.0,8.0,28/03/2025
ROTACIÓN MEDIA,"2,46 €",41.0,2.0,0.0,12.0,sí,0.49331522933074223,16639.0,mañana,lunes,distrito 11,5.5,6.0,5.0,21/07/2025
alta rotación,"2,31 €",29.0,13.0,12.0,69.0,sí,1.3054847398134273,40347.0,tarde,jueves,distrito 9,3.5,5.0,5.0,31/07/2025
LARGA ESTANCIA,"2,22 €",58.0,3.0,10.0,4.0,sí,0.6654725998798454,6921.0,mañana,lunes,distrito 9,0.8,4.0,1.0,11/07/2025
ROTACIÓN MEDIA,"1,64 €",26.0,51.0,2.0,34.0,sí,1.3893375361592832,7154.0,mañana,lunes,distrito 4,4.4,1.0,3.0,16/01/2025
rotación media,"2,31 €",53.0,23.0,5.0,135.0,sí,0.5813985475691112,3236.0,mañana,viernes,distrito 3,2.5,1.0,7.0,11/10/2025
larga estancia,"3,21 €",17.0,35.0,1.0,101.0,sí,0.5067819070702552,21521.0,tarde,viernes,distrito 11,3.4,3.0,8.0,14/04/2025
larga estancia,"0,77 €",16.0,19.0,2.0,165.0,no,1.3715618768723052,19648.0,mañana,miércoles,distrito 4,2.1,4.0,0.0,11/08/2025
larga estancia,"2,49 €",27.0,34.0,3.0,79.0,sí,1.0064632711230193,11348.0,mediodía,lunes,distrito 9,-99.0,2.0,5.0,02/04/2025
rotación media,"2,37 €",11.0,59.0,21.0,50.0,no,1.1233737458835191,5362.0,tarde,miércoles,distrito 11,3.4,1.0,1.0,24/03/2025
ALTA ROTACIÓN,"2,66 €",28.0,4.0,3.0,82.0,sí,0.6259445257506208,9528.0,mediodía,lunes,distrito 10,-99.0,2.0,4.0,07/06/2025
larga estancia,"2,11 €",47.0,2.0,4.0,53.0,sí,0.8291778293171813,19531.0,mañana,martes,distrito 5,2.9,2.0,3.0,26/04/2025
  alta rotación ,"2,07 €",46.0,16.0,1.0,78.0,sí,0.8186848634481567,7836.0,mediodía,jueves,distrito 5,3.6,4.0,0.0,14/07/2025
rotación media,"1,24 €",47.0,14.0,0.0,56.0,sí,0.9431310186497368,7593.0,mediodía,viernes,distrito 9,2.6,6.0,3.0,21/10/2025
residentes,"2,35 €",16.0,29.0,0.0,61.0,no,0.8426499081519632,7593.0,tarde,lunes,distrito 6,2.4,5.0,8.0,23/08/2025
larga estancia,"2,35 €",57.0,11.0,31.0,67.0,no,0.7152464385699591,13709.0,mediodía,lunes,distrito 4,2.2,0.0,1.0,29/04/2025
residentes,"1,77 €",53.0,8.0,7.0,96.0,sí,1.158348591679751,10480.0,mañana,jueves,distrito 6,2.4,4.0,7.0,13/07/2025
larga estancia,"1,68 €",57.0,24.0,8.0,4.0,sí,1.2550261858142508,13693.0,tarde,sábado,distrito 11,5.6,0.0,3.0,08/01/2025
rotación media,"2,37 €",21.0,15.0,22.0,57.0,sí,1.1533622089086903,41754.0,tarde,lunes,distrito 8,2.4,4.0,0.0,18/10/2025
alta rotación,"1,75 €",15.0,33.0,8.0,6.0,sí,1.5355571514324147,7909.0,mediodía,sábado,distrito 8,3.6,1.0,2.0,09/09/2025
rotación media,"2,50 €",17.0,43.0,1.0,65.0,sí,0.36638013471669323,8228.0,mañana,martes,distrito 7,0.8,3.0,5.0,30/07/2025
residentes,"0,78 €",49.0,20.0,8.0,181.0,no,1.8063757631673507,11358.0,mediodía,jueves,distrito 7,3.2,1.0,3.0,13/10/2025
rotacion media,"1,68 €",21.0,26.0,1.0,23.0,no,0.719299113915724,3941.0,mediodía,viernes,distrito 8,2.5,0.0,8.0,03/03/2025
ALTA ROTACIÓN,"2,43 €",58.0,38.0,0.0,2.0,no,1.3017620099327258,7054.0,mañana,viernes,distrito 4,4.3,0.0,8.0,15/07/2025
rotación media,"0,92 €",44.0,13.0,1.0,72.0,sí,1.3957732737707402,5804.0,tarde,sábado,distrito 4,3.6,5.0,2.0,26/04/2025
alta rotación,"2,19 €",59.0,19.0,3.0,59.0,sí,1.2710523008898853,24479.0,mediodía,jueves,distrito 10,3.9,3.0,0.0,25/02/2025
larga estancia,"1,80 €",15.0,19.0,15.0,17.0,sí,1.6324142580555936,13200.0,mediodía,sábado,distrito 5,1.2,3.0,8.0,20/02/2025
residentes,"1,81 €",8.0,27.0,22.0,46.0,no,1.5402420043095777,7254.0,tarde,martes,distrito 2,6.7,6.0,6.0,08/07/2025
residentes,"2,09 €",17.0,11.0,3.0,121.0,sí,1.0213654540512793,3137.0,mañana,lunes,distrito 11,3.0,0.0,8.0,19/06/2025
residentes,"2,09 €",40.0,18.0,0.0,49.0,sí,1.01991257088537,15847.0,mediodía,miércoles,distrito 8,4.9,1.0,8.0,22/08/2025
larga estancia,"2,26 €",33.0,23.0,17.0,35.0,no,0.9293229116921109,4476.0,tarde,miércoles,distrito 6,2.1,1.0,2.0,22/04/2025
rotación media,"2,23 €",29.0,16.0,12.0,115.0,no,1.3233889818581415,10366.0,tarde,miércoles,distrito 3,5.0,6.0,5.0,23/08/2025
residentes,"0,83 €",49.0,28.0,4.0,126.0,sí,1.5399100888191548,9418.0,mediodía,miércoles,distrito 1,3.1,5.0,3.0,09/01/2025
alta rotación,"1,80 €",22.0,7.0,25.0,14.0,sí,1.4557885182920867,9136.0,tarde,sábado,distrito 9,4.0,5.0,4.0,25/02/2025
alta rotación,"2,01 €",28.0,53.0,25.0,36.0,sí,1.1646430057858965,14296.0,mediodía,jueves,distrito 3,2.3,3.0,6.0,02/06/2025
residentes,"2,71 €",31.0,13.0,0.0,104.0,no,0.9164277972515317,14833.0,tarde,miércoles,distrito 7,0.8,4.0,5.0,07/05/2025
larga estancia,"2,13 €",35.0,12.0,2.0,17.0,sí,0.878037097056572,10701.0,mañana,miércoles,distrito 9,1.4,1.0,8.0,26/09/2025
larga estancia,"2,01 €",12.0,44.0,14.0,81.0,no,1.2754395755852421,8171.0,mañana,miércoles,distrito 3,1.1,1.0,5.0,17/03/2025
rotación media,"3,32 €",11.0,6.0,0.0,83.0,sí,-0.057261847536707766,6709.0,mediodía,miércoles,distrito 9,3.6,5.0,2.0,18/01/2025
alta rotación,"2,05 €",50.0,21.0,5.0,9.0,no,0.9814401507335485,6405.0,tarde,jueves,distrito 3,1.7,1.0,7.0,24/07/2025
alta rotación,"2,76 €",37.0,22.0,23.0,65.0,no,1.0399292636363702,9218.0,tarde,sábado,distrito 7,2.5,6.0,2.0,20/06/2025
  alta rotación ,"1,07 €",22.0,11.0,21.0,211.0,sí,1.2984850347271406,19657.0,mediodía,sábado,distrito 3,3.4,4.0,8.0,04/06/2025
larga estancia,"3,06 €",9.0,25.0,7.0,97.0,sí,0.8504617841720861,26186.0,mañana,viernes,distrito 3,3.8,2.0,6.0,02/11/2025
  larga estancia ,"1,80 €",19.0,30.0,24.0,66.0,sí,1.045760340856204,7889.0,mañana,lunes,distrito 10,3.6,4.0,3.0,19/08/2025
alta rotación,"1,98 €",33.0,14.0,0.0,121.0,sí,0.7827682505838015,11616.0,mañana,miércoles,distrito 5,4.2,5.0,6.0,26/02/2025
larga estancia,"2,08 €",42.0,18.0,18.0,57.0,sí,0.6874384343146744,6037.0,mañana,miércoles,distrito 9,2.6,3.0,5.0,11/10/2025
rotación media,"3,23 €",49.0,14.0,18.0,135.0,no,0.7748527099989102,6156.0,tarde,lunes,distrito 5,-99.0,2.0,0.0,11/04/2025
RESIDENTES,"1,71 €",15.0,10.0,2.0,184.0,sí,0.7911965651741205,9525.0,mañana,martes,distrito 1,0.8,5.0,8.0,25/02/2025
rotación media,"2,69 €",40.0,64.0,7.0,162.0,sí,0.6991294140225479,3210.0,mediodía,jueves,distrito 11,3.9,5.0,3.0,02/04/2025
rotación media,"2,22 €",10.0,4.0,11.0,19.0,sí,0.8828416463221667,6897.0,mañana,sábado,distrito 9,3.2,0.0,2.0,01/08/2025
larga estancia,"2,80 €",19.0,6.0,12.0,229.0,sí,0.23710610997092435,11859.0,mañana,martes,distrito 7,3.6,2.0,1.0,23/01/2025
larga estancia,"2,01 €",34.0,13.0,1.0,24.0,sí,0.7459495970647063,14011.0,mediodía,miércoles,distrito 11,3.7,3.0,1.0,23/04/2025
larga estancia,"2,32 €",41.0,33.0,14.0,34.0,no,1.1977251678096976,13814.0,mañana,viernes,distrito 5,3.1,3.0,7.0,22/05/2025
alta rotación,"1,04 €",58.0,21.0,26.0,128.0,sí,1.5816150688344652,4145.0,tarde,jueves,distrito 10,2.3,2.0,1.0,09/05/2025
rotación media,"2,83 €",18.0,51.0,2.0,80.0,sí,0.7300654966336146,4403.0,mañana,viernes,distrito 2,2.2,6.0,6.0,28/05/2025
larga estancia,"0,65 €",25.0,10.0,0.0,14.0,no,1.0957884475349053,14450.0,tarde,sábado,distrito 1,0.9,1.0,7.0,07/04/2025
larga estancia,"2,74 €",15.0,68.0,0.0,80.0,no,0.7303709594149429,7260.0,mañana,lunes,distrito 9,1.1,1.0,0.0,05/09/2025
alta rotación,"2,80 €",6.0,14.0,7.0,31.0,sí,0.8757788881345144,7263.0,mañana,lunes,distrito 3,2.9,5.0,1.0,22/01/2025
alta rotación,"2,00 €",42.0,8.0,14.0,64.0,sí,0.6169867617988549,21007.0,mediodía,miércoles,distrito 8,1.4,6.0,5.0,01/09/2025
alta rotación,"1,36 €",48.0,17.0,6.0,83.0,sí,1.3585969299269585,10867.0,mediodía,sábado,distrito 1,5.7,3.0,6.0,25/08/2025
rotación media,"1,38 €",57.0,10.0,4.0,43.0,sí,1.2155791544023469,7383.0,mañana,miércoles,distrito 9,3.5,6.0,8.0,11/02/2025
RESIDENTES,"1,84 €",50.0,15.0,6.0,28.0,sí,1.212415790596018,15274.0,mediodía,martes,distrito 7,4.9,2.0,3.0,24/09/2025
larga estancia,"1,72 €",56.0,4.0,12.0,42.0,sí,0.9706686744555797,7840.0,mañana,miércoles,distrito 9,3.1,3.0,7.0,23/09/2025
ROTACIÓN MEDIA,"2,33 €",16.0,5.0,8.0,13.0,sí,0.883059054300931,5087.0,mediodía,miércoles,distrito 2,3.7,0.0,0.0,07/03/2025
rotación media,"3,37 €",41.0,21.0,2.0,116.0,sí,0.014871448485814565,3554.0,mañana,martes,distrito 9,-99.0,5.0,4.0,25/02/2025
  rotación media ,"2,47 €",15.0,3.0,3.0,11.0,no,0.6721280086196567,8948.0,tarde,lunes,distrito 11,1.0,6.0,7.0,12/02/2025
alta rotacion,"1,29 €",41.0,34.0,3.0,58.0,sí,1.4707558570073027,22914.0,mañana,sábado,distrito 9,4.0,6.0,2.0,26/02/2025
rotación media,"1,32 €",14.0,9.0,0.0,146.0,sí,0.8145817261247598,18533.0,tarde,lunes,distrito 5,4.3,6.0,1.0,12/02/2025
alta rotación,"1,12 €",54.0,8.0,2.0,42.0,sí,0.9227605997708326,21431.0,mediodía,lunes,distrito 4,2.9,5.0,7.0,29/09/2025
rotación media,"2,47 €",40.0,58.0,1.0,131.0,no,0.9583010977133276,11209.0,tarde,jueves,distrito 10,-99.0,5.0,1.0,29/05/2025
alta rotación,"0,50 €",8.0,4.0,2.0,22.0,sí,1.541845016552277,6849.0,mediodía,sábado,distrito 9,3.0,4.0,7.0,27/05/2025
residentes,"1,57 €",52.0,21.0,6.0,36.0,sí,0.9017375054269768,3310.0,mediodía,miércoles,distrito 2,5.3,6.0,7.0,17/09/2025
larga estancia,"1,81 €",15.0,18.0,3.0,30.0,no,0.8042828801179448,12745.0,tarde,jueves,distrito 3,1.4,4.0,7.0,03/09/2025
  residentes ,"0,90 €",17.0,29.0,2.0,50.0,sí,1.6191890930829897,4093.0,mediodía,miércoles,distrito 10,1.5,1.0,8.0,04/10/2025
  alta rotación ,"2,20 €",49.0,1.0,0.0,66.0,sí,0.1348713959891656,10232.0,mediodía,martes,distrito 7,2.1,2.0,8.0,21/09/2025
alta rotación,"2,67 €",20.0,48.0,33.0,45.0,sí,1.10395305965388,8750.0,tarde,lunes,distrito 11,4.3,1.0,8.0,09/04/2025
  larga estancia ,"2,11 €",11.0,7.0,17.0,10.0,no,1.2326060279332933,13202.0,mañana,viernes,distrito 3,3.9,3.0,4.0,13/07/2025
larga estancia,"1,51 €",46.0,56.0,10.0,28.0,sí,1.5231589376801646,4592.0,mediodía,sábado,distrito 7,3.2,3.0,7.0,27/03/2025
alta rotación,"2,01 €",33.0,23.0,5.0,109.0,sí,0.7773228516275668,12343.0,mediodía,sábado,distrito 5,3.2,0.0,7.0,13/01/2025
rotación media,"1,33 €",26.0,21.0,27.0,76.0,sí,1.5228747818953041,9310.0,mediodía,jueves,distrito 2,2.1,2.0,1.0,27/03/2025
alta rotacion,"1,51 €",16.0,34.0,26.0,131.0,sí,1.4744590416863113,11838.0,mañana,lunes,distrito 4,3.3,2.0,0.0,20/09/2025
ROTACIÓN MEDIA,"2,58 €",7.0,6.0,3.0,28.0,sí,0.6323862667670762,10926.0,mañana,miércoles,distrito 1,-99.0,1.0,3.0,10/02/2025
alta rotacion,"1,40 €",40.0,45.0,38.0,27.0,no,1.8273150666096056,10576.0,mediodía,miércoles,distrito 5,4.0,5.0,6.0,17/10/2025
rotación media,"1,99 €",34.0,66.0,14.0,34.0,sí,1.3463874964898561,3574.0,tarde,jueves,distrito 3,1.7,5.0,7.0,07/06/2025
residentes,"1,58 €",53.0,47.0,0.0,48.0,no,0.6813366364222789,8932.0,tarde,jueves,distrito 4,2.3,0.0,0.0,07/04/2025
larga estancia,"1,39 €",24.0,26.0,7.0,199.0,no,1.2235465728802357,5906.0,tarde,sábado,distrito 2,0.8,3.0,1.0,19/01/2025
larga estancia,"2,97 €",33.0,20.0,32.0,195.0,sí,0.8115262435116025,5864.0,mañana,martes,distrito 9,3.4,4.0,3.0,11/05/2025
  residentes ,"2,44 €",51.0,14.0,3.0,8.0,sí,1.0143756340857633,13115.0,mediodía,sábado,distrito 4,4.5,1.0,7.0,29/10/2025
alta rotación,"2,97 €",9.0,25.0,27.0,107.0,no,1.2235537053035301,2382.0,tarde,viernes,distrito 3,2.7,2.0,7.0,06/08/2025
larga estancia,"1,94 €",53.0,25.0,3.0,47.0,sí,1.1554905662705257,6046.0,mañana,jueves,distrito 8,1.7,0.0,8.0,15/04/2025
residentes,"1,05 €",46.0,15.0,34.0,33.0,sí,1.8978217164323148,6142.0,mañana,viernes,distrito 7,2.5,1.0,3.0,31/05/2025
alta rotación,"1,66 €",33.0,5.0,9.0,30.0,no,1.3284455637826098,19400.0,mediodía,viernes,distrito 4,2.1,0.0,7.0,27/02/2025
alta rotación,"3,15 €",37.0,22.0,3.0,82.0,sí,0.7855714773782605,7279.0,mediodía,lunes,distrito 8,2.3,4.0,0.0,10/03/2025
larga estancia,"1,75 €",27.0,38.0,9.0,51.0,sí,1.2347328123990637,5780.0,mañana,jueves,distrito 1,1.7,5.0,8.0,19/04/2025
rotación media,"1,54 €",7.0,33.0,40.0,110.0,sí,1.3896927354725,8134.0,mediodía,sábado,distrito 6,1.8,6.0,0.0,28/05/2025
alta rotación,"2,04 €",17.0,16.0,2.0,133.0,sí,0.7752898417324462,6798.0,mediodía,lunes,distrito 3,1.5,3.0,6.0,09/07/2025
rotación media,"1,62 €",34.0,25.0,2.0,33.0,sí,1.2043925785992735,27130.0,mañana,sábado,distrito 7,3.6,1.0,7.0,13/02/2025
rotacion media,"0,97 €",52.0,8.0,9.0,86.0,no,1.3795519072135194,10786.0,mediodía,sábado,distrito 9,4.2,4.0,7.0,21/09/2025
alta rotación,"2,28 €",35.0,23.0,16.0,29.0,no,1.0506682565314407,3913.0,mediodía,sábado,distrito 5,-99.0,5.0,3.0,31/05/2025
rotación media,"1,05 €",12.0,36.0,4.0,220.0,sí,0.9936475454719524,3564.0,tarde,miércoles,distrito 9,3.4,0.0,1.0,22/05/2025
larga estancia,"0,66 €",21.0,29.0,7.0,68.0,no,1.814239129712314,13310.0,mañana,viernes,distrito 7,0.8,0.0,8.0,10/07/2025
rotación media,"1,89 €",13.0,7.0,5.0,66.0,sí,0.8535563487293487,14721.0,tarde,jueves,distrito 4,3.1,3.0,8.0,23/01/2025
larga estancia,"2,61 €",46.0,6.0,13.0,54.0,sí,0.6998740310720633,18927.0,mediodía,viernes,distrito 1,1.8,5.0,4.0,02/11/2025
rotación media,"3,00 €",39.0,63.0,13.0,132.0,sí,1.0057654733448727,15672.0,mediodía,jueves,distrito 10,5.2,6.0,1.0,29/07/2025
rotacion media,"2,47 €",59.0,16.0,6.0,62.0,no,1.3032814680517257,25689.0,mañana,sábado,distrito 8,3.1,6.0,4.0,06/05/2025
larga estancia,"2,15 €",19.0,11.0,13.0,89.0,sí,0.5196354998002024,4345.0,tarde,viernes,distrito 3,6.7,3.0,1.0,24/09/2025
LARGA ESTANCIA,"3,36 €",28.0,48.0,7.0,46.0,sí,0.49912044656580573,16799.0,mañana,lunes,distrito 11,3.2,6.0,6.0,06/04/2025
alta rotación,"1,67 €",25.0,96.0,14.0,120.0,sí,1.5158371861580184,6281.0,mediodía,sábado,distrito 11,3.5,5.0,5.0,31/08/2025
alta rotación,"1,78 €",48.0,28.0,10.0,145.0,sí,1.347223819181592,20943.0,tarde,martes,distrito 5,2.6,1.0,8.0,07/06/2025
alta rotación,"1,95 €",60.0,20.0,9.0,22.0,sí,1.1251521404070381,5531.0,tarde,miércoles,distrito 8,5.6,3.0,0.0,29/05/2025
alta rotación,"2,41 €",26.0,30.0,29.0,120.0,sí,1.2780111365461702,11316.0,mañana,viernes,distrito 8,4.1,0.0,5.0,13/01/2025
alta rotación,"1,99 €",45.0,18.0,0.0,116.0,no,0.7348463708796751,7635.0,tarde,lunes,distrito 4,-99.0,1.0,2.0,14/10/2025
  alta rotación ,"2,08 €",52.0,7.0,0.0,29.0,sí,0.7669965319424055,32671.0,mediodía,miércoles,distrito 4,4.0,4.0,8.0,08/03/2025
  residentes ,"1,76 €",25.0,57.0,20.0,79.0,sí,0.9336896769133888,9651.0,tarde,miércoles,distrito 11,4.8,3.0,4.0,30/07/2025
larga estancia,"0,78 €",50.0,12.0,13.0,3.0,sí,1.3204642052045212,19757.0,mediodía,miércoles,distrito 1,3.0,4.0,7.0,18/01/2025
  rotación media ,"2,74 €",38.0,12.0,3.0,264.0,sí,0.7000323684425825,13267.0,mañana,martes,distrito 6,2.4,6.0,4.0,05/07/2025
alta rotación,"3,07 €",39.0,9.0,1.0,189.0,sí,0.15645974887194447,8808.0,mañana,martes,distrito 4,4.2,3.0,3.0,05/06/2025
larga estancia,"1,53 €",9.0,16.0,16.0,57.0,sí,1.0264088605090282,13784.0,tarde,jueves,distrito 5,-99.0,3.0,0.0,11/02/2025
alta rotación,"2,16 €",11.0,15.0,4.0,74.0,sí,0.9306033775827118,14739.0,mañana,jueves,distrito 11,4.1,6.0,6.0,18/06/2025
RESIDENTES,"0,73 €",23.0,12.0,6.0,101.0,no,1.9026926573722527,6446.0,tarde,sábado,distrito 7,4.3,5.0,6.0,18/01/2025
alta rotación,"2,49 €",41.0,4.0,3.0,58.0,sí,0.8628718768931141,8397.0,mediodía,jueves,distrito 8,2.8,1.0,1.0,08/02/2025
larga estancia,"0,50 €",35.0,69.0,8.0,80.0,sí,1.7459082742765075,7915.0,tarde,martes,distrito 2,2.8,5.0,0.0,28/04/2025
residentes,"2,85 €",57.0,19.0,2.0,54.0,sí,0.9100178426720706,21849.0,mediodía,sábado,distrito 9,4.8,2.0,5.0,07/04/2025
rotación media,"2,36 €",51.0,35.0,2.0,103.0,sí,0.5824741070767201,16540.0,mañana,miércoles,distrito 1,1.6,0.0,3.0,24/07/2025
larga estancia,"2,19 €",52.0,60.0,17.0,133.0,sí,1.259143201753498,28323.0,mediodía,miércoles,distrito 2,2.4,0.0,6.0,19/09/2025
alta rotación,"0,94 €",12.0,27.0,14.0,1.0,no,1.9482114357821534,6328.0,mediodía,miércoles,distrito 7,6.3,2.0,7.0,14/02/2025
larga estancia,"1,98 €",56.0,41.0,12.0,58.0,sí,1.0967065389171056,17698.0,mañana,miércoles,distrito 10,3.7,6.0,1.0,29/04/2025
rotacion media,"1,00 €",11.0,0.0,38.0,96.0,sí,1.0870495339513193,10758.0,tarde,martes,distrito 10,-99.0,5.0,3.0,11/04/2025
rotacion media,"2,00 €",27.0,17.0,9.0,45.0,sí,1.0532468805815558,5595.0,mañana,sábado,distrito 2,3.5,3.0,6.0,30/09/2025
residentes,"2,54 €",12.0,15.0,2.0,18.0,no,1.0219231775469408,10954.0,mañana,sábado,distrito 5,2.3,1.0,0.0,23/07/2025
alta rotación,"2,85 €",45.0,41.0,2.0,202.0,no,1.0258983894512654,11550.0,mañana,miércoles,distrito 9,1.2,6.0,3.0,03/06/2025
alta rotación,"2,01 €",23.0,15.0,9.0,35.0,no,1.4747900383193093,7537.0,mañana,lunes,distrito 8,1.4,3.0,1.0,25/03/2025
residentes,"3,53 €",6.0,4.0,2.0,150.0,sí,0.444518164514787,11283.0,mediodía,jueves,distrito 10,1.7,3.0,0.0,13/03/2025
larga estancia,"1,80 €",41.0,5.0,11.0,18.0,sí,1.2161473808265073,8904.0,mediodía,sábado,distrito 8,3.2,6.0,4.0,20/06/2025
rotación media,"2,54 €",59.0,23.0,7.0,72.0,no,0.6844084849740627,4469.0,mediodía,miércoles,distrito 7,3.0,0.0,0.0,17/01/2025
larga estancia,"2,30 €",59.0,17.0,45.0,112.0,sí,0.8778457838776258,17579.0,mañana,viernes,distrito 2,2.9,0.0,7.0,03/06/2025
rotación media,"1,03 €",35.0,27.0,10.0,125.0,sí,1.2799395787506789,2365.0,tarde,martes,distrito 5,3.2,1.0,4.0,14/08/2025
alta rotación,"2,30 €",6.0,1.0,4.0,75.0,sí,0.9479154098405826,3279.0,tarde,sábado,distrito 11,4.7,6.0,3.0,29/04/2025
larga estancia,"1,42 €",52.0,3.0,12.0,116.0,no,0.9095671500397826,9076.0,tarde,jueves,distrito 6,3.4,4.0,5.0,13/04/2025
residentes,"2,67 €",49.0,23.0,4.0,52.0,sí,0.9096205180193782,5952.0,mañana,sábado,distrito 11,3.0,1.0,5.0,24/08/2025
residentes,"2,81 €",15.0,37.0,19.0,101.0,sí,0.9719253146960395,11852.0,mañana,sábado,distrito 3,2.1,2.0,4.0,09/02/2025
alta rotación,"2,22 €",44.0,33.0,10.0,69.0,sí,1.2728841749774968,6154.0,mediodía,jueves,distrito 7,2.3,0.0,0.0,19/01/2025
residentes,"1,02 €",60.0,20.0,11.0,117.0,sí,1.6396164823105543,6367.0,mañana,sábado,distrito 8,1.9,4.0,6.0,02/11/2025
residentes,"2,37 €",7.0,44.0,10.0,54.0,sí,1.4566591756815357,9862.0,mañana,viernes,distrito 6,1.2,2.0,8.0,06/10/2025
larga estancia,"2,50 €",57.0,16.0,8.0,43.0,no,0.5539606413834114,9212.0,mañana,viernes,distrito 9,-99.0,1.0,4.0,23/02/2025
ROTACIÓN MEDIA,"1,38 €",9.0,8.0,6.0,310.0,sí,1.0302388617481648,14813.0,mediodía,miércoles,distrito 2,0.8,0.0,5.0,05/03/2025
larga estancia,"2,78 €",9.0,31.0,0.0,129.0,sí,0.5244211460091985,8197.0,mañana,sábado,distrito 2,4.2,1.0,6.0,11/08/2025
residentes,"1,66 €",57.0,14.0,4.0,221.0,no,1.5118211465541873,12754.0,mediodía,miércoles,distrito 5,4.7,3.0,1.0,20/08/2025
larga estancia,"2,07 €",46.0,12.0,2.0,104.0,sí,0.5763611122534696,10899.0,mañana,martes,distrito 4,2.9,3.0,0.0,22/06/2025
residentes,"1,91 €",58.0,3.0,5.0,144.0,sí,0.7383961512845971,8393.0,mediodía,lunes,distrito 4,1.9,1.0,3.0,22/06/2025
  residentes ,"1,88 €",17.0,2.0,4.0,25.0,no,0.9192882894720609,3831.0,mediodía,miércoles,distrito 11,3.8,3.0,3.0,01/05/2025
alta rotación,"2,72 €",41.0,39.0,1.0,1.0,sí,0.9741339006082258,29757.0,tarde,martes,distrito 10,5.7,1.0,5.0,10/03/2025
  alta rotación ,"2,26 €",48.0,24.0,13.0,103.0,no,1.2344520321172219,16245.0,tarde,sábado,distrito 5,3.3,5.0,0.0,30/06/2025
  residentes ,"1,18 €",22.0,11.0,0.0,161.0,no,1.350800055130256,13116.0,mañana,sábado,distrito 6,4.5,3.0,7.0,02/10/2025
larga estancia,"2,66 €",33.0,28.0,13.0,110.0,no,1.0102546139963686,7108.0,tarde,miércoles,distrito 3,4.4,1.0,7.0,30/04/2025
  rotación media ,"2,65 €",19.0,22.0,15.0,23.0,sí,1.1054311873935885,8410.0,mañana,miércoles,distrito 2,4.7,6.0,4.0,15/10/2025
residentes,"2,20 €",57.0,33.0,10.0,20.0,sí,1.5195629894269078,5223.0,tarde,jueves,distrito 11,2.1,6.0,0.0,03/09/2025
  rotación media ,"0,50 €",6.0,3.0,7.0,161.0,sí,1.0832515862786083,21227.0,mañana,jueves,distrito 8,4.1,6.0,8.0,22/08/2025
alta rotación,"0,98 €",50.0,13.0,9.0,247.0,no,1.7117567830771803,21572.0,mediodía,jueves,distrito 7,4.1,0.0,1.0,02/03/2025
rotación media,"2,31 €",27.0,14.0,30.0,15.0,no,1.5039603204703273,10943.0,mediodía,lunes,distrito 5,1.7,3.0,5.0,03/03/2025
rotacion media,"3,20 €",44.0,9.0,5.0,28.0,sí,0.6458813887105984,20329.0,tarde,jueves,distrito 8,5.2,0.0,8.0,01/03/2025
larga estancia,"2,42 €",9.0,2.0,1.0,66.0,no,0.13055929223914245,2163.0,tarde,viernes,distrito 1,4.8,6.0,3.0,01/06/2025
rotación media,"1,45 €",42.0,2.0,40.0,19.0,sí,1.1623847728231884,19045.0,mañana,miércoles,distrito 4,4.6,3.0,8.0,22/08/2025
  larga estancia ,"2,42 €",47.0,59.0,10.0,10.0,no,1.2033842324672999,11538.0,mediodía,sábado,distrito 5,1.9,0.0,5.0,07/09/2025
alta rotación,"0,50 €",29.0,11.0,1.0,173.0,sí,1.165770771036219,11394.0,tarde,miércoles,distrito 9,2.8,4.0,1.0,15/10/2025
RESIDENTES,"1,70 €",46.0,17.0,13.0,7.0,sí,1.3693395511223896,8408.0,mediodía,lunes,distrito 3,3.8,0.0,1.0,07/07/2025
rotación media,"2,32 €",57.0,2.0,15.0,5.0,sí,0.7572204409626268,10007.0,tarde,martes,distrito 9,4.0,6.0,7.0,28/09/2025
rotación media,"2,96 €",60.0,28.0,26.0,12.0,sí,0.9434140051485088,4775.0,tarde,jueves,distrito 7,1.8,3.0,0.0,23/04/2025
rotación media,"2,68 €",57.0,47.0,2.0,8.0,sí,1.163832937267855,6000.0,mañana,jueves,distrito 9,6.2,3.0,6.0,27/08/2025
rotación media,"1,79 €",33.0,20.0,9.0,107.0,no,1.2812922112716942,5655.0,mañana,miércoles,distrito 1,1.2,4.0,6.0,11/09/2025
larga estancia,"1,60 €",31.0,10.0,17.0,87.0,sí,0.9063727779526302,3637.0,mediodía,martes,distrito 4,5.6,3.0,7.0,28/06/2025
rotación media,"2,52 €",21.0,17.0,0.0,62.0,sí,0.514433172845017,7689.0,mediodía,sábado,distrito 1,5.0,1.0,3.0,03/03/2025
alta rotación,"1,75 €",37.0,9.0,14.0,2.0,no,1.6037444879523304,18933.0,mediodía,miércoles,distrito 3,4.1,4.0,1.0,24/07/2025
rotación media,"2,39 €",19.0,14.0,6.0,11.0,no,1.1411843303103486,8168.0,tarde,lunes,distrito 6,2.4,3.0,0.0,28/07/2025
rotacion media,"2,11 €",29.0,12.0,16.0,54.0,sí,0.9799086921162138,4546.0,mediodía,jueves,distrito 1,2.5,1.0,5.0,11/04/2025
rotación media,"1,85 €",58.0,19.0,31.0,22.0,sí,1.5719088213419972,5517.0,mediodía,miércoles,distrito 2,3.1,2.0,7.0,28/09/2025
rotación media,"1,52 €",59.0,25.0,9.0,79.0,sí,1.2023086126729177,18784.0,tarde,viernes,distrito 8,2.8,1.0,2.0,17/05/2025
alta rotación,"2,87 €",36.0,21.0,1.0,45.0,sí,0.6537443037845165,15287.0,mediodía,lunes,distrito 1,2.8,2.0,5.0,20/06/2025
alta rotación,"1,96 €",18.0,21.0,6.0,102.0,no,1.2591538417604389,14395.0,mediodía,sábado,distrito 7,-99.0,2.0,7.0,11/04/2025
  alta rotación ,"1,94 €",10.0,2.0,4.0,66.0,no,0.6893425355393544,6872.0,mediodía,sábado,distrito 8,-99.0,4.0,6.0,04/07/2025
alta rotación,"1,89 €",12.0,19.0,4.0,73.0,sí,0.9461740945389543,15623.0,tarde,sábado,distrito 11,3.4,3.0,1.0,04/10/2025
rotación media,"2,00 €",40.0,2.0,39.0,53.0,sí,1.0793933949085677,9561.0,mediodía,martes,distrito 8,1.1,2.0,1.0,22/05/2025
alta rotación,"2,49 €",33.0,17.0,27.0,80.0,no,1.7097463656659204,4608.0,mañana,sábado,distrito 5,1.8,5.0,3.0,24/10/2025
residentes,"1,86 €",25.0,11.0,2.0,41.0,sí,1.1364331607996825,4468.0,tarde,martes,distrito 4,4.8,4.0,0.0,26/01/2025
ROTACIÓN MEDIA,"1,59 €",26.0,7.0,6.0,128.0,no,0.9226460598733814,4475.0,mediodía,jueves,distrito 8,2.1,1.0,7.0,13/03/2025
larga estancia,"2,22 €",39.0,21.0,8.0,143.0,no,0.8968151003810872,8000.0,mañana,viernes,distrito 8,4.0,4.0,8.0,29/03/2025
  alta rotación ,"0,50 €",58.0,60.0,19.0,20.0,sí,2.505689550503963,7696.0,tarde,jueves,distrito 10,1.6,2.0,3.0,16/08/2025
residentes,"3,25 €",53.0,7.0,0.0,27.0,sí,0.1903015306819317,5726.0,mañana,lunes,distrito 1,2.6,6.0,0.0,04/03/2025
ROTACIÓN MEDIA,"2,82 €",7.0,27.0,6.0,90.0,no,0.8873787031363796,7102.0,tarde,jueves,distrito 3,4.3,4.0,0.0,21/08/2025
alta rotación,"3,14 €",19.0,7.0,9.0,1.0,sí,0.7785160817029437,7695.0,tarde,jueves,distrito 6,3.2,5.0,7.0,30/07/2025
alta rotación,"1,10 €",37.0,1.0,5.0,56.0,sí,1.0787977811667355,13137.0,mañana,sábado,distrito 7,1.5,4.0,2.0,16/07/2025
larga estancia,"2,72 €",15.0,41.0,31.0,13.0,sí,1.1770596746243043,20687.0,mañana,viernes,distrito 11,2.9,2.0,2.0,25/05/2025
residentes,"2,61 €",18.0,7.0,5.0,87.0,sí,0.5043521382582464,12272.0,mediodía,lunes,distrito 2,2.2,3.0,3.0,28/04/2025
rotación media,"1,50 €",41.0,24.0,0.0,108.0,sí,0.8989212444239665,6478.0,mañana,martes,distrito 9,3.8,2.0,7.0,26/08/2025
larga estancia,"1,88 €",36.0,10.0,24.0,8.0,sí,1.2414121222961325,6469.0,mediodía,miércoles,distrito 4,2.9,5.0,2.0,14/01/2025
RESIDENTES,"2,42 €",26.0,16.0,12.0,56.0,sí,1.0855620556938876,20021.0,mañana,sábado,distrito 7,5.1,6.0,3.0,27/02/2025
alta rotación,"3,05 €",32.0,35.0,6.0,3.0,sí,1.0119411538989036,8011.0,tarde,sábado,distrito 8,3.2,6.0,5.0,28/09/2025
ROTACIÓN MEDIA,"1,51 €",57.0,10.0,17.0,46.0,sí,1.5730415580523387,10726.0,mediodía,martes,distrito 5,2.7,6.0,0.0,16/01/2025
rotación media,"1,84 €",27.0,38.0,13.0,146.0,sí,1.2112005379755886,4693.0,tarde,sábado,distrito 2,2.1,6.0,2.0,26/09/2025
rotación media,"3,11 €",46.0,0.0,3.0,110.0,sí,-0.12359133361628225,15091.0,tarde,sábado,distrito 8,3.0,5.0,8.0,25/08/2025
residentes,"2,64 €",40.0,14.0,5.0,84.0,sí,0.6838204382790757,14520.0,tarde,lunes,distrito 3,2.5,0.0,5.0,09/10/2025
ALTA ROTACIÓN,"3,63 €",16.0,19.0,11.0,43.0,sí,0.9546366729495896,7675.0,tarde,martes,distrito 9,3.4,0.0,3.0,28/08/2025
alta rotación,"0,88 €",20.0,10.0,16.0,33.0,sí,1.1969660495678178,8542.0,tarde,miércoles,distrito 6,2.9,5.0,8.0,24/03/2025
residentes,"3,19 €",55.0,15.0,7.0,57.0,no,1.0580866461386529,13693.0,tarde,viernes,distrito 8,5.5,3.0,1.0,29/10/2025
alta rotación,"2,59 €",18.0,50.0,8.0,16.0,no,1.0033682511837856,7190.0,mediodía,sábado,distrito 4,1.6,4.0,5.0,23/02/2025
residentes,"3,36 €",8.0,32.0,6.0,41.0,sí,0.9532987473311482,32736.0,mediodía,sábado,distrito 2,4.5,5.0,6.0,01/09/2025
rotación media,"1,65 €",51.0,10.0,30.0,63.0,sí,1.3704578472033675,4485.0,mañana,viernes,distrito 3,2.8,3.0,7.0,07/03/2025
larga estancia,"3,47 €",7.0,22.0,30.0,19.0,sí,1.0023216695644093,8366.0,mediodía,martes,distrito 11,-99.0,1.0,6.0,27/01/2025
alta rotación,"2,49 €",59.0,1.0,24.0,82.0,sí,0.541327632487063,9580.0,mediodía,viernes,distrito 2,-99.0,3.0,1.0,04/03/2025
alta rotación,"2,95 €",15.0,8.0,12.0,11.0,sí,0.7602354025565199,7107.0,tarde,jueves,distrito 11,6.1,2.0,1.0,30/09/2025
alta rotación,"2,56 €",35.0,10.0,21.0,122.0,sí,1.0943773315037908,8272.0,mañana,sábado,distrito 1,2.9,2.0,1.0,25/06/2025
residentes,"0,50 €",32.0,8.0,3.0,16.0,sí,1.3582927800840574,9107.0,mañana,sábado,distrito 11,3.0,4.0,2.0,14/04/2025
residentes,"2,41 €",50.0,37.0,15.0,143.0,sí,1.4762078904864442,3552.0,tarde,martes,distrito 8,2.9,3.0,2.0,03/02/2025
larga estancia,"2,50 €",54.0,25.0,17.0,273.0,sí,0.7924702874774091,24522.0,mañana,jueves,distrito 9,0.8,0.0,0.0,03/02/2025
larga estancia,"2,51 €",10.0,41.0,9.0,46.0,sí,0.7222346603950593,8950.0,tarde,lunes,distrito 11,1.9,0.0,3.0,05/04/2025
ROTACIÓN MEDIA,"2,55 €",53.0,11.0,2.0,67.0,no,0.8823600252500278,13804.0,mediodía,sábado,distrito 11,3.9,3.0,3.0,20/10/2025
residentes,"1,47 €",30.0,11.0,17.0,27.0,sí,1.0879206331113387,6036.0,mañana,sábado,distrito 3,0.8,1.0,8.0,10/09/2025
  rotación media ,"0,62 €",31.0,27.0,20.0,90.0,sí,1.5605192750847767,12575.0,mediodía,miércoles,distrito 4,2.8,1.0,3.0,21/05/2025
alta rotación,"2,92 €",39.0,19.0,15.0,36.0,sí,1.1690741043431931,11972.0,tarde,viernes,distrito 9,2.6,2.0,6.0,19/02/2025
residentes,"3,01 €",48.0,11.0,10.0,19.0,no,0.9832654168455515,12864.0,mañana,miércoles,distrito 1,3.5,4.0,6.0,22/09/2025
alta rotación,"3,81 €",12.0,30.0,0.0,160.0,sí,0.09526389658144749,3746.0,mañana,lunes,distrito 10,3.8,0.0,4.0,03/03/2025
alta rotacion,"1,95 €",56.0,24.0,3.0,18.0,sí,0.7611054974141299,13067.0,mañana,miércoles,distrito 4,3.6,0.0,3.0,20/03/2025
  rotación media ,"2,08 €",13.0,5.0,5.0,90.0,sí,0.8227856928823074,28293.0,mañana,viernes,distrito 3,3.9,4.0,5.0,14/09/2025
alta rotación,"2,17 €",52.0,19.0,8.0,15.0,sí,1.3891310991487522,3707.0,mañana,jueves,distrito 2,5.3,4.0,6.0,22/05/2025
rotación media,"1,73 €",58.0,9.0,0.0,47.0,no,0.5422025296954331,4753.0,mañana,viernes,distrito 3,4.0,3.0,7.0,11/10/2025
residentes,"2,05 €",60.0,26.0,1.0,205.0,sí,1.3481692949382464,4906.0,tarde,sábado,distrito 9,2.4,5.0,3.0,08/06/2025
ROTACIÓN MEDIA,"1,75 €",22.0,15.0,1.0,74.0,sí,0.8640462536276028,4173.0,mediodía,jueves,distrito 9,2.8,4.0,2.0,05/02/2025
larga estancia,"3,80 €",29.0,8.0,6.0,62.0,no,0.252269354454228,12865.0,mañana,lunes,distrito 4,-99.0,0.0,2.0,23/05/2025
residentes,"1,80 €",48.0,18.0,0.0,198.0,sí,0.7519568584361392,8680.0,mediodía,lunes,distrito 11,4.3,2.0,8.0,07/01/2025
LARGA ESTANCIA,"2,51 €",31.0,42.0,0.0,55.0,sí,0.650040343217757,6610.0,tarde,lunes,distrito 9,4.9,3.0,8.0,03/03/2025
residentes,"2,40 €",37.0,21.0,6.0,71.0,sí,1.1546043451535681,5623.0,mediodía,martes,distrito 1,3.7,3.0,6.0,04/07/2025
rotación media,"1,86 €",31.0,27.0,20.0,63.0,sí,1.1019233139030704,6882.0,tarde,sábado,distrito 10,2.6,6.0,4.0,19/04/2025
rotación media,"1,33 €",20.0,22.0,1.0,9.0,sí,1.0868590387552712,17318.0,mañana,martes,distrito 9,1.8,1.0,7.0,05/07/2025
larga estancia,"1,60 €",55.0,43.0,5.0,50.0,sí,0.6376182725242401,3818.0,tarde,jueves,distrito 4,5.1,5.0,3.0,17/08/2025
alta rotación,"2,10 €",20.0,32.0,3.0,29.0,no,1.0826549577087705,6341.0,tarde,sábado,distrito 7,4.2,1.0,0.0,30/03/2025
rotación media,"1,83 €",20.0,17.0,1.0,38.0,no,1.1157016377858722,6809.0,mediodía,sábado,distrito 8,3.3,3.0,0.0,27/07/2025
larga estancia,"1,98 €",11.0,8.0,1.0,65.0,no,0.6784330967603736,15216.0,mañana,miércoles,distrito 8,5.8,5.0,7.0,27/02/2025
  larga estancia ,"0,59 €",31.0,10.0,7.0,117.0,sí,1.2630263645238093,11867.0,mediodía,sábado,distrito 1,4.6,3.0,8.0,17/05/2025
alta rotación,"0,97 €",43.0,20.0,1.0,17.0,sí,1.6346094522925518,22214.0,mediodía,miércoles,distrito 5,1.9,1.0,0.0,04/03/2025
alta rotación,"2,84 €",7.0,5.0,3.0,43.0,sí,0.48529826153121675,19376.0,tarde,miércoles,distrito 4,1.9,2.0,1.0,12/06/2025
rotación media,"1,25 €",13.0,29.0,2.0,16.0,sí,1.2770345179632527,5573.0,tarde,lunes,distrito 4,3.4,4.0,0.0,08/01/2025
  rotación media ,"1,91 €",21.0,29.0,0.0,103.0,no,0.8213477279017665,6245.0,tarde,jueves,distrito 4,3.5,1.0,5.0,28/09/2025
rotación media,"2,97 €",18.0,20.0,3.0,41.0,sí,0.9333892742759914,10030.0,mañana,jueves,distrito 4,5.7,1.0,0.0,02/10/2025
larga estancia,"1,67 €",57.0,52.0,25.0,32.0,no,1.734371455438711,13804.0,tarde,jueves,distrito 3,2.9,4.0,2.0,10/07/2025
alta rotación,"0,50 €",56.0,6.0,7.0,105.0,sí,1.73437434621193,23496.0,tarde,martes,distrito 7,4.0,2.0,1.0,26/01/2025
alta rotación,"2,51 €",48.0,16.0,0.0,16.0,no,0.7370941877120248,1940.0,mediodía,martes,distrito 6,4.3,4.0,3.0,23/09/2025
  larga estancia ,"1,13 €",32.0,17.0,43.0,62.0,no,1.5551854667989757,18389.0,mediodía,sábado,distrito 11,2.6,5.0,0.0,25/10/2025
alta rotación,"1,79 €",49.0,7.0,0.0,78.0,no,0.8032434369550363,16890.0,mediodía,viernes,distrito 5,1.2,5.0,0.0,02/10/2025
ROTACIÓN MEDIA,"1,43 €",51.0,31.0,7.0,146.0,sí,0.9404773721535438,3807.0,mañana,viernes,distrito 6,3.2,3.0,4.0,20/01/2025
  residentes ,"4,14 €",58.0,36.0,8.0,10.0,no,0.9353661410826102,11854.0,tarde,lunes,distrito 8,3.7,3.0,2.0,13/07/2025
rotación media,"2,43 €",18.0,9.0,10.0,120.0,sí,1.010129269843798,4276.0,mañana,lunes,distrito 5,2.9,0.0,8.0,21/06/2025
alta rotación,"2,54 €",31.0,7.0,2.0,63.0,sí,0.5034345468407428,8403.0,tarde,lunes,distrito 3,4.3,6.0,4.0,27/10/2025
  rotación media ,"1,30 €",29.0,20.0,34.0,25.0,no,1.9262705487503786,5725.0,mediodía,sábado,distrito 5,1.6,4.0,0.0,30/05/2025
rotación media,"2,72 €",52.0,22.0,4.0,105.0,sí,0.2977006166633372,7091.0,mañana,lunes,distrito 9,3.0,1.0,7.0,21/05/2025
larga estancia,"1,73 €",32.0,45.0,8.0,94.0,no,1.1325763732698142,21449.0,tarde,viernes,distrito 3,6.5,1.0,6.0,19/01/2025
residentes,"2,44 €",18.0,8.0,1.0,80.0,no,0.9416754935000197,14334.0,tarde,sábado,distrito 11,3.6,6.0,7.0,05/02/2025
residentes,"1,47 €",42.0,34.0,22.0,127.0,no,1.3571282673723077,7061.0,tarde,jueves,distrito 1,3.2,2.0,5.0,23/05/2025
alta rotacion,"3,29 €",45.0,40.0,17.0,18.0,sí,1.015115005323545,11198.0,mediodía,jueves,distrito 4,3.9,2.0,5.0,11/10/2025
  larga estancia ,"3,20 €",17.0,41.0,3.0,62.0,sí,0.8244289177417379,7148.0,mediodía,viernes,distrito 9,5.5,3.0,8.0,22/10/2025
larga estancia,"2,59 €",48.0,11.0,16.0,57.0,sí,0.9050632336899641,11692.0,mañana,lunes,distrito 11,2.1,5.0,3.0,15/06/2025
  larga estancia ,"2,83 €",48.0,17.0,4.0,226.0,sí,0.8427635715003299,15294.0,mañana,martes,distrito 8,3.9,4.0,7.0,03/07/2025
  alta rotación ,"1,89 €",45.0,54.0,2.0,102.0,sí,0.9275426347694414,24548.0,mañana,lunes,distrito 1,-99.0,5.0,5.0,13/04/2025
  rotación media ,"1,91 €",46.0,46.0,3.0,58.0,sí,1.3619430918015933,18390.0,tarde,sábado,distrito 10,5.9,2.0,6.0,28/09/2025
larga estancia,"1,32 €",22.0,39.0,13.0,48.0,sí,1.4162490929775127,5195.0,mañana,miércoles,distrito 7,0.8,6.0,0.0,09/06/2025
rotación media,"1,05 €",55.0,29.0,6.0,19.0,sí,1.1664408666386539,7231.0,mañana,sábado,distrito 4,3.1,0.0,4.0,07/05/2025
larga estancia,"0,50 €",8.0,2.0,17.0,24.0,sí,1.2802555569639638,10041.0,mañana,sábado,distrito 3,4.7,5.0,0.0,04/10/2025
alta rotación,"2,14 €",7.0,14.0,8.0,132.0,sí,0.7532970523374298,17694.0,mañana,sábado,distrito 10,5.4,3.0,6.0,15/04/2025
alta rotación,"1,67 €",49.0,4.0,6.0,98.0,sí,0.7005792728227684,3703.0,tarde,miércoles,distrito 7,1.8,5.0,7.0,15/02/2025
alta rotación,"1,36 €",23.0,43.0,1.0,59.0,sí,1.0109218956001822,5186.0,mediodía,sábado,distrito 10,0.8,0.0,1.0,11/06/2025
ALTA ROTACIÓN,"1,81 €",35.0,4.0,8.0,13.0,sí,1.2412960863751208,13463.0,tarde,viernes,distrito 6,0.8,4.0,1.0,19/10/2025
rotación media,"3,79 €",52.0,19.0,28.0,52.0,sí,1.0559704008335493,6197.0,mañana,miércoles,distrito 10,4.6,5.0,6.0,14/03/2025
rotacion media,"2,89 €",39.0,12.0,10.0,211.0,sí,0.4963333614060735,4781.0,tarde,martes,distrito 4,4.0,0.0,8.0,02/08/2025
larga estancia,"1,45 €",34.0,12.0,3.0,4.0,sí,1.2058945515647255,8182.0,tarde,lunes,distrito 10,3.7,1.0,7.0,24/09/2025
ROTACIÓN MEDIA,"1,13 €",54.0,19.0,13.0,29.0,no,2.053912364306434,10128.0,tarde,miércoles,distrito 9,4.6,3.0,8.0,02/05/2025
rotación media,"2,38 €",19.0,17.0,10.0,48.0,no,1.179565820949206,4531.0,tarde,lunes,distrito 10,1.5,0.0,8.0,11/07/2025
rotación media,"1,54 €",8.0,15.0,8.0,15.0,sí,1.235266753505,8998.0,tarde,sábado,distrito 8,3.7,5.0,1.0,25/10/2025
larga estancia,"2,19 €",6.0,54.0,23.0,256.0,sí,1.2697488730944693,6316.0,mañana,miércoles,distrito 2,4.7,6.0,5.0,01/02/2025
alta rotación,"1,86 €",41.0,19.0,5.0,22.0,no,0.7417556956534278,4724.0,mañana,viernes,distrito 10,6.3,6.0,5.0,24/10/2025
alta rotación,"0,67 €",19.0,6.0,23.0,4.0,sí,1.727899840438859,11707.0,mediodía,jueves,distrito 6,2.4,2.0,1.0,07/03/2025
rotación media,"2,75 €",8.0,11.0,1.0,38.0,no,0.6227105995956098,10207.0,mañana,sábado,distrito 3,2.4,6.0,1.0,01/10/2025
alta rotación,"0,50 €",40.0,8.0,3.0,58.0,sí,1.7063643226667806,20716.0,mañana,lunes,distrito 11,3.4,2.0,7.0,22/09/2025
alta rotación,"3,17 €",8.0,40.0,17.0,74.0,no,1.0739551251316313,7471.0,tarde,miércoles,distrito 9,3.0,0.0,6.0,07/04/2025
rotación media,"2,03 €",28.0,15.0,0.0,37.0,sí,0.320822210293938,9680.0,mañana,viernes,distrito 5,3.8,1.0,6.0,14/07/2025
alta rotación,"2,06 €",60.0,25.0,9.0,56.0,sí,1.2304543695766252,4875.0,tarde,jueves,distrito 3,2.7,0.0,7.0,12/07/2025
alta rotación,"1,57 €",30.0,8.0,4.0,29.0,sí,1.3067625898210324,5176.0,mañana,jueves,distrito 4,3.0,0.0,1.0,20/10/2025
residentes,"2,63 €",16.0,10.0,1.0,123.0,sí,0.5901604652516576,11426.0,mañana,viernes,distrito 10,-99.0,1.0,4.0,10/02/2025
  larga estancia ,"0,78 €",7.0,22.0,19.0,193.0,no,1.2894062446014303,4531.0,mañana,viernes,distrito 3,0.8,6.0,4.0,20/10/2025
larga estancia,"0,87 €",8.0,8.0,4.0,91.0,sí,0.6683153518537868,4252.0,mañana,jueves,distrito 8,4.1,0.0,2.0,21/03/2025
larga estancia,"1,03 €",46.0,18.0,7.0,32.0,sí,1.4183722154561762,6451.0,mediodía,lunes,distrito 3,-99.0,5.0,7.0,05/10/2025
larga estancia,"1,11 €",35.0,70.0,0.0,17.0,sí,1.1849750512956199,9186.0,tarde,sábado,distrito 9,0.8,1.0,5.0,19/06/2025
rotación media,"2,82 €",60.0,12.0,2.0,58.0,sí,0.5363927460160074,18039.0,tarde,jueves,distrito 9,1.6,0.0,6.0,09/09/2025
  alta rotación ,"2,27 €",26.0,20.0,10.0,22.0,sí,1.1962981749578132,5783.0,tarde,miércoles,distrito 4,1.7,1.0,2.0,15/06/2025
  larga estancia ,"1,90 €",26.0,5.0,1.0,32.0,sí,0.2780160807423715,30852.0,mañana,jueves,distrito 7,2.7,6.0,5.0,01/10/2025
alta rotacion,"2,57 €",50.0,16.0,6.0,38.0,sí,0.575037851923904,7983.0,mediodía,sábado,distrito 4,4.5,5.0,8.0,13/07/2025
RESIDENTES,"1,88 €",25.0,28.0,5.0,31.0,no,1.4085465998851205,6653.0,mañana,sábado,distrito 1,2.9,1.0,4.0,29/08/2025
rotación media,"2,18 €",52.0,2.0,4.0,8.0,sí,0.7148643585544759,8074.0,mañana,lunes,distrito 1,1.5,2.0,0.0,11/10/2025
residentes,"2,28 €",24.0,29.0,4.0,46.0,sí,1.1358061510580384,12130.0,mediodía,miércoles,distrito 11,1.5,3.0,0.0,11/09/2025
alta rotación,"2,25 €",53.0,39.0,2.0,159.0,sí,1.1809182151924165,6145.0,tarde,lunes,distrito 1,3.0,3.0,7.0,02/04/2025
ALTA ROTACIÓN,"2,66 €",12.0,17.0,0.0,178.0,no,0.8834220385943163,4617.0,tarde,lunes,distrito 7,4.4,3.0,0.0,01/04/2025
rotación media,"2,24 €",55.0,6.0,3.0,119.0,sí,0.7166152299060853,11101.0,tarde,viernes,distrito 8,2.1,5.0,3.0,26/04/2025
alta rotación,"1,48 €",46.0,20.0,24.0,246.0,no,1.4095696950489875,7433.0,mediodía,martes,distrito 6,1.6,2.0,0.0,24/04/2025
residentes,"1,52 €",49.0,96.0,1.0,56.0,sí,1.475049060905564,5405.0,mediodía,miércoles,distrito 5,1.5,0.0,5.0,15/01/2025
rotación media,"1,99 €",37.0,8.0,11.0,151.0,no,0.9484383473490061,3847.0,tarde,sábado,distrito 8,3.1,4.0,0.0,02/08/2025
residentes,"1,90 €",57.0,54.0,0.0,65.0,sí,1.0027039344408064,6558.0,mañana,lunes,distrito 2,2.3,5.0,5.0,24/01/2025
rotación media,"3,66 €",18.0,15.0,1.0,32.0,sí,0.6178374998243996,5265.0,mediodía,miércoles,distrito 10,4.2,2.0,0.0,25/08/2025
alta rotación,"3,10 €",15.0,10.0,24.0,76.0,sí,0.9239951262344158,2128.0,mañana,miércoles,distrito 6,4.8,0.0,5.0,03/05/2025
ROTACIÓN MEDIA,"2,28 €",45.0,6.0,24.0,20.0,no,1.4338798916475084,3680.0,mediodía,martes,distrito 1,2.4,2.0,0.0,18/03/2025
residentes,"2,19 €",23.0,47.0,4.0,50.0,sí,0.9300819122953324,14019.0,mediodía,lunes,distrito 10,4.0,4.0,0.0,25/07/2025
residentes,"1,48 €",24.0,26.0,7.0,23.0,sí,1.216825645676736,10816.0,mediodía,lunes,distrito 7,3.6,0.0,1.0,05/03/2025
rotacion media,"2,14 €",45.0,16.0,22.0,38.0,sí,1.3517666556134609,11866.0,mediodía,miércoles,distrito 4,1.3,0.0,2.0,14/07/2025
rotación media,"1,46 €",18.0,37.0,17.0,46.0,sí,1.4025194431239443,14004.0,tarde,jueves,distrito 9,2.6,1.0,6.0,17/10/2025
alta rotación,"1,17 €",20.0,50.0,0.0,45.0,no,1.1589330531022086,8535.0,mediodía,martes,distrito 11,0.8,3.0,3.0,06/10/2025
alta rotación,"1,86 €",44.0,23.0,7.0,62.0,no,1.0916316144246043,6154.0,mañana,jueves,distrito 4,3.9,6.0,5.0,05/05/2025
  larga estancia ,"2,48 €",58.0,13.0,41.0,46.0,sí,1.137403890503926,3309.0,tarde,viernes,distrito 9,-99.0,2.0,7.0,25/08/2025
larga estancia,"2,55 €",15.0,0.0,17.0,64.0,no,0.39176423179746284,27146.0,mañana,martes,distrito 6,3.2,1.0,3.0,22/05/2025
alta rotación,"2,78 €",16.0,10.0,22.0,40.0,sí,0.8304343494072008,10569.0,mediodía,martes,distrito 10,4.1,4.0,3.0,02/04/2025
alta rotación,"3,10 €",37.0,13.0,15.0,52.0,sí,0.6668430910525008,9041.0,mañana,miércoles,distrito 10,3.9,1.0,6.0,14/01/2025
alta rotación,"2,95 €",26.0,12.0,16.0,48.0,sí,0.8701796653937366,3978.0,mediodía,martes,distrito 4,2.3,5.0,2.0,23/03/2025
alta rotación,"2,98 €",47.0,28.0,5.0,204.0,sí,0.8485603121291458,10672.0,tarde,sábado,distrito 8,-99.0,2.0,3.0,25/06/2025
rotación media,"3,25 €",42.0,45.0,3.0,72.0,no,0.6788740990537472,17644.0,mañana,jueves,distrito 6,2.4,5.0,1.0,14/08/2025
larga estancia,"1,36 €",42.0,3.0,2.0,113.0,sí,0.4400130392937954,10301.0,mañana,lunes,distrito 8,3.4,4.0,8.0,09/06/2025
rotación media,"1,53 €",12.0,43.0,5.0,144.0,sí,0.9840018454235562,8905.0,mediodía,sábado,distrito 9,-99.0,0.0,7.0,26/07/2025
alta rotacion,"2,63 €",44.0,2.0,14.0,22.0,sí,0.779729586199437,5437.0,mañana,lunes,distrito 11,3.0,6.0,4.0,29/04/2025
alta rotación,"1,60 €",59.0,0.0,16.0,138.0,sí,0.7038419048942909,6441.0,mediodía,jueves,distrito 11,1.8,6.0,0.0,16/08/2025
residentes,"0,56 €",58.0,17.0,7.0,249.0,sí,1.6280401453180129,3381.0,tarde,lunes,distrito 1,4.1,0.0,7.0,06/07/2025
residentes,"2,53 €",31.0,26.0,9.0,73.0,sí,1.0617948277178042,8189.0,mañana,jueves,distrito 11,3.3,4.0,0.0,09/06/2025
  rotación media ,"1,70 €",46.0,11.0,0.0,17.0,no,0.4852095363963313,16487.0,tarde,viernes,distrito 6,-99.0,2.0,3.0,15/08/2025
rotación media,"0,62 €",35.0,20.0,16.0,52.0,sí,1.4986385181929802,5925.0,mañana,viernes,distrito 5,5.9,4.0,1.0,22/06/2025
residentes,"1,16 €",46.0,13.0,4.0,38.0,no,1.239325227712728,15098.0,tarde,viernes,distrito 4,2.7,6.0,3.0,02/03/2025
ROTACIÓN MEDIA,"2,84 €",42.0,10.0,7.0,47.0,sí,1.1469115429483399,8525.0,mediodía,viernes,distrito 5,-99.0,0.0,6.0,20/06/2025
ALTA ROTACIÓN,"2,83 €",32.0,25.0,1.0,25.0,sí,0.6435882834934716,7264.0,mañana,miércoles,distrito 2,4.0,3.0,4.0,11/05/2025
residentes,"1,75 €",53.0,24.0,25.0,77.0,sí,1.5192077180099484,13281.0,tarde,martes,distrito 8,3.9,4.0,6.0,28/03/2025
larga estancia,"3,01 €",7.0,7.0,13.0,25.0,sí,0.5666795648604906,7455.0,tarde,martes,distrito 5,2.6,6.0,4.0,02/07/2025
  larga estancia ,"0,57 €",24.0,23.0,12.0,130.0,sí,1.848526477833759,2927.0,mediodía,viernes,distrito 1,2.0,1.0,8.0,17/03/2025
ROTACIÓN MEDIA,"2,54 €",12.0,19.0,1.0,11.0,sí,1.019022853924017,18419.0,mañana,jueves,distrito 5,2.2,5.0,5.0,01/06/2025
ROTACIÓN MEDIA,"1,92 €",39.0,4.0,3.0,31.0,sí,0.253426087429914,9383.0,mañana,miércoles,distrito 3,-99.0,4.0,6.0,20/03/2025
residentes,"2,65 €",8.0,17.0,2.0,40.0,sí,0.17978588641835025,11232.0,tarde,jueves,distrito 3,2.3,1.0,3.0,02/03/2025
larga estancia,"2,17 €",60.0,9.0,2.0,15.0,no,0.8974084990926428,2842.0,mediodía,sábado,distrito 3,0.8,3.0,7.0,10/10/2025
alta rotación,"2,67 €",55.0,46.0,25.0,154.0,sí,1.1335718404278463,11741.0,mañana,martes,distrito 7,4.6,4.0,6.0,28/02/2025
ROTACIÓN MEDIA,"1,90 €",52.0,40.0,1.0,157.0,sí,0.6058245973182451,7241.0,tarde,jueves,distrito 6,3.0,3.0,6.0,13/10/2025
rotación media,"1,15 €",31.0,14.0,10.0,65.0,sí,1.1607785607729018,24778.0,mañana,miércoles,distrito 10,6.6,4.0,3.0,19/05/2025
larga estancia,"1,95 €",10.0,51.0,4.0,81.0,no,1.1514399179175425,5254.0,tarde,lunes,distrito 10,3.6,6.0,2.0,11/08/2025
larga estancia,"2,10 €",6.0,27.0,0.0,167.0,sí,0.7317534724607964,2586.0,mediodía,jueves,distrito 5,4.8,6.0,7.0,21/02/2025
larga estancia,"2,47 €",34.0,44.0,7.0,28.0,no,1.2538650911772857,11429.0,tarde,martes,distrito 9,4.2,1.0,8.0,23/03/2025
larga estancia,"1,60 €",7.0,16.0,2.0,62.0,sí,0.6514915841333967,9465.0,mañana,martes,distrito 4,1.4,3.0,2.0,31/07/2025
larga estancia,"2,59 €",53.0,27.0,3.0,42.0,no,0.6551895999689263,15859.0,tarde,lunes,distrito 3,2.8,5.0,3.0,07/07/2025
  rotación media ,"1,96 €",21.0,21.0,8.0,111.0,sí,1.1170561432290254,6893.0,mediodía,jueves,distrito 9,5.3,6.0,4.0,24/03/2025
rotación media,"1,86 €",58.0,5.0,34.0,93.0,sí,1.0456026143588524,6314.0,mañana,lunes,distrito 8,1.9,5.0,6.0,12/03/2025
residentes,"2,83 €",20.0,9.0,6.0,105.0,sí,0.5943164400738814,4030.0,tarde,martes,distrito 3,-99.0,4.0,7.0,07/01/2025
rotación media,"2,18 €",38.0,56.0,7.0,27.0,no,1.3910344495866205,3734.0,mediodía,sábado,distrito 2,4.2,6.0,8.0,29/01/2025
larga estancia,"1,33 €",8.0,38.0,15.0,20.0,sí,1.3073809704594426,8483.0,mediodía,sábado,distrito 10,4.7,4.0,3.0,12/08/2025
  residentes ,"2,61 €",24.0,14.0,30.0,68.0,sí,0.9542565977963536,15317.0,mañana,lunes,distrito 10,1.4,3.0,3.0,07/09/2025
alta rotación,"2,99 €",29.0,25.0,5.0,73.0,no,0.9944928849016478,24855.0,mañana,sábado,distrito 1,2.3,6.0,5.0,23/06/2025
residentes,"3,13 €",12.0,14.0,8.0,42.0,no,0.7770734401622583,10683.0,mediodía,sábado,distrito 3,5.3,2.0,6.0,02/02/2025
larga estancia,"1,67 €",58.0,60.0,1.0,144.0,sí,1.2715334605944233,17690.0,mañana,sábado,distrito 2,3.8,1.0,6.0,13/07/2025
LARGA ESTANCIA,"3,06 €",54.0,19.0,7.0,73.0,sí,0.45932841245559763,9743.0,mañana,miércoles,distrito 6,2.5,4.0,4.0,09/04/2025
  larga estancia ,"2,60 €",26.0,13.0,1.0,19.0,sí,0.8954819153838968,10545.0,mañana,miércoles,distrito 6,4.2,2.0,5.0,18/05/2025
  rotación media ,"1,59 €",32.0,5.0,10.0,2.0,sí,1.257371185196438,7249.0,mediodía,martes,distrito 11,4.6,1.0,0.0,27/09/2025
alta rotación,"2,41 €",56.0,14.0,3.0,216.0,sí,0.3778707512280016,4302.0,mediodía,miércoles,distrito 11,2.1,5.0,5.0,09/06/2025
LARGA ESTANCIA,"2,33 €",9.0,17.0,6.0,45.0,sí,0.6827159318610764,20864.0,mediodía,jueves,distrito 4,4.3,0.0,0.0,05/08/2025
rotación media,"2,31 €",59.0,63.0,0.0,125.0,sí,0.9079530919293796,10987.0,mañana,martes,distrito 4,2.7,3.0,6.0,02/07/2025
alta rotación,"1,14 €",16.0,5.0,10.0,94.0,sí,0.8650880021808934,5791.0,mañana,viernes,distrito 7,2.7,2.0,1.0,02/02/2025
larga estancia,"2,06 €",31.0,30.0,6.0,54.0,sí,1.1471490858732452,6747.0,tarde,viernes,distrito 2,2.9,4.0,6.0,16/03/2025
rotación media,"1,60 €",11.0,53.0,8.0,48.0,no,1.5939512890547567,10392.0,tarde,sábado,distrito 7,3.3,1.0,2.0,09/10/2025
alta rotación,"2,48 €",53.0,12.0,6.0,75.0,no,0.7772522170018894,8408.0,mediodía,viernes,distrito 10,1.6,4.0,4.0,15/06/2025
ALTA ROTACIÓN,"2,91 €",29.0,4.0,10.0,26.0,no,1.1260029065544512,10406.0,tarde,jueves,distrito 2,-99.0,6.0,3.0,05/10/2025
LARGA ESTANCIA,"2,88 €",29.0,10.0,13.0,6.0,no,0.49467777181107636,3669.0,mediodía,miércoles,distrito 2,2.4,1.0,0.0,20/06/2025
larga estancia,"1,83 €",38.0,1.0,14.0,60.0,no,1.1148238064254048,9917.0,mañana,martes,distrito 11,4.1,1.0,4.0,06/10/2025
  alta rotación ,"1,74 €",24.0,6.0,14.0,18.0,sí,1.0466413330160504,7507.0,mañana,lunes,distrito 5,4.2,2.0,6.0,09/08/2025
LARGA ESTANCIA,"1,19 €",52.0,38.0,9.0,125.0,sí,1.5539236294951555,15173.0,tarde,lunes,distrito 6,2.2,0.0,7.0,01/07/2025
residentes,"1,19 €",29.0,16.0,7.0,132.0,no,1.4690911197645018,19300.0,tarde,jueves,distrito 2,3.2,0.0,4.0,22/01/2025
  rotación media ,"2,70 €",54.0,13.0,7.0,96.0,sí,0.6515796423455086,18673.0,tarde,lunes,distrito 2,4.3,4.0,0.0,19/03/2025
alta rotación,"1,42 €",38.0,15.0,12.0,36.0,sí,1.2370354118299982,14562.0,tarde,martes,distrito 2,3.2,1.0,8.0,06/07/2025
  alta rotación ,"2,79 €",25.0,26.0,24.0,11.0,sí,1.2258216051713333,15019.0,tarde,viernes,distrito 2,4.7,2.0,6.0,22/09/2025
rotación media,"2,60 €",45.0,12.0,40.0,47.0,sí,1.3011434323538995,20861.0,mediodía,miércoles,distrito 11,3.5,2.0,7.0,09/05/2025
rotación media,"2,11 €",26.0,15.0,9.0,47.0,sí,0.8729889050262123,5098.0,mañana,lunes,distrito 7,2.9,2.0,0.0,10/08/2025
larga estancia,"2,33 €",22.0,57.0,36.0,4.0,sí,1.2620170505899364,8214.0,mediodía,martes,distrito 5,1.8,4.0,2.0,07/09/2025
  residentes ,"0,80 €",8.0,19.0,11.0,1.0,sí,1.7042691094830413,8134.0,mañana,sábado,distrito 5,2.8,3.0,1.0,14/06/2025
  rotación media ,"2,55 €",48.0,23.0,5.0,78.0,sí,0.7713357598379375,10899.0,mañana,martes,distrito 6,4.2,2.0,5.0,24/01/2025
residentes,"1,79 €",30.0,51.0,5.0,45.0,sí,1.0475679136934766,10732.0,mediodía,viernes,distrito 7,1.3,5.0,0.0,20/09/2025
RESIDENTES,"3,77 €",27.0,17.0,2.0,88.0,sí,0.25882387821517294,4939.0,tarde,sábado,distrito 1,2.5,6.0,6.0,25/02/2025
alta rotacion,"1,98 €",13.0,39.0,13.0,86.0,sí,1.4060779352862793,5939.0,mañana,jueves,distrito 5,1.6,5.0,1.0,04/06/2025
larga estancia,"1,95 €",18.0,36.0,15.0,70.0,sí,0.8733548949516328,13212.0,tarde,jueves,distrito 4,4.8,2.0,1.0,21/10/2025
rotación media,"2,18 €",7.0,30.0,30.0,48.0,sí,1.3135798468676252,6660.0,mediodía,jueves,distrito 6,3.1,0.0,4.0,09/03/2025
larga estancia,"1,61 €",44.0,19.0,5.0,101.0,sí,1.146578704347136,4572.0,mañana,lunes,distrito 11,2.6,5.0,4.0,02/02/2025
residentes,"1,56 €",41.0,23.0,2.0,35.0,no,1.2180584604432239,9245.0,mediodía,martes,distrito 2,4.6,6.0,3.0,06/09/2025
larga estancia,"3,51 €",10.0,10.0,19.0,106.0,sí,0.29989228437476134,11651.0,tarde,martes,distrito 10,0.8,2.0,1.0,09/02/2025
alta rotación,"2,54 €",24.0,0.0,8.0,38.0,sí,0.5313555567430838,6560.0,mañana,martes,distrito 1,3.0,2.0,7.0,02/03/2025
larga estancia,"2,53 €",12.0,32.0,7.0,165.0,sí,0.6618796389246406,7681.0,mañana,jueves,distrito 4,1.2,0.0,7.0,01/06/2025
residentes,"3,29 €",6.0,11.0,8.0,105.0,sí,0.49595615031686857,7366.0,tarde,jueves,distrito 8,2.1,2.0,8.0,28/07/2025
residentes,"3,15 €",45.0,7.0,24.0,70.0,sí,0.821260427805194,16041.0,mañana,martes,distrito 2,4.0,5.0,3.0,27/01/2025
rotación media,"1,27 €",37.0,9.0,10.0,48.0,no,1.3236433467290851,4329.0,mañana,viernes,distrito 5,4.5,5.0,2.0,17/07/2025
residentes,"1,04 €",18.0,9.0,3.0,32.0,sí,1.0655891707406704,9934.0,tarde,jueves,distrito 6,5.4,5.0,3.0,05/03/2025
larga estancia,"0,99 €",15.0,8.0,3.0,179.0,sí,1.0474049849965592,8620.0,mediodía,jueves,distrito 1,2.1,0.0,3.0,24/08/2025
alta rotación,"1,24 €",50.0,73.0,44.0,29.0,no,2.2102345189124737,9537.0,mediodía,miércoles,distrito 3,3.5,6.0,6.0,23/04/2025
alta rotación,"1,85 €",38.0,2.0,4.0,75.0,sí,0.43801190744593793,10599.0,tarde,jueves,distrito 3,1.6,0.0,8.0,16/10/2025
LARGA ESTANCIA,"2,01 €",60.0,3.0,24.0,17.0,sí,0.6514225863268659,9565.0,mañana,jueves,distrito 7,2.5,0.0,4.0,18/02/2025
LARGA ESTANCIA,"2,10 €",50.0,30.0,3.0,29.0,sí,1.0191915281713315,19649.0,tarde,sábado,distrito 3,5.4,3.0,5.0,04/03/2025
rotación media,"1,64 €",20.0,20.0,7.0,160.0,sí,1.0093011524951108,4620.0,tarde,lunes,distrito 1,4.3,4.0,7.0,12/07/2025
larga estancia,"0,84 €",59.0,11.0,3.0,90.0,no,1.0440935816507877,4963.0,mediodía,lunes,distrito 4,2.2,3.0,3.0,22/10/2025
residentes,"1,73 €",34.0,38.0,10.0,442.0,no,1.7814634007585475,17758.0,mañana,jueves,distrito 9,3.3,5.0,4.0,01/07/2025
  residentes ,"3,76 €",46.0,16.0,6.0,21.0,sí,1.1097098448282778,6000.0,tarde,sábado,distrito 9,2.8,2.0,1.0,02/02/2025
  alta rotación ,"3,09 €",10.0,32.0,36.0,45.0,sí,1.1258890147093923,7774.0,mañana,martes,distrito 6,3.7,1.0,4.0,21/04/2025
  alta rotación ,"1,76 €",14.0,15.0,1.0,33.0,sí,0.9308541192559917,8662.0,tarde,sábado,distrito 4,3.1,6.0,8.0,16/10/2025
rotacion media,"0,62 €",8.0,21.0,5.0,207.0,no,1.5847227118202112,6798.0,mañana,jueves,distrito 1,3.3,2.0,0.0,27/08/2025
larga estancia,"2,81 €",55.0,17.0,3.0,80.0,no,1.101101075640817,20538.0,mañana,lunes,distrito 8,3.3,2.0,1.0,03/09/2025
rotación media,"2,31 €",7.0,9.0,11.0,99.0,no,1.0721726495834436,4637.0,mañana,viernes,distrito 10,3.9,2.0,1.0,08/04/2025
larga estancia,"0,59 €",27.0,1.0,0.0,75.0,sí,0.5071849306431716,11127.0,tarde,viernes,distrito 10,3.0,1.0,1.0,10/07/2025
larga estancia,"1,65 €",57.0,14.0,3.0,122.0,sí,0.5824693491708078,15536.0,mediodía,sábado,distrito 7,4.3,5.0,5.0,22/09/2025
ROTACIÓN MEDIA,"1,92 €",33.0,8.0,0.0,98.0,no,0.7764129486967495,11627.0,tarde,martes,distrito 11,4.5,4.0,5.0,18/09/2025
alta rotación,"2,79 €",53.0,44.0,0.0,30.0,sí,0.9298745308681273,24476.0,mañana,lunes,distrito 1,3.3,0.0,4.0,16/08/2025
larga estancia,"2,67 €",45.0,13.0,5.0,158.0,sí,0.8057845587332496,5825.0,mediodía,miércoles,distrito 11,3.2,2.0,8.0,16/10/2025
residentes,"3,97 €",57.0,11.0,14.0,47.0,sí,0.8750557140559041,17912.0,mañana,miércoles,distrito 1,5.0,3.0,0.0,06/04/2025
ALTA ROTACIÓN,"1,82 €",28.0,13.0,12.0,157.0,sí,0.8766138119618054,3586.0,mediodía,viernes,distrito 1,4.8,6.0,3.0,24/08/2025
rotación media,"1,80 €",34.0,21.0,0.0,92.0,sí,1.0037192702747393,10286.0,tarde,lunes,distrito 8,-99.0,3.0,6.0,17/05/2025
larga estancia,"1,15 €",53.0,6.0,27.0,32.0,sí,1.2463101077374725,9945.0,mediodía,martes,distrito 5,1.7,6.0,6.0,14/05/2025
residentes,"2,31 €",13.0,48.0,3.0,25.0,sí,0.7597935208727645,3928.0,tarde,lunes,distrito 8,5.3,5.0,4.0,26/07/2025
residentes,"2,65 €",47.0,46.0,9.0,241.0,sí,1.1457498263948358,8889.0,mediodía,jueves,distrito 11,4.0,2.0,1.0,25/01/2025
residentes,"1,45 €",18.0,20.0,1.0,92.0,sí,1.0533114447705685,5174.0,tarde,miércoles,distrito 5,3.9,5.0,0.0,28/03/2025
larga estancia,"2,23 €",39.0,19.0,12.0,111.0,sí,0.5813950253295695,2964.0,mediodía,jueves,distrito 10,3.3,3.0,4.0,09/06/2025
LARGA ESTANCIA,"1,10 €",7.0,26.0,26.0,0.0,sí,1.2823690031648665,3644.0,mediodía,jueves,distrito 9,3.5,3.0,0.0,07/04/2025
rotación media,"2,02 €",52.0,29.0,7.0,190.0,sí,1.1718603807162922,4358.0,tarde,sábado,distrito 5,4.3,4.0,6.0,29/07/2025
LARGA ESTANCIA,"1,38 €",32.0,49.0,3.0,72.0,sí,1.0270795797801464,10278.0,mañana,jueves,distrito 3,2.2,0.0,5.0,01/11/2025
  rotación media ,"2,02 €",13.0,23.0,32.0,48.0,sí,1.6071324171067372,8724.0,mediodía,lunes,distrito 6,2.3,0.0,2.0,25/01/2025
larga estancia,"2,62 €",16.0,16.0,21.0,30.0,sí,0.7292514733693731,5777.0,mañana,sábado,distrito 3,4.1,4.0,0.0,31/07/2025
alta rotación,"1,23 €",26.0,19.0,8.0,67.0,no,1.7566032633374844,11004.0,mañana,lunes,distrito 9,4.7,6.0,7.0,16/03/2025
alta rotación,"2,65 €",53.0,47.0,12.0,39.0,sí,0.9772634094821849,10036.0,mediodía,sábado,distrito 1,4.0,3.0,1.0,14/05/2025
larga estancia,"1,78 €",60.0,0.0,29.0,265.0,no,0.6658614454978572,27483.0,mañana,jueves,distrito 3,3.3,1.0,5.0,28/10/2025
larga estancia,"1,03 €",26.0,24.0,17.0,167.0,sí,1.36022500408877,14651.0,mañana,martes,distrito 11,1.9,1.0,2.0,30/01/2025
larga estancia,"3,17 €",55.0,14.0,12.0,84.0,sí,0.839630033346583,8135.0,mediodía,lunes,distrito 4,-99.0,4.0,7.0,05/02/2025
alta rotación,"1,61 €",45.0,44.0,14.0,19.0,sí,1.55029984463495,2909.0,mañana,viernes,distrito 3,1.9,3.0,0.0,17/10/2025
larga estancia,"2,64 €",9.0,18.0,12.0,14.0,no,1.1308510575327846,6068.0,mediodía,miércoles,distrito 9,1.5,1.0,2.0,15/06/2025
alta rotación,"1,83 €",17.0,26.0,14.0,44.0,sí,1.4802129958484331,11917.0,mediodía,sábado,distrito 2,3.8,6.0,3.0,21/04/2025
larga estancia,"1,09 €",20.0,44.0,1.0,106.0,no,1.444033188895963,11067.0,mediodía,viernes,distrito 4,3.9,2.0,2.0,12/01/2025
rotación media,"0,66 €",59.0,1.0,27.0,49.0,sí,1.589006221737117,16300.0,mañana,jueves,distrito 3,5.0,1.0,0.0,17/01/2025
rotación media,"2,39 €",29.0,7.0,4.0,80.0,sí,0.547030007525291,7612.0,mediodía,martes,distrito 4,3.6,5.0,1.0,08/08/2025
  rotación media ,"2,61 €",46.0,33.0,1.0,44.0,no,1.1426162219615166,7189.0,mediodía,lunes,distrito 6,2.6,4.0,2.0,22/02/2025
alta rotación,"1,57 €",51.0,13.0,3.0,107.0,sí,0.7806382301989354,8434.0,mañana,lunes,distrito 8,2.1,5.0,1.0,05/02/2025
rotación media,"3,33 €",42.0,28.0,13.0,22.0,no,0.9134718475885039,6105.0,tarde,viernes,distrito 1,-99.0,0.0,0.0,06/06/2025
rotacion media,"1,56 €",19.0,85.0,8.0,186.0,sí,1.1582659037388443,21398.0,mañana,lunes,distrito 10,5.1,5.0,6.0,03/08/2025
alta rotación,"1,23 €",54.0,12.0,48.0,2.0,sí,1.7790980529280043,13042.0,tarde,lunes,distrito 2,3.4,0.0,5.0,22/10/2025
alta rotación,"2,65 €",42.0,16.0,1.0,25.0,sí,0.7583318696933609,5351.0,tarde,viernes,distrito 3,5.8,5.0,5.0,03/03/2025
alta rotación,"2,28 €",40.0,1.0,17.0,15.0,no,0.7818866047307773,20022.0,tarde,jueves,distrito 10,2.5,3.0,8.0,11/05/2025
alta rotación,"2,25 €",46.0,42.0,4.0,229.0,sí,0.9594789456235802,11930.0,tarde,viernes,distrito 1,4.6,0.0,8.0,06/06/2025
alta rotacion,"2,40 €",58.0,34.0,28.0,102.0,sí,0.6920081681812156,17723.0,tarde,lunes,distrito 1,1.9,4.0,4.0,23/10/2025
residentes,"0,98 €",28.0,12.0,10.0,52.0,sí,1.3908653057443294,12964.0,mañana,sábado,distrito 9,5.1,3.0,0.0,28/10/2025
alta rotación,"0,76 €",39.0,74.0,15.0,103.0,no,2.0647179453751336,5054.0,mañana,martes,distrito 2,3.6,6.0,4.0,24/07/2025
larga estancia,"2,16 €",28.0,60.0,6.0,45.0,no,1.0115994344057475,3846.0,mediodía,jueves,distrito 5,2.8,6.0,4.0,17/05/2025
ALTA ROTACIÓN,"1,49 €",55.0,32.0,22.0,32.0,sí,1.4484302429405735,9446.0,mañana,martes,distrito 1,2.1,5.0,5.0,18/02/2025
alta rotación,"2,15 €",43.0,8.0,3.0,67.0,no,0.7952967337441587,5780.0,tarde,viernes,distrito 5,3.1,0.0,3.0,18/09/2025
larga estancia,"2,55 €",21.0,9.0,0.0,36.0,sí,0.2945286823075274,11632.0,mañana,lunes,distrito 6,2.1,2.0,6.0,12/08/2025
rotación media,"1,55 €",8.0,9.0,3.0,15.0,sí,1.1944432691118023,8613.0,mañana,sábado,distrito 3,3.7,4.0,3.0,07/07/2025
  larga estancia ,"1,69 €",24.0,27.0,4.0,59.0,sí,0.9241105635762243,37882.0,tarde,sábado,distrito 7,3.6,5.0,8.0,21/08/2025
larga estancia,"1,19 €",55.0,50.0,5.0,24.0,sí,1.5899718796142897,19419.0,mañana,lunes,distrito 7,2.4,4.0,5.0,14/07/2025
residentes,"0,66 €",49.0,23.0,8.0,191.0,sí,1.0825109133458364,7642.0,mediodía,miércoles,distrito 9,2.9,0.0,3.0,01/03/2025
rotación media,"2,40 €",41.0,25.0,24.0,202.0,sí,1.1380606589704532,3154.0,mañana,jueves,distrito 4,2.6,3.0,1.0,23/04/2025
ROTACIÓN MEDIA,"2,30 €",33.0,9.0,5.0,26.0,sí,0.6987462796224753,21189.0,mediodía,lunes,distrito 7,4.3,6.0,0.0,15/06/2025
larga estancia,"2,61 €",22.0,17.0,15.0,12.0,no,0.9700818462434054,6719.0,tarde,martes,distrito 7,3.7,4.0,8.0,10/07/2025
larga estancia,"0,95 €",6.0,19.0,1.0,10.0,sí,0.9813453526993811,6035.0,mañana,viernes,distrito 5,5.1,2.0,2.0,17/05/2025
rotación media,"2,26 €",17.0,39.0,7.0,130.0,sí,1.1163578902067215,7736.0,mediodía,lunes,distrito 4,4.2,2.0,4.0,18/07/2025
residentes,"2,25 €",15.0,26.0,5.0,70.0,sí,1.1773912629261694,9323.0,mañana,sábado,distrito 6,3.9,0.0,6.0,18/08/2025
ROTACIÓN MEDIA,"2,25 €",40.0,4.0,2.0,44.0,no,0.5114242839324596,5475.0,mediodía,martes,distrito 11,0.9,5.0,8.0,12/08/2025
  alta rotación ,"1,38 €",16.0,8.0,8.0,133.0,sí,1.1028138006156412,3653.0,mediodía,miércoles,distrito 11,4.0,5.0,3.0,06/07/2025
residentes,"2,71 €",24.0,7.0,3.0,4.0,sí,0.7364100173794099,8337.0,mañana,miércoles,distrito 4,2.5,4.0,7.0,25/05/2025
rotacion media,"1,76 €",19.0,22.0,14.0,148.0,no,1.1529530242719117,14291.0,mañana,jueves,distrito 1,1.8,1.0,6.0,25/04/2025
  larga estancia ,"1,02 €",30.0,20.0,2.0,63.0,no,1.4380002200473379,7598.0,mañana,viernes,distrito 11,2.7,6.0,6.0,13/02/2025
larga estancia,"1,96 €",33.0,42.0,0.0,156.0,sí,0.5852488762140586,8512.0,mediodía,martes,distrito 1,-99.0,3.0,3.0,12/01/2025
rotación media,"1,79 €",15.0,9.0,1.0,65.0,sí,0.4121369167315366,7612.0,tarde,miércoles,distrito 4,5.1,5.0,6.0,22/09/2025
residentes,"1,70 €",20.0,20.0,16.0,40.0,no,1.6770086076742565,14763.0,tarde,viernes,distrito 1,2.8,6.0,5.0,06/05/2025
residentes,"2,62 €",55.0,52.0,7.0,69.0,sí,1.1426910970043467,17636.0,mañana,jueves,distrito 11,3.0,2.0,6.0,09/10/2025
alta rotación,"2,79 €",38.0,14.0,8.0,82.0,sí,0.7391653609510422,3426.0,mediodía,jueves,distrito 8,6.9,3.0,5.0,29/07/2025
larga estancia,"2,45 €",45.0,38.0,8.0,30.0,sí,1.0348645177359659,19423.0,mediodía,lunes,distrito 7,3.2,6.0,1.0,26/07/2025
rotación media,"3,21 €",34.0,36.0,17.0,80.0,sí,0.9992169362485946,13587.0,mañana,sábado,distrito 1,4.2,5.0,4.0,02/08/2025
rotación media,"2,69 €",16.0,8.0,6.0,65.0,no,0.8750221988868491,3735.0,mediodía,lunes,distrito 11,0.8,6.0,1.0,04/10/2025
alta rotación,"1,67 €",23.0,37.0,0.0,235.0,sí,0.91108824056892,20371.0,mañana,lunes,distrito 3,4.8,4.0,4.0,07/10/2025
ALTA ROTACIÓN,"1,70 €",35.0,3.0,6.0,40.0,sí,0.998847609918445,9639.0,mediodía,miércoles,distrito 7,3.5,1.0,4.0,04/05/2025
rotación media,"2,38 €",32.0,10.0,0.0,70.0,sí,0.6108673485790161,19953.0,tarde,martes,distrito 6,3.2,0.0,4.0,07/10/2025
rotación media,"2,22 €",20.0,25.0,6.0,9.0,sí,1.1296384820329954,6595.0,mañana,viernes,distrito 4,5.6,2.0,8.0,27/09/2025
rotación media,"2,76 €",12.0,22.0,7.0,41.0,sí,1.0282236515936842,20336.0,mediodía,martes,distrito 10,2.8,4.0,0.0,01/09/2025
alta rotación,"3,49 €",11.0,12.0,22.0,75.0,no,1.060844094281308,17765.0,tarde,lunes,distrito 5,4.5,6.0,4.0,09/07/2025
rotación media,"3,74 €",8.0,22.0,0.0,234.0,sí,0.32477770626665214,6286.0,tarde,jueves,distrito 3,4.9,5.0,2.0,27/02/2025
rotación media,"1,01 €",18.0,10.0,31.0,66.0,sí,1.4829549609115766,6556.0,mañana,viernes,distrito 6,5.1,6.0,8.0,13/04/2025
  residentes ,"2,36 €",50.0,12.0,16.0,23.0,sí,1.0051691504190277,1847.0,mañana,sábado,distrito 4,2.1,1.0,2.0,20/07/2025
residentes,"3,01 €",31.0,10.0,32.0,133.0,sí,0.4874503575265852,12483.0,tarde,miércoles,distrito 4,5.5,6.0,0.0,18/04/2025
  alta rotación ,"2,49 €",15.0,15.0,14.0,109.0,sí,1.0190104037828074,22581.0,tarde,martes,distrito 7,5.6,6.0,5.0,09/01/2025
  rotación media ,"2,33 €",13.0,20.0,0.0,126.0,sí,0.39641628180157173,10466.0,mañana,sábado,distrito 3,5.5,1.0,8.0,21/10/2025
rotacion media,"1,97 €",48.0,3.0,20.0,146.0,no,0.5503070022708036,4629.0,mediodía,miércoles,distrito 7,3.8,0.0,4.0,05/03/2025
larga estancia,"0,67 €",14.0,9.0,18.0,124.0,sí,1.5531211415148902,4581.0,mañana,martes,distrito 4,3.4,6.0,5.0,13/09/2025
rotación media,"0,92 €",51.0,21.0,5.0,15.0,sí,1.6479669776650863,8689.0,mediodía,jueves,distrito 3,2.3,1.0,5.0,15/07/2025
alta rotación,"2,37 €",33.0,32.0,9.0,67.0,sí,1.2226224901889964,4857.0,tarde,sábado,distrito 5,3.7,6.0,3.0,31/01/2025
rotación media,"1,19 €",32.0,6.0,8.0,108.0,no,1.0062585207202526,7382.0,mediodía,jueves,distrito 7,3.5,5.0,6.0,12/06/2025
residentes,"2,37 €",36.0,22.0,17.0,41.0,sí,0.7868598451993701,16219.0,tarde,jueves,distrito 1,5.1,2.0,0.0,24/06/2025
rotacion media,"1,95 €",42.0,15.0,2.0,40.0,no,1.2670090709877655,11774.0,tarde,miércoles,distrito 10,4.8,1.0,4.0,30/07/2025
alta rotación,"2,24 €",39.0,2.0,0.0,41.0,sí,0.7779388920289063,21683.0,mañana,jueves,distrito 10,4.6,1.0,1.0,30/10/2025
rotación media,"3,34 €",48.0,5.0,4.0,45.0,sí,0.617436974500673,15585.0,mañana,martes,distrito 8,3.7,6.0,4.0,15/08/2025
larga estancia,"1,58 €",44.0,95.0,10.0,81.0,no,1.7001801172829414,6429.0,tarde,jueves,distrito 9,3.2,3.0,6.0,30/08/2025
rotación media,"2,36 €",45.0,33.0,6.0,55.0,sí,1.3248009605281061,9803.0,tarde,sábado,distrito 2,1.7,3.0,1.0,13/04/2025
alta rotación,"1,84 €",20.0,21.0,5.0,35.0,sí,1.0922361667459004,8321.0,mañana,viernes,distrito 2,3.4,2.0,7.0,08/09/2025
  rotación media ,"1,42 €",33.0,39.0,2.0,9.0,no,1.318797486883634,17891.0,mañana,viernes,distrito 7,3.2,0.0,8.0,25/01/2025
rotación media,"2,26 €",34.0,42.0,4.0,121.0,sí,1.1544014114178078,4205.0,mañana,viernes,distrito 6,3.7,3.0,6.0,09/03/2025
residentes,"1,22 €",43.0,16.0,6.0,44.0,sí,1.1107536899984152,12536.0,mañana,lunes,distrito 11,4.3,1.0,4.0,25/04/2025
larga estancia,"2,04 €",43.0,19.0,3.0,18.0,sí,0.45596526855090935,9088.0,mañana,lunes,distrito 3,6.3,2.0,7.0,30/10/2025
alta rotación,"1,68 €",58.0,18.0,2.0,163.0,sí,0.9749148955676216,4784.0,mediodía,miércoles,distrito 7,1.9,0.0,6.0,19/05/2025
ROTACIÓN MEDIA,"1,66 €",52.0,27.0,2.0,53.0,no,1.3094408851702108,9479.0,tarde,viernes,distrito 9,3.1,4.0,6.0,01/05/2025
alta rotación,"1,04 €",19.0,51.0,2.0,53.0,sí,1.425378858888955,11425.0,mañana,miércoles,distrito 6,3.7,1.0,6.0,20/03/2025
rotacion media,"2,48 €",19.0,22.0,1.0,10.0,no,1.0712686676643193,7380.0,mañana,miércoles,distrito 2,2.1,5.0,3.0,07/06/2025
larga estancia,"2,76 €",15.0,31.0,7.0,9.0,sí,0.8333416622378677,6959.0,mediodía,martes,distrito 7,4.0,5.0,7.0,07/07/2025
alta rotación,"1,47 €",19.0,2.0,3.0,8.0,no,0.8572703839603125,2424.0,tarde,viernes,distrito 11,3.1,6.0,0.0,24/01/2025
rotacion media,"2,47 €",44.0,21.0,12.0,219.0,no,0.9814607539160388,2518.0,tarde,jueves,distrito 4,5.0,4.0,3.0,13/01/2025
residentes,"2,74 €",42.0,6.0,3.0,15.0,no,0.7243643798349606,4905.0,mediodía,martes,distrito 5,3.0,3.0,5.0,11/04/2025
alta rotación,"2,73 €",25.0,11.0,9.0,28.0,sí,0.7293905507725271,10009.0,mediodía,martes,distrito 3,1.0,2.0,0.0,06/05/2025
alta rotación,"1,88 €",23.0,34.0,3.0,57.0,sí,1.0222798502602286,10771.0,mediodía,miércoles,distrito 11,2.4,1.0,5.0,13/05/2025
residentes,"2,85 €",12.0,12.0,0.0,83.0,no,0.9228011145468238,7201.0,mañana,sábado,distrito 7,1.0,6.0,1.0,20/09/2025
larga estancia,"1,03 €",57.0,37.0,6.0,35.0,sí,1.2221708383112295,1793.0,mediodía,jueves,distrito 8,3.7,0.0,3.0,10/04/2025
rotación media,"3,01 €",59.0,3.0,32.0,58.0,sí,0.649102717730027,13187.0,mañana,jueves,distrito 9,-99.0,1.0,5.0,05/03/2025
larga estancia,"2,32 €",33.0,12.0,5.0,44.0,sí,0.8016420654786025,5431.0,mediodía,jueves,distrito 10,2.5,2.0,6.0,18/09/2025
larga estancia,"2,26 €",38.0,27.0,6.0,88.0,sí,1.069929967745916,6346.0,tarde,jueves,distrito 6,3.4,1.0,4.0,30/07/2025
LARGA ESTANCIA,"4,20 €",26.0,1.0,10.0,168.0,sí,-0.05464225459023503,6772.0,mañana,martes,distrito 8,3.7,3.0,8.0,23/01/2025
rotación media,"1,80 €",10.0,13.0,4.0,29.0,no,0.9675988290238076,9277.0,mediodía,sábado,distrito 11,3.1,4.0,8.0,13/04/2025
alta rotación,"1,48 €",25.0,20.0,9.0,11.0,no,1.522984439059924,14744.0,mediodía,lunes,distrito 4,2.2,6.0,8.0,12/04/2025
larga estancia,"1,71 €",11.0,9.0,1.0,42.0,no,0.9292444458535265,4995.0,mediodía,sábado,distrito 10,3.3,5.0,1.0,12/07/2025
ROTACIÓN MEDIA,"1,79 €",27.0,25.0,0.0,26.0,sí,1.0357497704423706,12842.0,tarde,jueves,distrito 6,0.9,5.0,1.0,19/10/2025
residentes,"1,95 €",60.0,4.0,12.0,83.0,sí,0.9065323886664105,5837.0,mediodía,sábado,distrito 5,3.9,2.0,1.0,05/05/2025
  rotación media ,"2,36 €",60.0,17.0,15.0,135.0,sí,0.8056808936764421,2964.0,mañana,martes,distrito 10,3.8,0.0,3.0,31/07/2025
alta rotacion,"1,45 €",18.0,2.0,5.0,139.0,sí,0.7418601860788397,12079.0,mañana,miércoles,distrito 8,3.6,4.0,3.0,29/09/2025
larga estancia,"2,45 €",32.0,5.0,27.0,57.0,sí,0.23340751282954808,15866.0,mañana,sábado,distrito 1,5.3,2.0,3.0,29/09/2025
rotación media,"1,87 €",48.0,5.0,3.0,86.0,no,0.8238308242687062,8840.0,mediodía,miércoles,distrito 5,-99.0,2.0,0.0,26/10/2025
LARGA ESTANCIA,"1,06 €",37.0,20.0,9.0,8.0,no,1.6183746462917667,11696.0,mañana,lunes,distrito 10,4.2,1.0,6.0,07/09/2025
  residentes ,"0,50 €",21.0,20.0,4.0,38.0,sí,1.6962027811979072,9176.0,mediodía,jueves,distrito 4,0.8,3.0,6.0,26/05/2025
  larga estancia ,"1,51 €",14.0,24.0,6.0,143.0,sí,0.9348959814579703,12721.0,mediodía,lunes,distrito 5,4.0,4.0,8.0,27/01/2025
residentes,"1,67 €",43.0,46.0,3.0,102.0,sí,1.4980581651812352,5411.0,mañana,lunes,distrito 11,2.5,1.0,3.0,05/07/2025
larga estancia,"2,09 €",19.0,22.0,2.0,11.0,sí,0.9153800364983857,7800.0,mediodía,jueves,distrito 6,-99.0,5.0,8.0,21/04/2025
residentes,"2,70 €",24.0,13.0,27.0,16.0,sí,0.8234775971309948,3373.0,mediodía,viernes,distrito 6,1.7,4.0,4.0,21/04/2025
alta rotación,"2,13 €",46.0,34.0,9.0,10.0,no,1.3112545156578712,6541.0,tarde,sábado,distrito 9,3.3,5.0,2.0,19/02/2025
  rotación media ,"2,29 €",18.0,2.0,20.0,44.0,sí,0.8738992329190959,5051.0,mañana,jueves,distrito 3,1.8,5.0,0.0,31/03/2025
rotacion media,"1,10 €",36.0,39.0,1.0,168.0,sí,1.3058028333545086,9381.0,mañana,viernes,distrito 1,2.0,5.0,3.0,02/09/2025
rotación media,"3,67 €",55.0,30.0,1.0,60.0,no,0.7908685771687822,9443.0,mediodía,viernes,distrito 10,2.8,6.0,3.0,10/09/2025
  alta rotación ,"2,65 €",22.0,35.0,6.0,42.0,no,1.048800888086755,12290.0,mañana,miércoles,distrito 7,6.3,2.0,8.0,13/07/2025
rotacion media,"2,95 €",29.0,17.0,4.0,123.0,no,0.7198093995971862,7446.0,tarde,miércoles,distrito 9,4.5,4.0,8.0,12/10/2025
alta rotación,"1,87 €",16.0,8.0,2.0,68.0,sí,0.9337504838683515,13635.0,mañana,sábado,distrito 8,3.2,1.0,2.0,26/02/2025
ALTA ROTACIÓN,"3,62 €",51.0,34.0,15.0,6.0,sí,1.2493581985297608,18337.0,mañana,lunes,distrito 4,5.3,6.0,6.0,16/08/2025
residentes,"2,04 €",7.0,33.0,6.0,60.0,sí,1.3078558476652338,9135.0,mañana,viernes,distrito 6,3.9,2.0,0.0,12/02/2025
  rotación media ,"1,35 €",7.0,26.0,10.0,82.0,sí,1.3931946277086336,16549.0,mediodía,martes,distrito 10,4.0,6.0,8.0,02/03/2025
ROTACIÓN MEDIA,"2,42 €",6.0,12.0,8.0,189.0,sí,0.7725532334482976,4391.0,tarde,martes,distrito 10,5.6,5.0,2.0,06/05/2025
alta rotación,"3,14 €",8.0,24.0,6.0,44.0,sí,0.9086260313482404,4017.0,mediodía,viernes,distrito 5,-99.0,2.0,1.0,13/02/2025
larga estancia,"2,61 €",25.0,14.0,11.0,38.0,sí,0.7253117042711925,3940.0,mediodía,viernes,distrito 1,5.3,6.0,5.0,15/09/2025
larga estancia,"2,48 €",41.0,1.0,17.0,54.0,no,0.9838872699281422,18723.0,tarde,jueves,distrito 11,4.2,4.0,7.0,31/07/2025
alta rotacion,"1,12 €",33.0,28.0,7.0,38.0,sí,1.4677764420580968,7070.0,mañana,sábado,distrito 4,-99.0,2.0,6.0,15/06/2025
  larga estancia ,"2,73 €",51.0,8.0,0.0,66.0,sí,0.04473086061779952,5402.0,tarde,martes,distrito 5,2.2,2.0,5.0,27/02/2025
alta rotación,"2,33 €",30.0,7.0,14.0,53.0,no,0.9526673949914337,5921.0,mañana,viernes,distrito 9,1.2,0.0,7.0,12/04/2025
larga estancia,"1,51 €",55.0,29.0,24.0,86.0,sí,0.9742965111986583,2340.0,mañana,sábado,distrito 4,2.1,6.0,5.0,06/07/2025
larga estancia,"2,94 €",8.0,4.0,6.0,69.0,no,0.598186970800716,15016.0,tarde,lunes,distrito 9,3.9,3.0,2.0,06/05/2025
residentes,"1,92 €",24.0,14.0,5.0,17.0,sí,1.1203023941558048,15098.0,tarde,miércoles,distrito 8,5.8,6.0,0.0,10/10/2025
rotacion media,"1,79 €",20.0,15.0,3.0,10.0,sí,1.095767342890547,4666.0,tarde,sábado,distrito 10,2.8,4.0,5.0,20/06/2025
residentes,"2,16 €",41.0,14.0,1.0,47.0,no,0.6699042010169705,8201.0,mañana,viernes,distrito 7,1.4,6.0,8.0,18/10/2025
larga estancia,"2,10 €",12.0,22.0,4.0,36.0,sí,0.8917782332043405,7596.0,mañana,viernes,distrito 8,1.8,3.0,1.0,25/03/2025
rotación media,"3,07 €",20.0,14.0,9.0,135.0,sí,0.6330854016217171,20485.0,mediodía,martes,distrito 11,4.9,2.0,1.0,13/04/2025
RESIDENTES,"2,98 €",28.0,23.0,2.0,41.0,sí,0.437183952665771,2355.0,mediodía,viernes,distrito 5,1.6,6.0,8.0,08/08/2025
residentes,"2,62 €",24.0,15.0,10.0,79.0,sí,0.8617558010496482,5856.0,mañana,martes,distrito 3,2.1,4.0,5.0,24/09/2025
alta rotacion,"1,21 €",60.0,8.0,0.0,63.0,sí,0.944139678048552,10301.0,mañana,martes,distrito 9,-99.0,1.0,8.0,18/05/2025
ALTA ROTACIÓN,"2,48 €",48.0,42.0,12.0,24.0,sí,0.9301475533352932,11847.0,tarde,jueves,distrito 8,2.7,3.0,4.0,23/09/2025
  rotación media ,"1,65 €",40.0,18.0,22.0,62.0,no,1.6278066733322007,7642.0,mediodía,martes,distrito 6,2.1,6.0,1.0,25/05/2025
residentes,"1,81 €",35.0,3.0,7.0,64.0,sí,0.9577553099515368,10000.0,mañana,lunes,distrito 4,2.8,0.0,0.0,03/10/2025
rotación media,"2,14 €",29.0,10.0,7.0,60.0,no,1.1392993507236744,17463.0,tarde,jueves,distrito 9,2.5,1.0,0.0,25/06/2025
rotación media,"1,97 €",14.0,8.0,3.0,21.0,no,0.9689320535971827,9317.0,tarde,sábado,distrito 2,3.6,1.0,5.0,13/02/2025
rotación media,"1,23 €",48.0,43.0,23.0,44.0,sí,1.8820982639158403,12698.0,mañana,jueves,distrito 5,2.4,1.0,4.0,12/03/2025
larga estancia,"2,00 €",45.0,25.0,7.0,125.0,sí,1.0886912532147481,9671.0,tarde,jueves,distrito 4,4.6,1.0,8.0,22/05/2025
ALTA ROTACIÓN,"2,20 €",54.0,7.0,0.0,103.0,sí,0.2839572016122427,4730.0,mañana,lunes,distrito 1,2.8,5.0,3.0,22/02/2025
residentes,"2,58 €",37.0,6.0,8.0,14.0,no,0.7676500006850493,6964.0,mediodía,miércoles,distrito 1,3.7,5.0,5.0,01/11/2025
alta rotación,"2,22 €",18.0,27.0,3.0,81.0,sí,0.8411470005179917,12900.0,tarde,martes,distrito 7,3.7,0.0,6.0,08/06/2025
RESIDENTES,"1,70 €",52.0,3.0,6.0,96.0,sí,0.7069697713008564,5093.0,mediodía,viernes,distrito 11,2.7,0.0,4.0,01/04/2025
alta rotación,"2,04 €",43.0,30.0,40.0,22.0,sí,1.5904696821877007,7346.0,tarde,miércoles,distrito 4,4.5,0.0,2.0,04/02/2025
rotación media,"1,84 €",15.0,7.0,11.0,20.0,no,0.6514134764141769,17025.0,mañana,jueves,distrito 6,5.5,4.0,7.0,19/10/2025
alta rotación,"2,84 €",13.0,8.0,4.0,65.0,sí,0.3703412926319789,5853.0,mañana,lunes,distrito 11,3.3,2.0,3.0,25/07/2025
larga estancia,"2,30 €",48.0,39.0,4.0,93.0,sí,0.7159910698598133,9930.0,tarde,lunes,distrito 2,1.7,1.0,4.0,13/05/2025
larga estancia,"0,50 €",41.0,12.0,4.0,182.0,sí,1.44258088430963,11131.0,tarde,lunes,distrito 10,-99.0,5.0,0.0,03/05/2025
residentes,"1,72 €",42.0,45.0,28.0,99.0,no,1.7855836717235005,5972.0,tarde,viernes,distrito 1,5.4,4.0,5.0,28/10/2025
rotación media,"2,37 €",37.0,12.0,4.0,190.0,sí,0.3992953781457834,7537.0,mediodía,viernes,distrito 5,4.9,0.0,5.0,19/07/2025
rotación media,"2,11 €",53.0,14.0,9.0,39.0,sí,1.0856972807442422,8853.0,mañana,martes,distrito 8,1.6,6.0,2.0,30/06/2025
RESIDENTES,"1,54 €",59.0,8.0,7.0,38.0,no,1.322673936415777,3273.0,mañana,martes,distrito 4,4.4,4.0,0.0,09/09/2025
  larga estancia ,"3,47 €",34.0,27.0,8.0,36.0,sí,0.4095045699300981,7214.0,mediodía,lunes,distrito 9,2.7,6.0,5.0,15/01/2025
ALTA ROTACIÓN,"0,50 €",37.0,5.0,15.0,113.0,no,1.798791162980818,11082.0,tarde,miércoles,distrito 6,0.8,5.0,6.0,27/08/2025
rotación media,"0,50 €",48.0,56.0,26.0,60.0,sí,2.0401039627471578,13058.0,tarde,sábado,distrito 6,2.4,5.0,8.0,26/08/2025
larga estancia,"2,09 €",13.0,39.0,2.0,53.0,sí,1.1263764508496996,3694.0,tarde,sábado,distrito 9,1.9,5.0,7.0,23/09/2025
rotación media,"1,66 €",16.0,16.0,1.0,100.0,sí,1.108973779365245,26410.0,tarde,martes,distrito 9,4.6,6.0,6.0,20/02/2025
residentes,"1,46 €",31.0,22.0,34.0,97.0,sí,1.4850566663583011,5282.0,tarde,martes,distrito 1,4.9,1.0,4.0,03/06/2025
rotación media,"1,88 €",9.0,7.0,16.0,79.0,sí,0.5987413960022419,10164.0,mediodía,martes,distrito 10,5.1,3.0,6.0,04/05/2025
rotación media,"3,97 €",16.0,40.0,17.0,36.0,sí,1.0252395172471136,9481.0,mañana,viernes,distrito 4,1.7,4.0,8.0,07/01/2025
  residentes ,"1,94 €",56.0,4.0,3.0,177.0,sí,0.27563225141307374,17698.0,tarde,lunes,distrito 3,3.9,5.0,5.0,20/08/2025
rotación media,"4,25 €",13.0,5.0,10.0,38.0,no,0.6436395245648187,20444.0,mediodía,miércoles,distrito 2,0.8,6.0,0.0,11/10/2025
ROTACIÓN MEDIA,"2,91 €",29.0,3.0,7.0,6.0,sí,0.7731999561028665,11350.0,tarde,miércoles,distrito 7,3.4,5.0,2.0,26/03/2025
  larga estancia ,"2,00 €",18.0,4.0,0.0,97.0,no,0.753749283480706,25944.0,mañana,sábado,distrito 4,3.0,6.0,5.0,08/06/2025
larga estancia,"2,34 €",30.0,18.0,1.0,16.0,sí,0.8967858109548826,6172.0,mañana,sábado,distrito 6,5.7,0.0,0.0,06/09/2025
rotación media,"2,12 €",35.0,30.0,12.0,127.0,sí,0.47107915546627266,5136.0,tarde,jueves,distrito 5,3.5,5.0,4.0,10/01/2025
RESIDENTES,"2,47 €",30.0,15.0,16.0,24.0,no,1.0914793136806502,5237.0,tarde,jueves,distrito 6,2.9,0.0,5.0,10/01/2025
rotación media,"2,60 €",12.0,25.0,2.0,238.0,sí,0.4902597271220307,16696.0,mañana,viernes,distrito 4,4.4,1.0,2.0,26/06/2025
larga estancia,"1,37 €",7.0,21.0,40.0,102.0,sí,1.182708298211224,16992.0,tarde,lunes,distrito 7,4.1,3.0,2.0,04/03/2025
  larga estancia ,"2,30 €",60.0,8.0,2.0,69.0,no,0.701786925869941,7402.0,tarde,miércoles,distrito 8,6.5,2.0,7.0,31/01/2025
larga estancia,"2,33 €",58.0,27.0,1.0,49.0,sí,0.5293707823782293,21751.0,mañana,sábado,distrito 5,1.4,5.0,2.0,30/03/2025
rotación media,"2,58 €",53.0,2.0,8.0,48.0,sí,0.46135857244114997,21242.0,tarde,lunes,distrito 6,2.5,3.0,2.0,23/06/2025
  rotación media ,"0,77 €",12.0,31.0,24.0,33.0,sí,1.6842240501079506,16824.0,mañana,lunes,distrito 4,2.7,6.0,4.0,10/06/2025
rotación media,"2,61 €",49.0,4.0,2.0,55.0,sí,0.7973771882198752,4346.0,mediodía,viernes,distrito 9,4.2,2.0,0.0,02/03/2025
alta rotación,"2,44 €",40.0,14.0,8.0,39.0,sí,0.9273442481906563,7982.0,tarde,lunes,distrito 11,-99.0,1.0,4.0,17/06/2025
larga estancia,"2,06 €",19.0,6.0,11.0,31.0,no,1.0184046561020967,5849.0,mediodía,viernes,distrito 11,2.5,4.0,0.0,15/02/2025
  rotación media ,"2,82 €",25.0,19.0,18.0,43.0,sí,0.9506526292325425,12039.0,tarde,lunes,distrito 4,2.4,0.0,7.0,27/02/2025
alta rotación,"2,79 €",17.0,22.0,5.0,193.0,sí,0.736977942564887,4506.0,tarde,sábado,distrito 8,2.4,4.0,5.0,30/03/2025
alta rotación,"1,67 €",7.0,13.0,7.0,74.0,no,1.0597545649976494,6791.0,mañana,jueves,distrito 3,4.0,3.0,2.0,06/08/2025
alta rotacion,"2,56 €",22.0,1.0,13.0,75.0,no,0.6276766735362364,10207.0,tarde,lunes,distrito 10,3.1,2.0,6.0,19/06/2025
rotación media,"4,03 €",39.0,14.0,0.0,26.0,sí,0.3178303496821637,5535.0,tarde,lunes,distrito 3,2.8,2.0,4.0,23/06/2025
rotación media,"2,85 €",38.0,24.0,17.0,38.0,sí,1.0903600298029759,12085.0,tarde,miércoles,distrito 8,0.9,4.0,8.0,25/03/2025
rotacion media,"2,10 €",45.0,27.0,15.0,313.0,no,1.5371509831396395,8890.0,tarde,miércoles,distrito 5,3.1,5.0,5.0,14/06/2025
RESIDENTES,"1,71 €",41.0,41.0,6.0,24.0,no,1.7871640953578147,18937.0,mañana,sábado,distrito 4,2.3,3.0,8.0,27/04/2025
rotación media,"3,30 €",42.0,25.0,17.0,44.0,no,1.1378102279487192,11247.0,mañana,viernes,distrito 1,1.3,6.0,0.0,14/06/2025
RESIDENTES,"2,80 €",30.0,8.0,9.0,45.0,sí,0.7236158218522009,10038.0,mediodía,martes,distrito 10,2.5,1.0,4.0,01/11/2025
rotación media,"2,82 €",37.0,2.0,29.0,44.0,sí,0.7056364625394155,6005.0,mediodía,lunes,distrito 8,3.5,3.0,5.0,26/09/2025
larga estancia,"0,72 €",28.0,25.0,1.0,63.0,sí,1.1309395534879396,18434.0,mediodía,viernes,distrito 8,1.7,5.0,3.0,12/01/2025
larga estancia,"2,93 €",38.0,42.0,3.0,35.0,no,0.5611554716566027,9363.0,mañana,lunes,distrito 7,2.4,1.0,5.0,21/03/2025
rotación media,"2,91 €",38.0,23.0,38.0,50.0,sí,1.3450507380163563,7742.0,mediodía,miércoles,distrito 4,1.3,2.0,8.0,17/02/2025
RESIDENTES,"2,07 €",20.0,15.0,0.0,97.0,sí,0.5462303957635907,28306.0,tarde,jueves,distrito 6,3.2,3.0,2.0,18/09/2025
  larga estancia ,"1,90 €",28.0,14.0,17.0,23.0,sí,1.2331040534583424,21629.0,mediodía,miércoles,distrito 11,0.8,0.0,8.0,04/07/2025
larga estancia,"2,37 €",50.0,17.0,0.0,60.0,sí,0.4784064315230111,2910.0,tarde,sábado,distrito 11,4.2,4.0,7.0,03/04/2025
alta rotacion,"1,86 €",46.0,30.0,2.0,6.0,no,1.408694681069677,13946.0,mediodía,martes,distrito 2,3.7,3.0,2.0,24/01/2025
rotación media,"2,64 €",51.0,25.0,1.0,16.0,sí,0.9714037931608444,9430.0,tarde,miércoles,distrito 8,2.8,1.0,1.0,27/04/2025
  alta rotación ,"2,28 €",26.0,50.0,15.0,46.0,sí,1.2610882196942519,15937.0,tarde,viernes,distrito 10,4.5,4.0,7.0,23/05/2025
larga estancia,"3,32 €",21.0,29.0,24.0,110.0,sí,0.6894768527710342,11290.0,tarde,viernes,distrito 5,2.9,3.0,5.0,21/07/2025
alta rotación,"1,93 €",16.0,30.0,6.0,102.0,no,1.572346647839458,7605.0,mañana,lunes,distrito 3,6.3,0.0,2.0,14/10/2025
alta rotación,"2,45 €",9.0,11.0,0.0,109.0,sí,0.23167405932686147,2383.0,mediodía,miércoles,distrito 11,3.6,4.0,1.0,22/02/2025
larga estancia,"2,28 €",26.0,32.0,1.0,51.0,sí,0.7964127436373982,5419.0,mediodía,jueves,distrito 10,3.7,4.0,4.0,17/08/2025
alta rotación,"2,03 €",16.0,17.0,24.0,98.0,sí,0.7291831945264595,24528.0,tarde,viernes,distrito 7,1.9,3.0,4.0,12/09/2025
rotación media,"1,15 €",27.0,36.0,0.0,57.0,sí,1.2891673677671438,3927.0,mediodía,miércoles,distrito 8,4.5,4.0,4.0,09/10/2025
  residentes ,"2,28 €",59.0,7.0,1.0,83.0,sí,0.10742850218671468,3499.0,mañana,viernes,distrito 2,2.8,5.0,4.0,07/02/2025
rotación media,"2,85 €",23.0,48.0,3.0,7.0,sí,1.202294405391431,8620.0,mañana,martes,distrito 7,4.0,0.0,6.0,14/09/2025
larga estancia,"2,51 €",43.0,14.0,0.0,34.0,sí,0.3087207529752731,11251.0,mañana,sábado,distrito 5,4.7,1.0,6.0,07/05/2025
larga estancia,"2,83 €",58.0,24.0,11.0,34.0,sí,0.6603603469677348,4670.0,tarde,viernes,distrito 6,3.0,3.0,4.0,06/08/2025
ALTA ROTACIÓN,"3,21 €",6.0,14.0,16.0,4.0,sí,0.7838831417565605,10301.0,mañana,sábado,distrito 2,-99.0,0.0,3.0,05/09/2025
rotación media,"1,85 €",11.0,17.0,11.0,39.0,sí,1.167827298834215,8658.0,mediodía,jueves,distrito 5,3.2,4.0,1.0,23/03/2025
ROTACIÓN MEDIA,"3,65 €",58.0,27.0,19.0,3.0,sí,1.2423216505830736,5378.0,tarde,lunes,distrito 2,6.0,3.0,5.0,24/07/2025
  larga estancia ,"2,87 €",26.0,29.0,14.0,103.0,no,1.132912670463216,11313.0,mañana,viernes,distrito 9,4.3,2.0,8.0,25/08/2025
alta rotación,"1,38 €",25.0,20.0,0.0,13.0,no,1.0739085053277289,4231.0,tarde,viernes,distrito 7,2.7,4.0,1.0,24/08/2025
  residentes ,"3,47 €",19.0,38.0,22.0,36.0,sí,1.2885553633601114,4701.0,tarde,viernes,distrito 8,-99.0,0.0,7.0,29/04/2025
alta rotación,"1,71 €",27.0,5.0,15.0,7.0,sí,1.2667568738431805,32116.0,mediodía,miércoles,distrito 1,1.7,1.0,0.0,15/06/2025
alta rotacion,"2,72 €",50.0,83.0,9.0,59.0,sí,1.0053413031657694,22032.0,mediodía,martes,distrito 5,1.5,0.0,7.0,21/01/2025
rotación media,"0,54 €",49.0,2.0,6.0,14.0,no,1.2384912438020146,28461.0,mañana,viernes,distrito 10,2.8,6.0,5.0,11/05/2025
alta rotación,"2,92 €",16.0,19.0,10.0,5.0,sí,0.8397816249054486,8691.0,mediodía,lunes,distrito 11,1.3,3.0,2.0,01/04/2025
residentes,"3,41 €",24.0,6.0,11.0,85.0,sí,0.5376931706932324,18380.0,tarde,lunes,distrito 5,2.9,0.0,3.0,14/09/2025
rotación media,"1,74 €",13.0,26.0,2.0,32.0,sí,1.1392812648563886,17356.0,mañana,viernes,distrito 6,4.2,1.0,7.0,01/11/2025
rotación media,"1,22 €",18.0,14.0,11.0,219.0,sí,0.9821912532494482,8451.0,tarde,lunes,distrito 9,-99.0,4.0,2.0,11/06/2025
rotación media,"1,85 €",28.0,24.0,18.0,166.0,sí,1.032898667439996,7393.0,mañana,lunes,distrito 5,4.2,3.0,8.0,29/07/2025
residentes,"2,96 €",36.0,25.0,2.0,37.0,sí,0.8031137505758377,14197.0,tarde,sábado,distrito 7,2.1,0.0,3.0,01/03/2025
residentes,"2,06 €",19.0,18.0,4.0,5.0,sí,0.8528385676887476,13990.0,tarde,miércoles,distrito 5,1.3,4.0,8.0,24/04/2025
residentes,"2,76 €",37.0,9.0,13.0,106.0,sí,1.1257664262562397,2742.0,tarde,miércoles,distrito 11,2.7,6.0,6.0,23/10/2025
LARGA ESTANCIA,"1,71 €",35.0,53.0,9.0,97.0,sí,0.8159209814646706,7036.0,mañana,sábado,distrito 8,0.9,1.0,3.0,11/04/2025
rotacion media,"3,78 €",9.0,21.0,9.0,177.0,sí,0.4360461502294222,8294.0,tarde,viernes,distrito 2,2.2,0.0,1.0,18/07/2025
  rotación media ,"2,93 €",31.0,18.0,4.0,31.0,no,1.0455436979270578,7395.0,mediodía,sábado,distrito 11,3.7,5.0,5.0,07/06/2025
LARGA ESTANCIA,"3,04 €",46.0,15.0,12.0,41.0,no,0.9129009554177816,22911.0,tarde,martes,distrito 10,3.3,2.0,4.0,12/04/2025
rotación media,"1,36 €",19.0,58.0,9.0,31.0,sí,1.246954729577351,12345.0,mañana,martes,distrito 4,4.6,1.0,4.0,22/01/2025
ALTA ROTACIÓN,"2,80 €",25.0,0.0,6.0,25.0,sí,0.22649810921521896,8853.0,mañana,sábado,distrito 8,-99.0,6.0,0.0,24/09/2025
alta rotación,"2,31 €",60.0,10.0,6.0,42.0,sí,1.173016669843015,18580.0,mañana,miércoles,distrito 9,-99.0,4.0,4.0,09/10/2025
LARGA ESTANCIA,"2,42 €",16.0,60.0,11.0,19.0,sí,0.9782028136902836,6695.0,mañana,jueves,distrito 9,3.4,0.0,3.0,20/05/2025
rotación media,"2,52 €",20.0,13.0,6.0,153.0,sí,0.8263751905769937,18521.0,mañana,sábado,distrito 1,4.0,6.0,3.0,16/04/2025
residentes,"1,65 €",36.0,5.0,16.0,5.0,sí,1.0324846983496212,6030.0,mediodía,viernes,distrito 11,6.2,6.0,1.0,13/06/2025
rotación media,"0,81 €",56.0,7.0,7.0,25.0,sí,1.3770051839878643,5653.0,mediodía,lunes,distrito 6,2.7,4.0,6.0,27/04/2025
larga estancia,"1,18 €",35.0,18.0,10.0,38.0,sí,1.5865968647734383,24180.0,tarde,miércoles,distrito 9,-99.0,6.0,2.0,23/10/2025
rotación media,"1,70 €",55.0,9.0,17.0,64.0,sí,0.8979798776790904,4796.0,tarde,lunes,distrito 10,0.8,4.0,4.0,20/04/2025
residentes,"3,00 €",16.0,15.0,14.0,62.0,sí,0.6109204970618212,5635.0,mañana,viernes,distrito 8,1.8,5.0,8.0,27/10/2025
alta rotacion,"2,93 €",28.0,19.0,6.0,23.0,no,0.7651382653576138,12352.0,tarde,viernes,distrito 4,3.9,2.0,0.0,02/08/2025
larga estancia,"2,47 €",54.0,18.0,16.0,84.0,sí,0.7744476736423336,15270.0,mediodía,martes,distrito 6,0.9,1.0,4.0,02/08/2025
larga estancia,"2,14 €",26.0,21.0,8.0,38.0,no,1.1559724838798244,5522.0,tarde,sábado,distrito 8,2.3,6.0,4.0,04/02/2025
ALTA ROTACIÓN,"2,41 €",57.0,29.0,0.0,78.0,sí,1.0000521717320212,19288.0,mañana,jueves,distrito 2,2.1,6.0,3.0,23/03/2025
larga estancia,"2,44 €",47.0,25.0,2.0,62.0,sí,0.623354359186299,7322.0,mediodía,martes,distrito 10,7.2,0.0,6.0,07/06/2025
rotación media,"2,59 €",60.0,37.0,11.0,144.0,sí,0.7134104101249303,7181.0,mañana,viernes,distrito 10,0.9,6.0,8.0,02/08/2025
rotación media,"2,29 €",56.0,2.0,22.0,66.0,no,0.7141018623468668,12865.0,mañana,sábado,distrito 3,-99.0,5.0,1.0,07/02/2025
residentes,"1,69 €",12.0,19.0,20.0,9.0,no,1.4278314225678055,8586.0,tarde,viernes,distrito 3,4.0,0.0,7.0,03/10/2025
rotacion media,"2,44 €",43.0,19.0,7.0,93.0,no,1.0278661783781744,4262.0,tarde,jueves,distrito 8,3.1,2.0,3.0,23/06/2025
  alta rotación ,"2,55 €",50.0,35.0,5.0,66.0,no,0.8151397571467626,11222.0,mañana,sábado,distrito 5,1.6,0.0,8.0,26/01/2025
larga estancia,"1,17 €",35.0,15.0,6.0,64.0,no,1.434062113133039,51395.0,tarde,jueves,distrito 1,3.2,5.0,3.0,23/08/2025
alta rotación,"1,25 €",48.0,6.0,6.0,165.0,no,1.3283212824587871,7915.0,tarde,miércoles,distrito 3,5.6,2.0,5.0,14/04/2025
ALTA ROTACIÓN,"0,50 €",51.0,12.0,12.0,0.0,sí,2.008256588925765,10792.0,mañana,jueves,distrito 4,3.9,5.0,3.0,14/08/2025
residentes,"1,76 €",41.0,16.0,10.0,64.0,no,1.3526321887246102,7619.0,mañana,sábado,distrito 4,4.9,5.0,7.0,22/06/2025
residentes,"1,93 €",11.0,1.0,0.0,80.0,sí,0.5395789482851359,5365.0,mediodía,miércoles,distrito 11,3.3,4.0,4.0,31/05/2025
rotación media,"1,90 €",33.0,7.0,17.0,27.0,sí,1.19411990916028,6787.0,tarde,martes,distrito 1,4.0,2.0,1.0,03/08/2025
larga estancia,"3,50 €",53.0,21.0,6.0,17.0,sí,0.7266283057359486,3814.0,tarde,jueves,distrito 1,2.4,0.0,7.0,03/06/2025
alta rotacion,"1,67 €",14.0,41.0,14.0,90.0,sí,1.2578487194483572,9376.0,mañana,miércoles,distrito 1,5.1,6.0,1.0,27/07/2025
alta rotación,"1,66 €",31.0,14.0,4.0,88.0,no,1.1420695374277163,16668.0,tarde,miércoles,distrito 2,1.2,5.0,7.0,12/01/2025
ALTA ROTACIÓN,"1,64 €",18.0,25.0,6.0,69.0,sí,1.1163124141885006,9203.0,mediodía,lunes,distrito 6,4.1,2.0,1.0,16/02/2025
  rotación media ,"2,83 €",60.0,10.0,8.0,24.0,sí,0.9242628224975804,5388.0,mediodía,sábado,distrito 2,2.5,6.0,4.0,24/03/2025
rotación media,"0,63 €",23.0,14.0,2.0,119.0,sí,1.303161162098432,9866.0,mediodía,miércoles,distrito 1,3.6,6.0,1.0,30/08/2025
alta rotación,"2,53 €",38.0,6.0,8.0,24.0,sí,0.970879561520299,25578.0,mediodía,sábado,distrito 5,3.5,3.0,4.0,20/06/2025
  rotación media ,"0,66 €",40.0,27.0,12.0,96.0,no,1.899117487220157,15938.0,tarde,jueves,distrito 11,2.7,6.0,6.0,24/05/2025
residentes,"3,15 €",37.0,12.0,0.0,19.0,sí,0.39892693080267627,39519.0,tarde,sábado,distrito 8,1.9,2.0,0.0,28/09/2025
rotación media,"3,37 €",42.0,26.0,34.0,70.0,sí,0.8682007823434452,6899.0,tarde,martes,distrito 6,4.1,5.0,2.0,17/06/2025
  residentes ,"2,94 €",57.0,35.0,16.0,60.0,sí,0.76154167727714,5578.0,mañana,lunes,distrito 5,3.7,1.0,2.0,03/05/2025
  residentes ,"1,45 €",57.0,4.0,7.0,82.0,sí,0.9858822215229324,11012.0,mediodía,lunes,distrito 6,0.8,4.0,1.0,17/05/2025
rotacion media,"2,08 €",49.0,5.0,5.0,22.0,sí,0.6598319174957799,6058.0,mediodía,sábado,distrito 6,3.7,0.0,3.0,26/04/2025
larga estancia,"0,50 €",17.0,10.0,29.0,13.0,no,1.413780599281541,13736.0,mediodía,viernes,distrito 2,0.8,0.0,4.0,16/04/2025
alta rotación,"2,72 €",7.0,10.0,7.0,37.0,sí,1.021380133962691,16690.0,mediodía,viernes,distrito 9,-99.0,6.0,7.0,19/01/2025
alta rotación,"1,20 €",45.0,38.0,35.0,24.0,no,1.9316555001266558,3915.0,mañana,sábado,distrito 8,2.6,2.0,2.0,25/01/2025
  residentes ,"1,88 €",35.0,33.0,6.0,34.0,no,1.4383533661518646,20626.0,mediodía,viernes,distrito 11,1.9,1.0,4.0,08/01/2025
rotacion media,"2,64 €",14.0,11.0,2.0,140.0,no,0.6549431464659798,11287.0,tarde,martes,distrito 5,3.2,4.0,4.0,04/02/2025
RESIDENTES,"1,85 €",38.0,24.0,1.0,14.0,no,1.3854909718657946,7140.0,mañana,viernes,distrito 9,4.5,0.0,0.0,26/08/2025
  larga estancia ,"1,65 €",25.0,32.0,2.0,30.0,sí,0.807412224515734,4779.0,mañana,miércoles,distrito 3,3.8,1.0,8.0,17/07/2025
  rotación media ,"1,55 €",8.0,48.0,33.0,10.0,sí,1.4057207865179775,5781.0,tarde,sábado,distrito 6,3.0,3.0,7.0,28/10/2025
larga estancia,"1,09 €",32.0,12.0,8.0,17.0,sí,1.4145546221273917,8564.0,tarde,lunes,distrito 7,5.3,4.0,7.0,06/07/2025
rotación media,"2,03 €",50.0,49.0,2.0,38.0,sí,1.2906077101451652,31736.0,mediodía,viernes,distrito 3,1.5,3.0,5.0,09/10/2025
rotación media,"2,98 €",12.0,22.0,1.0,56.0,sí,0.6421470952233234,3738.0,tarde,lunes,distrito 8,5.5,6.0,7.0,16/10/2025
alta rotación,"1,80 €",10.0,39.0,7.0,7.0,sí,1.1194144391408765,13572.0,mañana,lunes,distrito 9,4.4,1.0,5.0,04/04/2025
  residentes ,"3,42 €",46.0,14.0,1.0,49.0,sí,0.25299996854430234,10654.0,mediodía,martes,distrito 8,3.9,0.0,3.0,09/08/2025
rotación media,"2,22 €",27.0,25.0,3.0,55.0,no,1.1893487835180383,6150.0,mañana,miércoles,distrito 11,1.0,5.0,6.0,24/07/2025
residentes,"2,44 €",46.0,9.0,12.0,18.0,sí,1.1622217905958523,4268.0,tarde,miércoles,distrito 8,3.9,5.0,5.0,06/03/2025
ROTACIÓN MEDIA,"1,94 €",33.0,19.0,22.0,158.0,sí,1.039373898245315,7550.0,tarde,sábado,distrito 4,6.6,2.0,8.0,24/10/2025
alta rotación,"2,84 €",9.0,4.0,4.0,19.0,no,0.8915339691775139,7024.0,tarde,viernes,distrito 8,3.6,4.0,1.0,02/04/2025
rotacion media,"1,68 €",36.0,15.0,7.0,33.0,sí,0.9518622483240995,8491.0,tarde,martes,distrito 5,5.2,4.0,8.0,18/10/2025
ROTACIÓN MEDIA,"1,93 €",41.0,26.0,18.0,18.0,no,1.6249677987631141,2919.0,tarde,martes,distrito 7,3.9,1.0,3.0,07/10/2025
residentes,"1,80 €",29.0,52.0,2.0,3.0,sí,1.7542011076694108,5324.0,mediodía,lunes,distrito 3,2.2,6.0,0.0,01/06/2025
rotación media,"3,27 €",55.0,7.0,5.0,4.0,no,0.7399590804553248,5034.0,mañana,viernes,distrito 3,3.7,6.0,5.0,03/09/2025
larga estancia,"2,05 €",30.0,22.0,6.0,137.0,sí,1.1318705543069316,12931.0,tarde,miércoles,distrito 6,2.9,3.0,7.0,24/02/2025
residentes,"3,57 €",57.0,18.0,0.0,36.0,sí,0.6709484491342917,5357.0,tarde,viernes,distrito 1,5.8,6.0,7.0,28/09/2025
larga estancia,"1,10 €",46.0,46.0,4.0,90.0,sí,1.4399154414489512,9658.0,mañana,lunes,distrito 11,2.5,1.0,6.0,01/04/2025
  rotación media ,"0,97 €",13.0,11.0,10.0,122.0,sí,1.4272724722983285,3739.0,tarde,sábado,distrito 2,3.1,4.0,5.0,21/02/2025
alta rotación,"1,23 €",28.0,26.0,0.0,11.0,sí,1.1328033393874999,9344.0,mañana,jueves,distrito 8,1.3,2.0,0.0,13/05/2025
alta rotación,"2,44 €",33.0,5.0,4.0,48.0,sí,0.9754674871964091,6571.0,mediodía,jueves,distrito 3,0.8,5.0,6.0,20/06/2025
rotación media,"2,33 €",56.0,49.0,10.0,79.0,sí,1.118553620135155,14768.0,mediodía,sábado,distrito 9,2.3,2.0,0.0,30/08/2025
rotación media,"1,50 €",25.0,28.0,6.0,84.0,sí,1.2643124278754585,4728.0,tarde,sábado,distrito 5,2.7,0.0,2.0,26/09/2025
residentes,"1,02 €",40.0,3.0,12.0,31.0,no,1.3304857683506741,4874.0,tarde,sábado,distrito 7,3.0,0.0,1.0,19/07/2025
alta rotación,"2,29 €",51.0,39.0,74.0,76.0,no,1.7459369549876596,15354.0,tarde,lunes,distrito 8,2.7,6.0,4.0,01/04/2025
alta rotación,"2,57 €",56.0,8.0,5.0,89.0,sí,0.7827908395786987,11031.0,mediodía,sábado,distrito 4,5.8,2.0,5.0,29/05/2025
rotación media,"2,80 €",40.0,8.0,5.0,62.0,sí,0.7809333014286174,12637.0,mediodía,lunes,distrito 9,4.2,6.0,5.0,15/07/2025
rotación media,"1,23 €",53.0,59.0,2.0,27.0,sí,1.6990811043235943,21307.0,tarde,sábado,distrito 2,-99.0,0.0,8.0,23/07/2025
alta rotacion,"2,28 €",16.0,6.0,3.0,48.0,sí,0.45632926172288746,7631.0,mediodía,lunes,distrito 3,4.1,5.0,8.0,29/10/2025
  rotación media ,"2,79 €",43.0,16.0,4.0,83.0,no,0.7694823975180081,27251.0,mediodía,sábado,distrito 9,2.8,5.0,5.0,28/05/2025
residentes,"2,50 €",51.0,31.0,14.0,68.0,no,1.3942916975771389,4762.0,mañana,viernes,distrito 9,1.8,4.0,3.0,14/05/2025
rotación media,"1,77 €",33.0,6.0,5.0,17.0,sí,1.0720161640701735,41073.0,mañana,sábado,distrito 5,3.2,2.0,7.0,14/09/2025
rotacion media,"1,53 €",57.0,20.0,11.0,257.0,no,1.2419537859907088,4947.0,tarde,sábado,distrito 9,0.8,6.0,8.0,30/01/2025
rotación media,"2,90 €",12.0,6.0,8.0,100.0,sí,0.7044171547629603,4278.0,tarde,jueves,distrito 4,3.2,4.0,3.0,01/07/2025
larga estancia,"1,63 €",24.0,71.0,6.0,35.0,sí,1.3862474149894835,2909.0,tarde,miércoles,distrito 3,2.0,2.0,8.0,13/06/2025
larga estancia,"2,05 €",46.0,16.0,18.0,118.0,sí,0.9542677550821409,7902.0,tarde,miércoles,distrito 4,3.9,5.0,6.0,16/04/2025
alta rotación,"2,46 €",46.0,20.0,43.0,29.0,sí,1.2475918634067675,10770.0,mañana,miércoles,distrito 4,2.9,4.0,2.0,19/04/2025
larga estancia,"1,74 €",12.0,53.0,18.0,30.0,no,1.5908002719013994,8223.0,tarde,lunes,distrito 5,2.8,5.0,4.0,10/10/2025
alta rotacion,"1,83 €",14.0,3.0,7.0,54.0,sí,0.9697411433269256,9161.0,tarde,martes,distrito 2,3.3,2.0,4.0,23/02/2025
rotación media,"1,24 €",32.0,38.0,12.0,30.0,sí,1.5754661215672252,11666.0,mediodía,miércoles,distrito 3,3.1,0.0,5.0,25/03/2025
residentes,"1,29 €",40.0,13.0,4.0,17.0,sí,1.182273048602423,36130.0,tarde,miércoles,distrito 8,-99.0,0.0,5.0,06/03/2025
  rotación media ,"2,58 €",19.0,15.0,8.0,101.0,sí,0.9416811897810531,8272.0,tarde,viernes,distrito 1,4.4,0.0,2.0,21/09/2025
rotación media,"1,27 €",7.0,14.0,15.0,1.0,no,1.3014287981746187,12579.0,tarde,sábado,distrito 3,1.6,5.0,0.0,24/07/2025
rotación media,"1,49 €",11.0,16.0,1.0,270.0,no,0.9375986416028214,8625.0,mañana,viernes,distrito 8,3.9,1.0,2.0,02/04/2025
larga estancia,"2,27 €",17.0,2.0,20.0,19.0,sí,0.6658267931050911,21354.0,tarde,jueves,distrito 9,1.8,3.0,7.0,27/02/2025
rotación media,"1,47 €",9.0,13.0,10.0,17.0,no,1.3070861356630876,3470.0,tarde,lunes,distrito 4,4.3,5.0,5.0,28/10/2025
larga estancia,"2,59 €",43.0,30.0,2.0,12.0,sí,0.626993512002469,11081.0,mañana,lunes,distrito 9,5.0,0.0,7.0,17/03/2025
RESIDENTES,"3,43 €",54.0,7.0,22.0,50.0,sí,0.40986267376689756,4510.0,tarde,lunes,distrito 11,2.9,4.0,6.0,09/09/2025
residentes,"2,27 €",15.0,24.0,3.0,11.0,sí,0.7463892769631869,8705.0,tarde,lunes,distrito 4,2.3,4.0,8.0,14/10/2025
alta rotación,"2,27 €",60.0,14.0,15.0,95.0,sí,0.8888263815406285,8020.0,mañana,lunes,distrito 4,2.2,1.0,7.0,07/03/2025
  rotación media ,"1,02 €",57.0,8.0,15.0,107.0,sí,1.1110390339244511,15238.0,mañana,sábado,distrito 6,1.4,3.0,4.0,23/03/2025
alta rotación,"2,52 €",59.0,31.0,0.0,69.0,sí,0.6975677677596069,31926.0,tarde,viernes,distrito 8,5.3,1.0,4.0,05/04/2025
rotación media,"0,86 €",26.0,56.0,13.0,71.0,sí,1.5179189326887104,18010.0,mediodía,martes,distrito 9,5.2,0.0,0.0,19/01/2025
  rotación media ,"2,89 €",46.0,25.0,3.0,89.0,sí,0.9732995116840897,11500.0,tarde,martes,distrito 10,4.5,3.0,1.0,30/10/2025
RESIDENTES,"0,86 €",36.0,16.0,5.0,17.0,sí,1.4555948938887922,18679.0,tarde,jueves,distrito 9,4.6,2.0,5.0,03/07/2025
alta rotación,"3,58 €",22.0,16.0,3.0,63.0,no,0.3270342541044947,10971.0,mañana,jueves,distrito 10,2.5,3.0,4.0,21/08/2025
alta rotación,"2,59 €",56.0,15.0,10.0,26.0,sí,0.9532093449341895,12229.0,mañana,martes,distrito 5,5.1,3.0,4.0,17/04/2025
larga estancia,"1,79 €",34.0,30.0,7.0,40.0,no,1.3344492753971882,23674.0,mañana,martes,distrito 10,3.5,1.0,6.0,29/01/2025
alta rotación,"2,75 €",24.0,23.0,3.0,19.0,sí,1.1759156557476036,5475.0,mediodía,miércoles,distrito 11,3.9,6.0,1.0,01/08/2025
ROTACIÓN MEDIA,"3,28 €",22.0,6.0,2.0,16.0,no,0.49986288232565895,10210.0,mañana,jueves,distrito 7,4.5,1.0,3.0,20/05/2025
alta rotación,"4,03 €",15.0,16.0,17.0,73.0,sí,0.4004302357662867,8056.0,mañana,jueves,distrito 1,4.0,4.0,5.0,25/09/2025
ALTA ROTACIÓN,"1,19 €",52.0,20.0,7.0,29.0,sí,1.2891161051564923,23526.0,mañana,jueves,distrito 10,3.4,1.0,3.0,02/05/2025
rotacion media,"1,91 €",56.0,25.0,2.0,67.0,sí,1.1395201767911556,3172.0,mañana,viernes,distrito 3,3.3,4.0,4.0,17/01/2025
rotación media,"2,50 €",49.0,12.0,10.0,149.0,sí,0.8564000874434766,10229.0,mañana,jueves,distrito 10,3.6,1.0,7.0,25/01/2025
larga estancia,"1,59 €",41.0,31.0,0.0,23.0,sí,0.8972532108111749,7388.0,mañana,martes,distrito 9,2.3,3.0,5.0,05/06/2025
ROTACIÓN MEDIA,"2,23 €",42.0,37.0,12.0,14.0,sí,1.0962508453052697,15100.0,mediodía,lunes,distrito 2,3.4,4.0,0.0,18/01/2025
residentes,"2,60 €",18.0,24.0,3.0,12.0,sí,0.8889843736873905,3174.0,tarde,jueves,distrito 10,2.6,2.0,8.0,05/05/2025
rotación media,"2,31 €",42.0,12.0,2.0,38.0,sí,0.5228296311603131,10049.0,tarde,jueves,distrito 5,2.0,5.0,4.0,23/01/2025
larga estancia,"0,74 €",10.0,30.0,21.0,173.0,sí,1.2934321316509434,8692.0,tarde,sábado,distrito 10,2.6,4.0,0.0,10/02/2025
larga estancia,"2,91 €",38.0,19.0,14.0,27.0,sí,0.8532960226532472,9697.0,mañana,martes,distrito 11,1.4,5.0,0.0,29/08/2025
  rotación media ,"1,80 €",34.0,5.0,4.0,61.0,sí,0.6062779851163681,10879.0,mediodía,miércoles,distrito 3,2.6,4.0,1.0,26/08/2025
larga estancia,"1,29 €",50.0,22.0,6.0,64.0,sí,1.1446866320446767,11516.0,tarde,jueves,distrito 4,3.4,1.0,3.0,01/04/2025
rotación media,"2,22 €",16.0,17.0,5.0,94.0,sí,0.7767572625066083,4737.0,mediodía,martes,distrito 1,2.5,6.0,4.0,10/06/2025
  larga estancia ,"1,15 €",8.0,21.0,5.0,78.0,sí,1.0447951638103314,4371.0,tarde,lunes,distrito 2,0.8,3.0,3.0,27/03/2025
larga estancia,"2,39 €",33.0,7.0,5.0,81.0,sí,0.7017542797720316,14247.0,tarde,lunes,distrito 6,2.9,6.0,4.0,24/01/2025
residentes,"2,00 €",43.0,24.0,0.0,84.0,sí,0.9001823526419382,6112.0,tarde,martes,distrito 9,3.8,1.0,2.0,15/10/2025
larga estancia,"2,24 €",45.0,11.0,0.0,37.0,sí,0.20845197690637318,6112.0,mañana,jueves,distrito 2,4.2,0.0,5.0,08/07/2025
rotación media,"1,83 €",12.0,17.0,0.0,72.0,no,0.8860634976223574,7626.0,tarde,jueves,distrito 10,4.6,1.0,3.0,27/04/2025
rotación media,"2,05 €",42.0,13.0,5.0,76.0,no,1.1792364033044347,4814.0,tarde,miércoles,distrito 5,4.7,2.0,6.0,26/08/2025
  rotación media ,"0,62 €",33.0,35.0,24.0,69.0,no,1.934689530322463,5006.0,tarde,miércoles,distrito 11,3.1,2.0,1.0,19/05/2025
  larga estancia ,"1,90 €",37.0,37.0,32.0,27.0,no,1.3584601514711288,16056.0,tarde,viernes,distrito 4,2.3,1.0,4.0,04/07/2025
ALTA ROTACIÓN,"1,50 €",23.0,11.0,11.0,26.0,sí,0.9601330704694631,12474.0,mañana,viernes,distrito 4,4.0,3.0,8.0,24/04/2025
alta rotación,"1,71 €",28.0,52.0,3.0,88.0,no,1.1938155517824285,3142.0,tarde,jueves,distrito 11,3.6,0.0,8.0,04/08/2025
residentes,"1,08 €",47.0,41.0,8.0,151.0,sí,1.8176247130238576,10726.0,tarde,lunes,distrito 3,0.8,6.0,6.0,28/04/2025
rotacion media,"1,63 €",56.0,31.0,4.0,128.0,sí,1.0920104233375778,12426.0,mañana,miércoles,distrito 9,4.0,4.0,7.0,10/06/2025
rotación media,"1,89 €",54.0,4.0,7.0,11.0,sí,0.55318831448799,10197.0,mañana,miércoles,distrito 8,4.5,4.0,5.0,16/06/2025
rotación media,"1,63 €",32.0,11.0,6.0,107.0,no,1.3230967908521976,8504.0,tarde,lunes,distrito 10,2.5,1.0,6.0,29/09/2025
rotación media,"2,68 €",53.0,1.0,4.0,43.0,sí,0.3271084880265371,19940.0,mañana,jueves,distrito 7,4.0,4.0,4.0,25/05/2025
  rotación media ,"2,12 €",31.0,6.0,2.0,24.0,no,1.051510805309782,8084.0,mediodía,martes,distrito 6,-99.0,3.0,1.0,23/04/2025
rotación media,"2,72 €",50.0,8.0,2.0,72.0,sí,0.4554538504205229,2479.0,mañana,sábado,distrito 5,5.3,0.0,4.0,24/09/2025
alta rotación,"2,75 €",23.0,30.0,8.0,73.0,sí,0.4556720795905875,7829.0,tarde,miércoles,distrito 5,5.3,4.0,3.0,11/05/2025
RESIDENTES,"1,92 €",14.0,23.0,2.0,33.0,sí,0.7507604753759097,9456.0,mañana,martes,distrito 6,3.4,6.0,4.0,19/02/2025
  residentes ,"2,28 €",18.0,36.0,0.0,197.0,no,1.204790936639918,28896.0,tarde,viernes,distrito 8,5.7,2.0,6.0,12/08/2025
rotación media,"2,21 €",8.0,11.0,37.0,46.0,sí,1.0756848154778738,5913.0,mediodía,lunes,distrito 5,4.2,3.0,3.0,25/02/2025
residentes,"2,45 €",20.0,34.0,3.0,1.0,sí,1.3117732452953743,5128.0,mañana,miércoles,distrito 4,5.2,6.0,6.0,06/10/2025
alta rotación,"2,78 €",14.0,31.0,8.0,51.0,sí,0.8990505567912593,11154.0,mañana,miércoles,distrito 4,3.0,2.0,0.0,26/09/2025
alta rotacion,"1,27 €",7.0,64.0,35.0,142.0,sí,2.056387198398393,1933.0,mediodía,miércoles,distrito 8,1.5,0.0,6.0,08/02/2025
alta rotación,"2,59 €",50.0,8.0,10.0,1.0,no,0.9888526015089191,6803.0,mañana,martes,distrito 8,4.8,6.0,3.0,06/05/2025
ROTACIÓN MEDIA,"2,97 €",37.0,6.0,0.0,48.0,sí,0.5440866190677995,6991.0,mediodía,lunes,distrito 3,1.8,1.0,6.0,10/05/2025
larga estancia,"3,22 €",27.0,11.0,0.0,126.0,sí,0.10696246152732325,4368.0,mediodía,miércoles,distrito 10,3.4,3.0,8.0,22/06/2025
ALTA ROTACIÓN,"1,95 €",40.0,12.0,1.0,43.0,sí,1.0851750095481527,11819.0,mediodía,jueves,distrito 5,4.1,5.0,8.0,20/10/2025
residentes,"2,19 €",15.0,28.0,7.0,88.0,sí,1.0687522247522052,5393.0,mediodía,miércoles,distrito 2,3.2,2.0,0.0,31/05/2025
alta rotación,"1,28 €",58.0,15.0,9.0,35.0,sí,1.933660949010336,16861.0,mañana,martes,distrito 2,5.3,5.0,4.0,22/09/2025
rotación media,"1,68 €",9.0,1.0,0.0,117.0,sí,0.377443191623161,6103.0,mediodía,lunes,distrito 4,2.9,4.0,8.0,02/10/2025
larga estancia,"2,20 €",58.0,13.0,12.0,67.0,sí,0.6407343017084881,2745.0,mañana,viernes,distrito 1,2.7,2.0,2.0,18/03/2025
  larga estancia ,"1,17 €",49.0,12.0,24.0,95.0,sí,1.017027391494124,22256.0,tarde,viernes,distrito 11,2.5,5.0,3.0,06/06/2025
larga estancia,"1,94 €",13.0,50.0,12.0,41.0,no,1.1892845339469929,6540.0,mediodía,viernes,distrito 8,4.1,5.0,0.0,20/07/2025
larga estancia,"2,32 €",47.0,1.0,5.0,91.0,sí,0.494974289252275,7012.0,mañana,jueves,distrito 2,4.9,4.0,7.0,13/01/2025
rotación media,"1,95 €",17.0,15.0,5.0,37.0,no,1.5375383405208833,5608.0,tarde,miércoles,distrito 4,3.3,2.0,7.0,02/08/2025
alta rotación,"1,51 €",28.0,19.0,8.0,42.0,no,1.1389512596895048,8631.0,mediodía,sábado,distrito 2,4.3,2.0,6.0,25/07/2025
rotación media,"2,35 €",26.0,15.0,2.0,14.0,sí,0.6094520641399457,6121.0,tarde,martes,distrito 10,1.7,4.0,8.0,06/06/2025
larga estancia,"1,94 €",53.0,57.0,3.0,99.0,sí,0.4668767976535161,7758.0,mañana,miércoles,distrito 3,0.8,0.0,0.0,06/10/2025
alta rotacion,"1,37 €",9.0,29.0,3.0,69.0,sí,1.0799487986269651,4733.0,tarde,lunes,distrito 4,4.6,0.0,7.0,09/06/2025
rotación media,"3,72 €",47.0,14.0,0.0,25.0,sí,0.4843304818602449,60119.0,mediodía,viernes,distrito 7,3.0,4.0,4.0,03/05/2025
alta rotación,"1,14 €",48.0,18.0,11.0,57.0,sí,1.6469398333014071,15753.0,mañana,sábado,distrito 9,1.1,5.0,2.0,26/03/2025
rotación media,"1,77 €",21.0,36.0,0.0,129.0,no,0.7629500033554872,14109.0,tarde,sábado,distrito 2,5.8,5.0,8.0,24/10/2025
rotación media,"1,31 €",44.0,2.0,17.0,27.0,sí,0.5553367788144996,4188.0,mediodía,miércoles,distrito 9,6.3,3.0,4.0,22/05/2025
larga estancia,"2,53 €",28.0,42.0,4.0,45.0,sí,0.7173352323811879,17847.0,mañana,martes,distrito 11,4.7,5.0,6.0,10/04/2025
rotacion media,"1,57 €",53.0,47.0,30.0,134.0,no,1.6232088013729047,11720.0,tarde,miércoles,distrito 5,2.8,6.0,4.0,28/08/2025
rotación media,"2,34 €",47.0,33.0,1.0,30.0,no,1.010014346339476,12607.0,tarde,sábado,distrito 6,4.3,2.0,6.0,08/07/2025
rotación media,"2,83 €",35.0,2.0,14.0,89.0,no,0.7709867490264891,23804.0,mediodía,jueves,distrito 6,0.8,4.0,4.0,11/10/2025
rotación media,"1,44 €",9.0,14.0,43.0,129.0,no,1.2420446193599917,18232.0,mañana,jueves,distrito 7,2.2,1.0,6.0,14/10/2025
larga estancia,"1,79 €",44.0,27.0,4.0,220.0,sí,0.7535090088932321,31016.0,mañana,sábado,distrito 8,5.1,5.0,5.0,09/06/2025
RESIDENTES,"2,63 €",9.0,1.0,13.0,22.0,sí,0.9170688820977247,12697.0,mañana,miércoles,distrito 8,3.9,5.0,4.0,05/06/2025
ALTA ROTACIÓN,"0,91 €",24.0,17.0,8.0,5.0,sí,1.4608295320915243,12455.0,mañana,viernes,distrito 10,2.8,0.0,7.0,23/10/2025
RESIDENTES,"3,21 €",35.0,22.0,0.0,41.0,no,0.9408070774215757,16495.0,mañana,jueves,distrito 4,5.2,1.0,7.0,09/05/2025
  rotación media ,"2,59 €",58.0,28.0,2.0,89.0,no,0.7734206630083731,9118.0,mañana,martes,distrito 5,4.0,3.0,0.0,22/02/2025
rotación media,"0,50 €",6.0,38.0,3.0,42.0,no,1.9341410740985656,7924.0,mediodía,miércoles,distrito 5,4.0,6.0,1.0,08/10/2025
  alta rotación ,"1,43 €",34.0,20.0,4.0,131.0,sí,1.0097712501937814,8383.0,mediodía,lunes,distrito 2,4.6,1.0,5.0,18/03/2025
rotación media,"2,08 €",13.0,31.0,13.0,105.0,sí,0.8013470865863336,5498.0,mañana,martes,distrito 5,4.6,5.0,2.0,30/04/2025
rotación media,"3,07 €",26.0,15.0,8.0,19.0,sí,0.8365845712766987,3608.0,tarde,jueves,distrito 6,2.4,3.0,8.0,23/05/2025
rotación media,"2,48 €",39.0,18.0,36.0,71.0,no,1.103015171239885,3458.0,mañana,martes,distrito 6,4.0,2.0,6.0,24/01/2025
rotación media,"2,59 €",21.0,13.0,27.0,245.0,no,1.2249212959388072,6275.0,tarde,sábado,distrito 7,4.9,4.0,6.0,19/04/2025
rotación media,"2,70 €",49.0,19.0,2.0,118.0,sí,0.3463577557999362,10868.0,tarde,lunes,distrito 2,2.6,6.0,3.0,01/08/2025
larga estancia,"2,38 €",48.0,8.0,4.0,32.0,no,0.7871303455597604,10829.0,mediodía,sábado,distrito 7,3.3,0.0,2.0,29/09/2025
alta rotación,"1,52 €",31.0,3.0,12.0,146.0,sí,0.9541631079443109,10916.0,mañana,lunes,distrito 2,4.4,1.0,0.0,03/06/2025
rotación media,"2,74 €",18.0,5.0,2.0,72.0,sí,0.5412133127955885,8009.0,mañana,sábado,distrito 8,3.2,3.0,1.0,22/06/2025
alta rotación,"2,62 €",16.0,31.0,3.0,104.0,sí,0.8946006041070198,12269.0,tarde,miércoles,distrito 11,2.7,3.0,2.0,10/10/2025
larga estancia,"2,84 €",32.0,51.0,8.0,31.0,no,1.1407988794735704,9951.0,mediodía,viernes,distrito 7,1.8,6.0,0.0,28/09/2025
rotacion media,"2,13 €",44.0,7.0,20.0,33.0,sí,0.9178999554548597,9613.0,tarde,viernes,distrito 1,3.8,6.0,3.0,18/08/2025
residentes,"1,79 €",12.0,45.0,7.0,132.0,sí,1.346916767528962,16809.0,mediodía,sábado,distrito 7,2.2,2.0,6.0,06/02/2025
rotación media,"2,14 €",60.0,44.0,17.0,148.0,sí,1.2783169954885878,8550.0,mediodía,sábado,distrito 5,3.4,1.0,1.0,18/05/2025
alta rotación,"2,00 €",11.0,14.0,0.0,98.0,no,0.858864974078978,14849.0,tarde,viernes,distrito 11,3.5,3.0,5.0,25/01/2025
  larga estancia ,"1,52 €",30.0,34.0,13.0,11.0,sí,1.2380236254098391,7374.0,tarde,sábado,distrito 4,2.2,1.0,7.0,09/06/2025
rotación media,"1,08 €",32.0,40.0,9.0,65.0,sí,1.5435093433005374,9071.0,tarde,sábado,distrito 6,2.1,6.0,3.0,08/08/2025
larga estancia,"1,16 €",30.0,27.0,2.0,0.0,no,1.6206575959004375,26582.0,mediodía,miércoles,distrito 10,1.5,6.0,4.0,07/03/2025
  residentes ,"2,03 €",30.0,1.0,7.0,77.0,sí,0.47840988992556915,17816.0,tarde,jueves,distrito 2,3.0,4.0,5.0,14/09/2025
larga estancia,"1,61 €",9.0,43.0,3.0,225.0,sí,0.8335741326785012,5491.0,tarde,martes,distrito 11,2.4,1.0,5.0,30/04/2025
alta rotación,"2,01 €",6.0,21.0,24.0,70.0,sí,1.274294637123294,3431.0,mediodía,martes,distrito 1,4.7,4.0,2.0,13/08/2025
residentes,"2,08 €",57.0,6.0,17.0,18.0,no,1.088233996180405,3199.0,mediodía,lunes,distrito 10,1.9,0.0,1.0,30/03/2025
residentes,"0,89 €",30.0,17.0,13.0,11.0,sí,1.5828935761535918,7788.0,mañana,viernes,distrito 1,4.8,6.0,2.0,28/05/2025
rotación media,"2,22 €",15.0,4.0,3.0,110.0,sí,0.4710456676237143,6031.0,tarde,viernes,distrito 6,2.9,2.0,1.0,19/03/2025
  residentes ,"2,85 €",57.0,10.0,11.0,18.0,sí,0.8892733905594514,18000.0,tarde,sábado,distrito 9,2.7,0.0,2.0,17/07/2025
rotación media,"1,47 €",40.0,2.0,18.0,4.0,sí,0.8057957880287197,17131.0,mañana,jueves,distrito 1,2.9,3.0,1.0,14/01/2025
larga estancia,"2,44 €",52.0,20.0,25.0,137.0,no,1.2030107659450737,12229.0,mañana,martes,distrito 9,5.7,2.0,6.0,06/02/2025
rotacion media,"3,96 €",19.0,36.0,9.0,142.0,no,0.834748447990243,21030.0,mañana,viernes,distrito 8,2.5,2.0,2.0,20/02/2025
LARGA ESTANCIA,"2,58 €",42.0,78.0,0.0,50.0,sí,0.623539401060269,17879.0,mañana,lunes,distrito 6,2.7,4.0,0.0,10/02/2025
alta rotación,"1,26 €",58.0,42.0,6.0,57.0,no,1.4740924567943081,5348.0,mañana,miércoles,distrito 5,3.7,1.0,6.0,01/02/2025
  rotación media ,"3,13 €",39.0,15.0,17.0,47.0,sí,0.8087416193182606,9444.0,tarde,jueves,distrito 9,4.9,6.0,5.0,10/01/2025
rotación media,"1,91 €",23.0,0.0,10.0,64.0,no,0.6212724667101699,26573.0,mañana,viernes,distrito 9,4.8,2.0,2.0,16/10/2025
alta rotación,"0,50 €",13.0,5.0,3.0,20.0,no,1.2736976693842603,8363.0,mañana,viernes,distrito 3,-99.0,4.0,2.0,04/03/2025
residentes,"2,31 €",36.0,28.0,62.0,65.0,sí,1.275144548430268,5689.0,mañana,lunes,distrito 6,1.5,2.0,5.0,27/02/2025
larga estancia,"2,11 €",49.0,14.0,34.0,98.0,sí,0.9462910222523778,8263.0,mañana,jueves,distrito 3,5.1,5.0,4.0,25/07/2025
rotación media,"2,26 €",52.0,17.0,17.0,87.0,sí,1.3297396122769394,17887.0,mañana,miércoles,distrito 11,2.1,1.0,7.0,30/03/2025
alta rotación,"1,39 €",9.0,12.0,2.0,184.0,sí,0.9996821593045705,11898.0,mañana,viernes,distrito 2,3.2,4.0,8.0,10/02/2025
alta rotación,"1,96 €",29.0,20.0,3.0,67.0,sí,0.7307477320837288,7944.0,mediodía,miércoles,distrito 8,3.4,3.0,5.0,10/10/2025
alta rotación,"0,87 €",11.0,21.0,8.0,15.0,no,1.713854567681179,9441.0,tarde,martes,distrito 8,2.3,5.0,0.0,28/05/2025
larga estancia,"1,70 €",60.0,17.0,8.0,39.0,sí,0.9949069975324433,24220.0,mañana,sábado,distrito 1,4.0,6.0,5.0,18/03/2025
larga estancia,"2,23 €",56.0,29.0,7.0,55.0,sí,0.9715618180843796,3746.0,tarde,lunes,distrito 9,3.1,5.0,2.0,27/03/2025
alta rotación,"1,88 €",48.0,43.0,4.0,17.0,no,1.4555013568312165,14234.0,mañana,jueves,distrito 2,2.5,1.0,6.0,16/03/2025
larga estancia,"2,07 €",36.0,12.0,13.0,134.0,sí,0.9927367825631036,13915.0,tarde,viernes,distrito 10,4.0,1.0,4.0,01/04/2025
residentes,"2,86 €",51.0,12.0,11.0,255.0,no,0.7324860136348988,6273.0,mediodía,sábado,distrito 10,0.8,6.0,7.0,25/01/2025
alta rotación,"1,30 €",47.0,15.0,0.0,96.0,no,1.4505378058465892,13213.0,mañana,martes,distrito 3,3.6,3.0,4.0,23/08/2025
rotación media,"3,14 €",32.0,28.0,8.0,29.0,sí,0.8611535191820309,17034.0,tarde,miércoles,distrito 1,3.7,4.0,7.0,25/04/2025
RESIDENTES,"2,11 €",23.0,54.0,10.0,52.0,sí,1.3344812916843611,9348.0,tarde,lunes,distrito 3,2.3,1.0,1.0,28/09/2025
ALTA ROTACIÓN,"2,72 €",36.0,4.0,5.0,38.0,sí,0.4750293326329562,7193.0,mediodía,lunes,distrito 10,4.1,0.0,7.0,24/01/2025
alta rotacion,"3,58 €",57.0,51.0,1.0,98.0,sí,0.7435708474774072,14927.0,mañana,miércoles,distrito 7,1.7,5.0,2.0,18/07/2025
rotación media,"2,32 €",53.0,9.0,4.0,66.0,no,1.2446621153029076,9607.0,mañana,sábado,distrito 5,3.4,2.0,3.0,08/08/2025
  alta rotación ,"3,86 €",11.0,17.0,10.0,69.0,sí,0.5807608347502187,5097.0,mañana,miércoles,distrito 6,2.3,6.0,5.0,13/09/2025
rotación media,"1,43 €",18.0,18.0,3.0,50.0,no,0.8760983063530788,2123.0,mañana,miércoles,distrito 6,3.9,1.0,1.0,28/04/2025
rotación media,"2,58 €",40.0,35.0,3.0,21.0,no,0.8217113492801542,11030.0,tarde,martes,distrito 8,1.7,6.0,2.0,02/06/2025
alta rotación,"2,01 €",59.0,7.0,8.0,33.0,sí,0.8669893652840192,5201.0,tarde,martes,distrito 9,3.2,5.0,5.0,27/01/2025
larga estancia,"1,39 €",25.0,27.0,2.0,0.0,no,1.436255332753305,13281.0,mañana,miércoles,distrito 7,1.9,5.0,5.0,14/09/2025
rotación media,"2,49 €",49.0,7.0,5.0,19.0,no,0.9256824153181122,5761.0,tarde,miércoles,distrito 1,0.8,4.0,2.0,20/05/2025
alta rotación,"0,51 €",40.0,33.0,25.0,114.0,sí,2.0765065028880905,4483.0,tarde,martes,distrito 3,2.4,4.0,4.0,21/06/2025
rotación media,"2,40 €",24.0,9.0,4.0,66.0,sí,0.5342455019436922,18545.0,mañana,jueves,distrito 3,1.4,0.0,2.0,04/02/2025
RESIDENTES,"2,54 €",57.0,51.0,2.0,128.0,no,0.9162107811560289,8034.0,tarde,lunes,distrito 5,3.9,4.0,4.0,10/08/2025
rotación media,"2,87 €",44.0,17.0,3.0,42.0,no,0.7091039865534485,4439.0,mañana,lunes,distrito 4,5.9,6.0,0.0,29/04/2025
  rotación media ,"2,02 €",7.0,17.0,14.0,84.0,sí,1.0999326134370724,5128.0,mañana,viernes,distrito 10,4.2,5.0,1.0,16/02/2025
larga estancia,"2,25 €",42.0,13.0,13.0,90.0,sí,0.6051464150252994,14350.0,mañana,martes,distrito 4,2.3,5.0,0.0,02/03/2025
larga estancia,"1,61 €",11.0,4.0,0.0,45.0,no,-0.05226266872011398,9542.0,tarde,jueves,distrito 2,1.9,3.0,8.0,12/09/2025
alta rotación,"1,49 €",40.0,15.0,1.0,93.0,sí,0.9845285866070871,18143.0,mañana,martes,distrito 5,3.6,2.0,1.0,18/06/2025
rotación media,"1,69 €",42.0,20.0,20.0,28.0,sí,1.257354518597983,15025.0,mañana,jueves,distrito 5,4.3,0.0,3.0,29/05/2025
larga estancia,"2,67 €",11.0,26.0,5.0,16.0,sí,0.9138268632477659,7574.0,mañana,sábado,distrito 11,-99.0,1.0,7.0,17/05/2025
rotación media,"2,02 €",7.0,17.0,32.0,23.0,no,1.2598939611053221,9304.0,tarde,jueves,distrito 2,3.8,0.0,2.0,17/10/2025
alta rotacion,"3,00 €",60.0,10.0,18.0,58.0,sí,0.851108028896536,3668.0,mañana,miércoles,distrito 9,4.9,4.0,4.0,05/05/2025
rotacion media,"2,26 €",9.0,10.0,8.0,91.0,no,0.8813036155897456,10302.0,tarde,martes,distrito 10,3.5,4.0,0.0,20/05/2025
larga estancia,"1,48 €",15.0,20.0,9.0,81.0,no,1.2737217754425254,15037.0,tarde,miércoles,distrito 2,3.5,0.0,3.0,23/06/2025
residentes,"2,80 €",8.0,7.0,4.0,18.0,no,0.9355840534047449,16700.0,tarde,lunes,distrito 7,3.1,2.0,4.0,24/05/2025
LARGA ESTANCIA,"1,97 €",52.0,12.0,2.0,238.0,no,0.803084457002471,4590.0,tarde,jueves,distrito 5,3.0,3.0,7.0,17/05/2025
alta rotación,"1,17 €",26.0,20.0,22.0,9.0,no,1.8247567274645038,9923.0,tarde,miércoles,distrito 10,4.5,0.0,3.0,27/09/2025
rotación media,"1,69 €",39.0,4.0,14.0,8.0,sí,1.118330370695485,14710.0,mañana,lunes,distrito 5,4.1,6.0,5.0,27/08/2025
alta rotación,"3,67 €",20.0,30.0,4.0,47.0,sí,1.0571302303562957,7742.0,mediodía,sábado,distrito 6,2.6,3.0,1.0,22/06/2025
residentes,"1,43 €",36.0,79.0,8.0,153.0,sí,1.57459061272791,8426.0,mañana,jueves,distrito 4,1.4,6.0,1.0,30/04/2025
ROTACIÓN MEDIA,"2,24 €",43.0,10.0,11.0,53.0,sí,0.910630565320199,10545.0,tarde,lunes,distrito 3,4.2,4.0,8.0,04/06/2025
residentes,"1,42 €",39.0,40.0,1.0,40.0,sí,1.4623546579687707,7818.0,tarde,viernes,distrito 6,3.3,6.0,0.0,23/04/2025
rotación media,"2,69 €",51.0,22.0,26.0,81.0,sí,1.332912793809435,15659.0,tarde,sábado,distrito 8,4.1,2.0,5.0,17/08/2025
rotacion media,"1,50 €",10.0,8.0,3.0,2.0,sí,1.2590486052852812,10199.0,mediodía,viernes,distrito 8,2.6,3.0,7.0,20/07/2025
rotación media,"1,22 €",20.0,38.0,7.0,38.0,sí,1.578744889281284,5512.0,tarde,viernes,distrito 9,1.6,5.0,1.0,30/03/2025
residentes,"2,64 €",60.0,12.0,6.0,36.0,sí,0.9787395248486916,12145.0,mañana,martes,distrito 4,4.7,1.0,2.0,27/02/2025
alta rotación,"3,41 €",19.0,20.0,9.0,12.0,no,1.1484287092547623,8204.0,tarde,viernes,distrito 4,3.7,5.0,0.0,04/08/2025
ALTA ROTACIÓN,"1,26 €",60.0,19.0,0.0,103.0,sí,1.0283490478454442,12675.0,mañana,viernes,distrito 11,5.1,4.0,8.0,08/02/2025
  alta rotación ,"2,43 €",27.0,8.0,12.0,24.0,no,0.5445062500436486,15652.0,mañana,jueves,distrito 1,3.5,6.0,8.0,25/08/2025
rotación media,"2,74 €",20.0,12.0,1.0,46.0,sí,0.5202173739827158,26533.0,mañana,miércoles,distrito 2,3.6,2.0,2.0,10/09/2025
alta rotación,"1,15 €",56.0,14.0,9.0,17.0,sí,1.4173373999972667,38049.0,tarde,viernes,distrito 11,0.8,1.0,3.0,07/05/2025
alta rotacion,"3,01 €",14.0,10.0,3.0,63.0,no,0.9990597792797451,6944.0,tarde,sábado,distrito 3,3.7,0.0,7.0,28/06/2025
alta rotación,"2,08 €",16.0,19.0,5.0,23.0,no,0.989304765602654,26279.0,mañana,martes,distrito 10,1.2,3.0,1.0,30/05/2025
rotación media,"2,78 €",53.0,34.0,17.0,157.0,sí,1.4364272543852301,6410.0,mañana,martes,distrito 11,5.3,4.0,2.0,23/10/2025
larga estancia,"2,58 €",54.0,24.0,2.0,48.0,sí,0.5289908958996128,7900.0,tarde,lunes,distrito 8,2.2,0.0,7.0,24/03/2025
rotación media,"2,38 €",16.0,6.0,7.0,47.0,sí,1.1066638071711037,11323.0,mediodía,jueves,distrito 3,4.8,1.0,7.0,16/08/2025
larga estancia,"2,18 €",49.0,35.0,12.0,96.0,no,1.161159228332367,11610.0,mañana,sábado,distrito 4,0.8,5.0,1.0,06/08/2025
larga estancia,"2,17 €",45.0,10.0,1.0,145.0,no,0.6896477863410089,6264.0,mediodía,lunes,distrito 10,3.1,3.0,6.0,21/05/2025
alta rotación,"2,37 €",39.0,6.0,13.0,75.0,sí,0.6817132109875979,8647.0,mañana,viernes,distrito 10,4.8,1.0,2.0,07/01/2025
LARGA ESTANCIA,"0,66 €",39.0,10.0,12.0,59.0,sí,1.0797739733094984,17112.0,mediodía,jueves,distrito 6,5.3,1.0,0.0,02/03/2025
alta rotación,"1,99 €",15.0,7.0,2.0,99.0,sí,0.48890009981260407,8208.0,mediodía,martes,distrito 9,3.2,6.0,1.0,18/08/2025
rotación media,"1,30 €",54.0,6.0,8.0,223.0,sí,0.9405122994865927,16930.0,mañana,sábado,distrito 8,4.7,2.0,2.0,30/08/2025
  rotación media ,"1,55 €",39.0,21.0,17.0,136.0,sí,1.0287153068381831,6068.0,tarde,sábado,distrito 5,3.7,0.0,6.0,24/08/2025
rotación media,"0,69 €",18.0,14.0,1.0,120.0,sí,1.0954005756630822,7884.0,tarde,martes,distrito 9,7.1,4.0,1.0,02/11/2025
alta rotación,"3,15 €",46.0,22.0,0.0,55.0,no,0.7952490657177115,16804.0,tarde,viernes,distrito 10,4.5,6.0,7.0,27/07/2025
  rotación media ,"2,60 €",46.0,58.0,8.0,14.0,no,1.0718176979267142,9245.0,tarde,lunes,distrito 3,5.6,3.0,7.0,15/10/2025
larga estancia,"1,50 €",12.0,21.0,2.0,72.0,sí,1.1650197277385184,11052.0,mañana,jueves,distrito 8,2.0,0.0,5.0,11/04/2025
rotación media,"2,58 €",6.0,104.0,4.0,51.0,sí,0.9731055581200551,4374.0,mañana,lunes,distrito 1,3.7,0.0,0.0,10/05/2025
  rotación media ,"1,68 €",56.0,90.0,4.0,71.0,no,1.541002443714493,8817.0,mañana,miércoles,distrito 9,3.9,5.0,0.0,30/07/2025
  alta rotación ,"2,76 €",56.0,30.0,4.0,23.0,sí,1.0272926507551463,9803.0,mañana,jueves,distrito 10,3.4,0.0,1.0,13/10/2025
residentes,"2,40 €",30.0,17.0,17.0,63.0,sí,0.9214816158605562,8256.0,mañana,lunes,distrito 2,3.9,2.0,1.0,15/08/2025
rotación media,"2,67 €",13.0,77.0,13.0,113.0,no,1.431198420696513,12874.0,mediodía,jueves,distrito 6,0.8,6.0,5.0,12/06/2025
alta rotación,"2,26 €",29.0,19.0,25.0,11.0,no,1.2785543583625625,20751.0,mañana,lunes,distrito 9,4.8,4.0,7.0,26/09/2025
larga estancia,"1,58 €",28.0,34.0,0.0,29.0,sí,0.8384211370721528,5778.0,tarde,lunes,distrito 1,3.2,3.0,0.0,05/10/2025
larga estancia,"3,21 €",50.0,23.0,14.0,29.0,no,0.7348705997162677,13368.0,mañana,jueves,distrito 4,3.2,0.0,7.0,18/01/2025
residentes,"1,78 €",28.0,20.0,19.0,67.0,no,1.4834556482616525,17813.0,tarde,viernes,distrito 9,6.3,3.0,1.0,02/11/2025
alta rotación,"1,68 €",41.0,17.0,1.0,75.0,no,1.1171728120300217,6363.0,mañana,jueves,distrito 4,3.2,4.0,8.0,19/02/2025
alta rotacion,"1,58 €",24.0,28.0,1.0,63.0,no,1.244797752038335,7901.0,mañana,miércoles,distrito 8,-99.0,0.0,6.0,05/03/2025
rotación media,"2,33 €",28.0,18.0,6.0,17.0,sí,0.99120805209049,25994.0,mañana,miércoles,distrito 6,2.3,5.0,6.0,29/07/2025
larga estancia,"1,88 €",48.0,40.0,0.0,100.0,sí,0.7955395249625009,24256.0,mañana,jueves,distrito 5,4.5,5.0,1.0,25/10/2025
rotación media,"1,86 €",48.0,8.0,7.0,5.0,sí,0.9777034165073221,5865.0,mañana,sábado,distrito 3,2.2,3.0,8.0,25/02/2025
residentes,"1,96 €",37.0,26.0,6.0,59.0,no,1.2640171321835663,9441.0,mañana,viernes,distrito 9,4.1,6.0,6.0,12/05/2025
rotación media,"0,50 €",59.0,10.0,10.0,15.0,sí,1.584671564457605,9251.0,mañana,sábado,distrito 3,3.0,6.0,8.0,25/02/2025
rotación media,"2,22 €",16.0,8.0,8.0,33.0,sí,0.7476757165271504,16426.0,tarde,lunes,distrito 8,2.2,4.0,8.0,09/03/2025
alta rotacion,"1,95 €",27.0,32.0,7.0,63.0,sí,1.1455603295415442,10711.0,tarde,viernes,distrito 3,4.0,2.0,1.0,02/04/2025
ALTA ROTACIÓN,"2,34 €",27.0,31.0,13.0,52.0,no,1.566370922493096,23889.0,mañana,martes,distrito 3,3.0,1.0,0.0,16/06/2025
larga estancia,"2,42 €",25.0,6.0,16.0,60.0,no,1.0090018380116006,6637.0,mañana,jueves,distrito 1,3.4,1.0,7.0,09/04/2025
larga estancia,"1,50 €",28.0,19.0,4.0,36.0,sí,1.040749726949305,7908.0,mediodía,lunes,distrito 2,2.9,1.0,5.0,17/04/2025
residentes,"2,85 €",59.0,17.0,2.0,98.0,sí,0.8606711219270916,16715.0,tarde,miércoles,distrito 5,5.2,0.0,6.0,18/06/2025
LARGA ESTANCIA,"2,05 €",47.0,5.0,5.0,43.0,sí,0.4116234158798101,3262.0,mediodía,miércoles,distrito 1,0.8,5.0,8.0,25/04/2025
larga estancia,"3,15 €",54.0,44.0,12.0,58.0,sí,1.138822285356275,5107.0,tarde,miércoles,distrito 1,2.6,2.0,1.0,12/08/2025
ROTACIÓN MEDIA,"1,37 €",21.0,8.0,13.0,37.0,no,1.3452504760633759,8210.0,tarde,viernes,distrito 1,0.8,5.0,0.0,09/09/2025
larga estancia,"2,34 €",30.0,6.0,9.0,41.0,sí,0.9933468347457135,8521.0,tarde,lunes,distrito 3,1.5,1.0,4.0,10/01/2025
  rotación media ,"2,86 €",19.0,8.0,2.0,64.0,sí,0.2408561343410321,9575.0,mediodía,jueves,distrito 6,4.9,2.0,8.0,21/03/2025
larga estancia,"0,95 €",9.0,35.0,4.0,19.0,sí,1.0633949651848402,9675.0,mañana,sábado,distrito 11,2.5,5.0,7.0,24/04/2025
ROTACIÓN MEDIA,"1,37 €",40.0,13.0,27.0,54.0,sí,1.0638580969731546,13740.0,mañana,martes,distrito 2,-99.0,6.0,0.0,12/09/2025
LARGA ESTANCIA,"3,19 €",55.0,56.0,41.0,17.0,sí,1.3898710016468632,7796.0,mañana,jueves,distrito 10,3.9,0.0,5.0,14/05/2025
rotación media,"2,48 €",19.0,69.0,3.0,12.0,sí,1.048081524319287,8654.0,mañana,martes,distrito 10,5.6,1.0,2.0,22/08/2025
alta rotación,"1,77 €",15.0,59.0,11.0,13.0,sí,1.2737351057903739,11553.0,mañana,lunes,distrito 7,5.6,5.0,3.0,12/04/2025
  larga estancia ,"2,61 €",44.0,21.0,16.0,79.0,no,1.0031564953741292,6210.0,tarde,viernes,distrito 8,2.8,1.0,7.0,29/07/2025
residentes,"2,58 €",11.0,12.0,17.0,282.0,sí,1.01345304876653,5905.0,mediodía,miércoles,distrito 3,-99.0,2.0,0.0,03/09/2025
larga estancia,"1,91 €",35.0,12.0,24.0,30.0,sí,1.3523343250804025,10044.0,tarde,sábado,distrito 1,4.3,5.0,8.0,16/04/2025
larga estancia,"3,10 €",9.0,11.0,5.0,66.0,sí,0.8829742158755665,11258.0,mañana,lunes,distrito 3,1.2,2.0,4.0,14/02/2025
alta rotación,"3,24 €",12.0,12.0,15.0,88.0,sí,0.9134389241535775,2454.0,mañana,jueves,distrito 11,3.9,2.0,8.0,08/05/2025
residentes,"0,57 €",37.0,6.0,2.0,54.0,sí,1.3200319738661197,11893.0,mediodía,sábado,distrito 2,2.5,0.0,4.0,10/09/2025
larga estancia,"0,95 €",10.0,7.0,21.0,67.0,no,1.3582248641571066,9967.0,mañana,martes,distrito 4,5.9,1.0,2.0,13/06/2025
larga estancia,"2,47 €",28.0,8.0,10.0,20.0,sí,0.7255999901104241,9445.0,mediodía,viernes,distrito 4,5.4,3.0,1.0,22/01/2025
LARGA ESTANCIA,"0,89 €",44.0,66.0,21.0,19.0,no,2.010144093118052,8033.0,tarde,jueves,distrito 11,3.2,4.0,8.0,03/10/2025
alta rotación,"2,44 €",55.0,18.0,9.0,42.0,sí,0.5789917877732464,14500.0,mañana,sábado,distrito 11,0.8,4.0,7.0,30/07/2025
alta rotación,"2,59 €",29.0,28.0,4.0,41.0,no,1.1623275879428716,10236.0,tarde,sábado,distrito 8,6.0,6.0,0.0,01/05/2025
larga estancia,"3,18 €",45.0,14.0,28.0,37.0,sí,0.6619800247387193,6028.0,mañana,sábado,distrito 1,3.7,6.0,8.0,15/07/2025
rotación media,"1,90 €",52.0,36.0,24.0,20.0,sí,1.4644337517190498,12635.0,mañana,sábado,distrito 9,3.6,0.0,2.0,19/02/2025
alta rotación,"2,17 €",17.0,9.0,11.0,70.0,sí,0.8278160932962491,13514.0,tarde,lunes,distrito 6,3.3,3.0,4.0,02/02/2025
rotación media,"1,54 €",10.0,13.0,6.0,58.0,sí,1.4528455948269814,13337.0,mañana,jueves,distrito 3,2.7,3.0,1.0,17/03/2025
ROTACIÓN MEDIA,"1,92 €",58.0,38.0,31.0,31.0,sí,1.503013042576182,7313.0,mediodía,martes,distrito 9,1.9,5.0,4.0,22/04/2025
rotación media,"1,73 €",53.0,43.0,3.0,93.0,sí,1.6390511780558559,19723.0,mañana,lunes,distrito 3,0.8,4.0,3.0,16/09/2025
  rotación media ,"1,05 €",31.0,16.0,5.0,65.0,no,1.4419122991563011,23252.0,tarde,miércoles,distrito 2,1.6,6.0,0.0,01/06/2025
alta rotacion,"1,56 €",36.0,5.0,11.0,89.0,sí,1.4319122767083836,7761.0,mediodía,miércoles,distrito 3,2.7,4.0,4.0,25/08/2025
rotación media,"2,88 €",34.0,17.0,16.0,107.0,sí,0.7924845929178779,3873.0,mañana,martes,distrito 2,3.9,6.0,5.0,13/04/2025
rotación media,"1,51 €",40.0,8.0,5.0,108.0,sí,0.740397042108679,12349.0,mediodía,jueves,distrito 11,1.1,0.0,7.0,14/02/2025
  residentes ,"1,06 €",36.0,29.0,20.0,109.0,no,1.4899102545810934,6117.0,tarde,miércoles,distrito 9,-99.0,3.0,1.0,03/09/2025
alta rotación,"2,57 €",24.0,16.0,3.0,58.0,sí,0.9321339920262218,8692.0,tarde,jueves,distrito 4,4.0,3.0,1.0,09/05/2025
residentes,"2,43 €",30.0,54.0,2.0,43.0,no,1.2189697491963896,6301.0,mañana,lunes,distrito 4,3.9,0.0,8.0,09/10/2025
rotación media,"2,51 €",55.0,14.0,0.0,40.0,sí,0.5291228137950923,38107.0,mañana,martes,distrito 2,3.9,0.0,0.0,16/10/2025
rotación media,"1,78 €",43.0,7.0,2.0,28.0,sí,0.3868375953928199,16833.0,tarde,sábado,distrito 5,5.1,0.0,7.0,06/08/2025
larga estancia,"1,04 €",27.0,16.0,21.0,41.0,sí,1.4681876033351295,11312.0,tarde,jueves,distrito 4,3.7,4.0,4.0,02/10/2025
larga estancia,"3,28 €",52.0,26.0,0.0,23.0,sí,0.17062401989589537,11872.0,mañana,martes,distrito 9,2.9,4.0,2.0,30/10/2025
residentes,"3,56 €",37.0,20.0,5.0,22.0,no,1.1710123183993417,3071.0,mediodía,sábado,distrito 6,4.4,2.0,6.0,16/10/2025
rotación media,"2,08 €",11.0,33.0,25.0,4.0,sí,1.8666557588103856,4096.0,tarde,miércoles,distrito 1,2.0,5.0,0.0,28/02/2025
larga estancia,"3,29 €",50.0,17.0,5.0,5.0,sí,0.19197225687264763,9468.0,mañana,jueves,distrito 11,4.0,5.0,3.0,17/02/2025
rotación media,"2,34 €",23.0,11.0,5.0,26.0,sí,0.6794304278573974,35512.0,mediodía,viernes,distrito 1,4.5,3.0,3.0,17/04/2025
larga estancia,"3,22 €",54.0,10.0,0.0,54.0,sí,0.09809312938943741,7225.0,mediodía,martes,distrito 1,4.3,6.0,3.0,09/07/2025
alta rotacion,"1,96 €",40.0,9.0,26.0,38.0,sí,0.9571082175391779,15521.0,tarde,martes,distrito 2,3.6,0.0,5.0,18/01/2025
rotación media,"1,93 €",7.0,3.0,9.0,98.0,sí,0.7101331154135313,9037.0,mañana,martes,distrito 1,4.4,2.0,1.0,21/07/2025
alta rotación,"3,78 €",9.0,25.0,27.0,125.0,no,1.0173558390333357,12203.0,mediodía,jueves,distrito 7,3.7,0.0,3.0,10/01/2025
residentes,"2,00 €",20.0,31.0,4.0,54.0,sí,0.7810385383425367,6704.0,mañana,jueves,distrito 3,3.0,0.0,0.0,15/06/2025
alta rotación,"3,00 €",9.0,2.0,12.0,46.0,sí,0.6546348892691389,21313.0,tarde,miércoles,distrito 5,0.8,1.0,0.0,30/04/2025
rotación media,"2,55 €",31.0,5.0,14.0,71.0,sí,0.42060346716356983,10027.0,mediodía,lunes,distrito 10,0.8,2.0,1.0,16/07/2025
residentes,"2,43 €",50.0,11.0,9.0,79.0,sí,0.654472233842037,15157.0,mañana,viernes,distrito 9,3.0,3.0,4.0,26/06/2025
RESIDENTES,"2,41 €",60.0,1.0,14.0,38.0,sí,0.551487713028207,36874.0,mañana,martes,distrito 5,2.3,2.0,7.0,28/04/2025
rotación media,"1,16 €",31.0,37.0,1.0,10.0,sí,1.3105868468580413,5599.0,mañana,lunes,distrito 5,3.5,1.0,4.0,15/10/2025
residentes,"0,73 €",20.0,21.0,17.0,26.0,sí,1.738707872552436,3129.0,mediodía,miércoles,distrito 1,4.7,4.0,8.0,05/07/2025
rotación media,"2,09 €",14.0,13.0,16.0,83.0,no,1.13783849814165,10413.0,mediodía,martes,distrito 4,5.3,4.0,8.0,12/07/2025
larga estancia,"2,92 €",35.0,77.0,3.0,55.0,sí,0.8859339535695356,5333.0,mañana,sábado,distrito 11,3.3,3.0,2.0,14/01/2025
ROTACIÓN MEDIA,"1,30 €",34.0,15.0,6.0,87.0,sí,1.2840695848865709,5045.0,mediodía,viernes,distrito 5,2.2,3.0,6.0,17/07/2025
larga estancia,"1,35 €",15.0,4.0,18.0,126.0,no,0.557418877726711,11303.0,mañana,miércoles,distrito 1,2.6,6.0,8.0,30/09/2025
alta rotación,"1,66 €",31.0,64.0,1.0,55.0,sí,0.9865626689724482,17147.0,mañana,sábado,distrito 11,3.0,1.0,1.0,01/08/2025
  rotación media ,"2,51 €",48.0,29.0,35.0,230.0,no,1.2083025568479968,19262.0,mediodía,miércoles,distrito 4,2.6,3.0,4.0,15/02/2025
alta rotación,"0,85 €",6.0,48.0,9.0,49.0,sí,1.806201902269644,21570.0,tarde,jueves,distrito 9,1.9,2.0,0.0,31/03/2025
larga estancia,"1,82 €",52.0,8.0,1.0,52.0,sí,0.9768231559151127,4642.0,mañana,lunes,distrito 10,3.9,1.0,6.0,07/08/2025
alta rotación,"2,99 €",50.0,30.0,4.0,31.0,sí,0.9407715757884054,9509.0,mediodía,martes,distrito 5,1.7,4.0,2.0,19/06/2025
  rotación media ,"2,46 €",12.0,23.0,11.0,90.0,no,0.9770742639732304,6932.0,mediodía,miércoles,distrito 7,5.0,3.0,6.0,27/07/2025
rotación media,"3,68 €",11.0,5.0,9.0,125.0,no,0.4316466628085812,8841.0,tarde,lunes,distrito 4,3.9,0.0,4.0,01/08/2025
larga estancia,"2,14 €",24.0,50.0,14.0,128.0,no,1.2952820868048263,6148.0,mañana,viernes,distrito 9,3.4,0.0,8.0,20/02/2025
alta rotación,"1,61 €",40.0,39.0,4.0,118.0,no,1.0792757043480767,9050.0,mañana,lunes,distrito 2,5.2,3.0,7.0,20/01/2025
alta rotación,"1,28 €",43.0,21.0,4.0,30.0,no,1.8229404950408012,4360.0,mediodía,jueves,distrito 1,2.7,4.0,4.0,29/07/2025
  larga estancia ,"3,16 €",51.0,11.0,4.0,148.0,sí,0.6011251733554799,4169.0,mañana,martes,distrito 11,1.4,6.0,7.0,05/07/2025
rotación media,"1,61 €",19.0,46.0,3.0,1.0,sí,1.2486719348835122,27737.0,mañana,jueves,distrito 2,1.1,6.0,5.0,09/04/2025
larga estancia,"1,88 €",17.0,8.0,5.0,19.0,sí,0.6297760021224453,7437.0,mañana,viernes,distrito 11,2.3,1.0,4.0,13/02/2025
residentes,"2,09 €",31.0,22.0,13.0,78.0,sí,0.9616365078282637,9759.0,mañana,lunes,distrito 11,3.9,1.0,1.0,18/04/2025
larga estancia,"2,45 €",47.0,14.0,41.0,29.0,sí,0.971036630309733,11129.0,mañana,martes,distrito 11,3.4,0.0,5.0,17/01/2025
rotación media,"1,92 €",36.0,19.0,0.0,7.0,sí,0.6961320396626302,9545.0,tarde,sábado,distrito 6,2.9,1.0,1.0,29/05/2025
rotación media,"2,67 €",15.0,43.0,6.0,78.0,no,1.0466693471595698,18380.0,mañana,viernes,distrito 6,5.0,1.0,6.0,26/09/2025
alta rotación,"2,42 €",35.0,36.0,12.0,12.0,sí,1.2150573140045993,22693.0,mediodía,jueves,distrito 4,4.6,4.0,0.0,07/03/2025
rotación media,"2,11 €",25.0,8.0,11.0,13.0,sí,0.8057723717438541,10127.0,mañana,miércoles,distrito 6,3.1,3.0,2.0,13/08/2025
larga estancia,"1,79 €",20.0,21.0,19.0,28.0,sí,1.2653233835877,12135.0,tarde,jueves,distrito 2,4.0,4.0,8.0,22/05/2025
ROTACIÓN MEDIA,"2,02 €",23.0,6.0,44.0,97.0,no,1.1721443997253336,9127.0,tarde,sábado,distrito 10,2.7,3.0,7.0,12/02/2025
larga estancia,"2,13 €",6.0,22.0,2.0,137.0,sí,0.9613823349116746,6190.0,mañana,lunes,distrito 9,2.7,0.0,0.0,01/03/2025
larga estancia,"1,97 €",29.0,34.0,3.0,64.0,no,1.3739117542677526,12105.0,mañana,martes,distrito 10,1.2,4.0,8.0,02/11/2025
alta rotación,"1,34 €",52.0,41.0,4.0,83.0,no,1.6390104112770607,6772.0,mañana,sábado,distrito 6,3.7,4.0,2.0,04/09/2025
alta rotación,"2,23 €",57.0,11.0,4.0,33.0,sí,0.926929466538551,5217.0,tarde,martes,distrito 9,1.1,2.0,6.0,30/10/2025
rotación media,"2,07 €",41.0,15.0,1.0,45.0,sí,0.8245391372591477,9275.0,mañana,lunes,distrito 5,-99.0,4.0,3.0,18/02/2025
larga estancia,"2,84 €",36.0,4.0,9.0,58.0,sí,0.3164853557912519,17686.0,mediodía,viernes,distrito 8,4.8,4.0,4.0,05/02/2025
larga estancia,"1,85 €",53.0,38.0,16.0,103.0,sí,1.160342760456328,4054.0,mañana,sábado,distrito 2,2.0,5.0,7.0,27/05/2025
  larga estancia ,"1,92 €",24.0,15.0,48.0,187.0,sí,0.5716113772652687,4589.0,tarde,miércoles,distrito 10,2.0,2.0,4.0,11/05/2025
residentes,"2,46 €",57.0,61.0,5.0,38.0,sí,1.4416863663433,8317.0,mediodía,martes,distrito 2,1.0,1.0,6.0,10/02/2025
alta rotación,"2,04 €",43.0,7.0,3.0,51.0,sí,0.6055783168764888,8208.0,mediodía,sábado,distrito 1,3.8,6.0,6.0,25/06/2025
  rotación media ,"0,99 €",48.0,55.0,4.0,44.0,sí,1.6567539287574513,11674.0,mediodía,lunes,distrito 8,2.0,0.0,7.0,02/02/2025
alta rotación,"1,90 €",58.0,17.0,0.0,13.0,sí,0.6950432542751137,13268.0,mediodía,viernes,distrito 10,3.1,2.0,0.0,03/03/2025
residentes,"3,56 €",59.0,53.0,9.0,39.0,sí,1.157661161604389,13475.0,mediodía,sábado,distrito 10,4.9,5.0,7.0,10/10/2025
  rotación media ,"0,50 €",11.0,79.0,7.0,18.0,sí,2.0615492096493795,31484.0,mañana,sábado,distrito 7,4.1,6.0,2.0,02/02/2025
larga estancia,"3,06 €",23.0,32.0,9.0,18.0,sí,0.8202207354856218,5648.0,tarde,sábado,distrito 9,2.1,5.0,2.0,13/06/2025
larga estancia,"3,44 €",60.0,83.0,6.0,51.0,sí,0.7648182942164794,14629.0,mediodía,jueves,distrito 7,3.8,0.0,6.0,28/01/2025
  rotación media ,"2,30 €",19.0,24.0,1.0,76.0,sí,0.606809586729931,19484.0,mediodía,sábado,distrito 5,2.6,4.0,2.0,15/07/2025
alta rotación,"2,44 €",17.0,5.0,13.0,12.0,no,0.7655772141764889,6846.0,mañana,sábado,distrito 11,2.7,0.0,2.0,01/02/2025
rotación media,"0,84 €",34.0,24.0,6.0,32.0,sí,1.3857820229527833,5357.0,tarde,martes,distrito 2,3.9,3.0,6.0,07/03/2025
rotación media,"1,42 €",12.0,47.0,9.0,122.0,sí,1.249130940212112,14091.0,tarde,martes,distrito 10,3.3,0.0,2.0,26/08/2025
rotacion media,"2,13 €",52.0,14.0,6.0,14.0,no,1.1008843223179223,5461.0,mediodía,miércoles,distrito 2,5.6,2.0,4.0,21/04/2025
  larga estancia ,"1,64 €",17.0,13.0,3.0,36.0,sí,1.1249201564269642,4966.0,mañana,miércoles,distrito 2,5.4,3.0,3.0,23/10/2025
alta rotación,"1,84 €",9.0,5.0,14.0,26.0,sí,1.071980995344059,1671.0,mañana,jueves,distrito 1,4.1,0.0,2.0,18/10/2025
rotación media,"2,75 €",41.0,5.0,2.0,21.0,no,0.5891776746275175,12739.0,tarde,miércoles,distrito 3,2.4,1.0,4.0,27/06/2025
alta rotación,"1,76 €",35.0,3.0,18.0,49.0,sí,1.2527852140207596,8804.0,tarde,viernes,distrito 2,3.5,2.0,0.0,09/06/2025
larga estancia,"1,90 €",27.0,11.0,0.0,170.0,sí,0.4161505848855868,5368.0,tarde,miércoles,distrito 10,7.1,6.0,6.0,16/06/2025
rotacion media,"2,85 €",34.0,44.0,18.0,148.0,no,0.8293561453812961,4014.0,mediodía,martes,distrito 7,3.8,0.0,2.0,20/03/2025
rotación media,"1,97 €",22.0,30.0,16.0,251.0,sí,1.3526116645569009,7123.0,mediodía,viernes,distrito 7,5.7,5.0,0.0,02/08/2025
alta rotación,"2,68 €",38.0,19.0,3.0,80.0,sí,0.46328835319583406,11774.0,tarde,jueves,distrito 8,3.2,4.0,6.0,30/10/2025
alta rotación,"2,63 €",51.0,8.0,11.0,43.0,sí,0.6451384693691079,8059.0,tarde,viernes,distrito 5,3.6,2.0,5.0,17/04/2025
rotación media,"1,87 €",59.0,16.0,21.0,138.0,sí,1.25207840113264,4723.0,mañana,miércoles,distrito 2,3.4,5.0,5.0,13/02/2025
alta rotación,"1,09 €",50.0,25.0,4.0,13.0,sí,1.5151542754783154,15198.0,tarde,jueves,distrito 5,2.3,3.0,8.0,30/05/2025
larga estancia,"0,96 €",15.0,17.0,0.0,70.0,no,1.028059479300257,4547.0,tarde,viernes,distrito 8,3.5,4.0,7.0,03/04/2025
residentes,"1,74 €",33.0,36.0,0.0,11.0,sí,1.530406892002455,8424.0,mediodía,miércoles,distrito 10,2.8,3.0,8.0,07/08/2025
rotación media,"2,62 €",35.0,43.0,21.0,207.0,no,1.5332174842370652,1293.0,mañana,viernes,distrito 3,5.0,4.0,2.0,31/07/2025
larga estancia,"3,08 €",59.0,9.0,7.0,4.0,no,0.9740542109218263,13235.0,tarde,viernes,distrito 5,-99.0,1.0,2.0,31/01/2025
alta rotación,"1,73 €",52.0,7.0,20.0,150.0,sí,1.0902692879102787,9782.0,mañana,viernes,distrito 7,5.7,3.0,2.0,28/08/2025
rotación media,"2,75 €",38.0,22.0,11.0,105.0,no,1.0760309504874361,26868.0,mañana,viernes,distrito 10,-99.0,0.0,4.0,21/03/2025
residentes,"1,99 €",14.0,21.0,28.0,78.0,sí,1.3074670250026148,3097.0,tarde,lunes,distrito 9,2.7,0.0,8.0,13/07/2025
ALTA ROTACIÓN,"2,73 €",11.0,1.0,4.0,26.0,sí,0.6947338054594441,8869.0,mañana,jueves,distrito 7,4.1,5.0,3.0,10/05/2025
rotación media,"0,50 €",11.0,2.0,4.0,194.0,no,1.0714698751646277,6435.0,tarde,viernes,distrito 4,2.9,6.0,0.0,12/09/2025
residentes,"2,06 €",17.0,58.0,2.0,10.0,no,1.1913806891848517,9196.0,mañana,lunes,distrito 1,3.4,6.0,4.0,18/01/2025
rotación media,"2,33 €",47.0,13.0,3.0,53.0,sí,0.923286985621902,4094.0,mañana,lunes,distrito 6,4.2,4.0,8.0,25/02/2025
rotación media,"2,81 €",50.0,16.0,0.0,62.0,sí,0.6050133983105593,3884.0,mañana,jueves,distrito 7,6.0,3.0,4.0,28/02/2025
residentes,"1,85 €",52.0,49.0,0.0,26.0,sí,1.2455416324827688,4823.0,mediodía,martes,distrito 7,4.7,5.0,7.0,03/07/2025
rotación media,"2,00 €",48.0,35.0,12.0,74.0,no,1.5632073818958279,16185.0,tarde,sábado,distrito 11,1.5,1.0,1.0,05/04/2025
residentes,"2,92 €",51.0,22.0,1.0,4.0,sí,1.010525178912527,9242.0,mañana,martes,distrito 5,0.8,3.0,8.0,07/08/2025
larga estancia,"2,01 €",42.0,39.0,0.0,234.0,sí,0.9010897984081891,42260.0,mañana,martes,distrito 10,5.6,2.0,7.0,26/07/2025
ROTACIÓN MEDIA,"2,68 €",38.0,15.0,9.0,87.0,sí,1.0880140168469599,4057.0,mañana,sábado,distrito 11,2.7,3.0,0.0,18/08/2025
alta rotación,"3,14 €",48.0,2.0,6.0,5.0,sí,-0.11091758486765729,6768.0,mañana,jueves,distrito 5,3.4,5.0,8.0,19/04/2025
rotación media,"2,81 €",27.0,29.0,8.0,49.0,no,1.083095475991524,19644.0,tarde,jueves,distrito 11,2.0,0.0,5.0,27/03/2025
residentes,"3,25 €",16.0,36.0,16.0,66.0,no,0.9738059359995527,9027.0,tarde,lunes,distrito 2,1.5,6.0,4.0,10/09/2025
rotación media,"2,53 €",19.0,23.0,10.0,16.0,sí,0.759077287285961,10054.0,mediodía,miércoles,distrito 6,2.0,4.0,1.0,09/06/2025
LARGA ESTANCIA,"2,82 €",11.0,10.0,8.0,90.0,sí,0.5061525754143614,9550.0,mediodía,viernes,distrito 9,3.0,3.0,4.0,19/06/2025
residentes,"2,58 €",28.0,5.0,19.0,50.0,sí,0.6355444852120912,11143.0,mediodía,jueves,distrito 4,5.2,3.0,8.0,17/01/2025
larga estancia,"1,90 €",9.0,11.0,6.0,55.0,no,0.8915846651487627,6628.0,tarde,jueves,distrito 8,1.6,3.0,4.0,30/03/2025
alta rotación,"2,82 €",41.0,19.0,18.0,39.0,no,1.359098201482741,19171.0,tarde,martes,distrito 6,1.2,0.0,2.0,18/10/2025
larga estancia,"1,85 €",54.0,19.0,12.0,173.0,no,0.9723599386295851,3238.0,tarde,sábado,distrito 10,3.3,4.0,3.0,26/05/2025
alta rotacion,"0,96 €",46.0,25.0,1.0,70.0,no,1.780376287316603,12171.0,tarde,jueves,distrito 7,4.1,1.0,2.0,20/02/2025
rotación media,"2,11 €",45.0,5.0,18.0,53.0,sí,1.016203978958187,21145.0,mañana,jueves,distrito 11,2.5,3.0,8.0,20/07/2025
rotación media,"1,77 €",51.0,33.0,0.0,27.0,sí,1.1926166519568493,6700.0,mañana,jueves,distrito 5,3.2,1.0,7.0,19/01/2025
ALTA ROTACIÓN,"4,07 €",52.0,37.0,8.0,121.0,no,0.8710330701617492,7255.0,tarde,miércoles,distrito 6,1.3,1.0,3.0,14/08/2025
alta rotación,"0,88 €",50.0,10.0,13.0,65.0,sí,1.4835332260224947,6367.0,tarde,miércoles,distrito 11,0.8,1.0,3.0,13/06/2025
LARGA ESTANCIA,"3,75 €",13.0,14.0,5.0,184.0,sí,0.5204985123965438,16732.0,mediodía,jueves,distrito 6,4.5,1.0,1.0,14/08/2025
alta rotación,"2,08 €",8.0,58.0,43.0,9.0,no,1.4541316345233042,27721.0,mañana,viernes,distrito 5,5.6,0.0,2.0,13/08/2025
rotacion media,"1,81 €",55.0,10.0,14.0,88.0,no,1.3265360037499292,15896.0,tarde,viernes,distrito 11,2.1,1.0,7.0,31/05/2025
residentes,"2,91 €",53.0,40.0,30.0,37.0,sí,1.0693645976334647,13073.0,mañana,sábado,distrito 5,4.1,0.0,6.0,12/06/2025
rotación media,"2,26 €",41.0,13.0,12.0,175.0,no,1.3996223015530147,3172.0,mediodía,miércoles,distrito 6,1.1,1.0,7.0,10/05/2025
  larga estancia ,"2,05 €",51.0,41.0,8.0,37.0,sí,1.267838258241684,8372.0,mañana,martes,distrito 1,3.6,4.0,5.0,10/01/2025
rotación media,"2,26 €",34.0,26.0,2.0,87.0,sí,0.7953375332829047,7761.0,tarde,miércoles,distrito 8,2.0,4.0,4.0,26/04/2025
rotación media,"2,98 €",43.0,4.0,2.0,164.0,no,0.27776434180458665,5075.0,mañana,jueves,distrito 9,4.5,0.0,4.0,26/10/2025
LARGA ESTANCIA,"2,42 €",24.0,27.0,3.0,155.0,sí,0.13630622395052372,7283.0,mediodía,miércoles,distrito 4,2.4,0.0,7.0,28/03/2025
rotación media,"2,13 €",15.0,35.0,14.0,48.0,sí,1.405739082094072,16610.0,mañana,lunes,distrito 4,2.2,5.0,0.0,05/08/2025
rotacion media,"3,50 €",41.0,2.0,0.0,21.0,no,0.011200885281891837,3921.0,tarde,jueves,distrito 6,6.6,2.0,0.0,01/10/2025
  alta rotación ,"1,82 €",8.0,22.0,12.0,45.0,sí,1.2740309291388399,20544.0,tarde,miércoles,distrito 6,1.8,4.0,8.0,09/07/2025
residentes,"2,39 €",24.0,17.0,7.0,99.0,sí,1.1967745248990043,8569.0,tarde,jueves,distrito 11,4.4,1.0,7.0,11/01/2025
alta rotación,"1,94 €",8.0,45.0,13.0,106.0,sí,1.3700197134397685,2935.0,tarde,miércoles,distrito 11,-99.0,3.0,1.0,02/04/2025
ROTACIÓN MEDIA,"1,09 €",29.0,48.0,8.0,28.0,sí,1.7305187848959647,10673.0,mañana,miércoles,distrito 3,2.3,6.0,8.0,15/09/2025
residentes,"3,60 €",9.0,21.0,3.0,209.0,no,0.8087296525199943,10901.0,mediodía,miércoles,distrito 5,2.6,2.0,7.0,07/05/2025
larga estancia,"1,48 €",54.0,22.0,22.0,14.0,sí,1.2628263176878118,9077.0,tarde,viernes,distrito 9,6.3,3.0,1.0,18/09/2025
larga estancia,"0,96 €",48.0,10.0,11.0,7.0,sí,1.5712083227106097,6257.0,mediodía,lunes,distrito 5,1.0,2.0,3.0,23/04/2025
rotacion media,"2,81 €",9.0,20.0,3.0,26.0,sí,0.6530033681133081,21991.0,tarde,sábado,distrito 7,2.9,6.0,8.0,14/03/2025
residentes,"2,00 €",14.0,3.0,20.0,12.0,sí,1.2038664924153872,11868.0,mediodía,lunes,distrito 7,2.6,4.0,4.0,06/06/2025
alta rotación,"2,56 €",17.0,34.0,17.0,10.0,no,1.6019898264309176,7344.0,tarde,lunes,distrito 1,3.8,3.0,4.0,19/05/2025
ALTA ROTACIÓN,"2,46 €",48.0,1.0,1.0,33.0,no,0.08318347904807738,13732.0,mediodía,lunes,distrito 11,1.6,2.0,6.0,04/07/2025
rotación media,"2,59 €",60.0,44.0,28.0,71.0,sí,0.8184562227418022,2932.0,tarde,sábado,distrito 1,2.6,1.0,1.0,01/04/2025
rotación media,"1,73 €",60.0,11.0,11.0,88.0,sí,1.1751125744822788,14075.0,mediodía,lunes,distrito 1,2.9,2.0,4.0,01/05/2025
rotación media,"1,79 €",34.0,12.0,3.0,60.0,no,1.1956409629720703,4849.0,mañana,miércoles,distrito 5,5.4,5.0,5.0,18/10/2025
rotación media,"0,89 €",51.0,12.0,13.0,204.0,sí,1.4679216202367547,24604.0,mediodía,sábado,distrito 7,2.8,0.0,0.0,09/01/2025
residentes,"2,35 €",6.0,51.0,29.0,64.0,sí,1.399867801301709,6051.0,mañana,lunes,distrito 8,3.3,0.0,3.0,28/01/2025
alta rotación,"3,52 €",21.0,12.0,9.0,107.0,sí,0.45978944859214543,17445.0,tarde,jueves,distrito 11,2.2,4.0,0.0,04/02/2025
ROTACIÓN MEDIA,"1,77 €",50.0,20.0,4.0,75.0,sí,0.5628295353029633,17501.0,tarde,sábado,distrito 8,3.7,4.0,4.0,10/06/2025
rotación media,"1,44 €",10.0,20.0,8.0,22.0,no,1.6056465448599597,17454.0,mediodía,martes,distrito 3,4.6,5.0,4.0,12/06/2025
rotacion media,"2,69 €",52.0,14.0,8.0,51.0,sí,0.7879438591735957,4278.0,mediodía,martes,distrito 7,3.6,4.0,3.0,16/04/2025
larga estancia,"3,17 €",18.0,14.0,3.0,33.0,sí,0.555844939043622,7643.0,mañana,viernes,distrito 10,2.6,6.0,8.0,16/04/2025
ROTACIÓN MEDIA,"1,00 €",43.0,17.0,8.0,99.0,sí,1.4230209102385856,11671.0,mañana,jueves,distrito 10,4.7,2.0,3.0,12/05/2025
rotación media,"2,56 €",13.0,37.0,10.0,57.0,no,1.3070880726839,19580.0,mañana,miércoles,distrito 7,1.5,5.0,4.0,09/06/2025
rotación media,"3,09 €",45.0,36.0,1.0,42.0,no,1.0065077457899938,2634.0,mañana,sábado,distrito 1,1.6,1.0,3.0,14/10/2025
larga estancia,"0,99 €",16.0,19.0,1.0,38.0,sí,0.7452498810211861,16356.0,mañana,jueves,distrito 6,5.5,6.0,6.0,01/09/2025
larga estancia,"2,74 €",25.0,18.0,2.0,105.0,sí,0.7938754791014728,11730.0,mañana,martes,distrito 10,4.2,4.0,1.0,22/08/2025
ALTA ROTACIÓN,"1,79 €",13.0,44.0,6.0,46.0,sí,1.662786018183229,4056.0,mediodía,sábado,distrito 2,3.0,0.0,4.0,21/01/2025
alta rotación,"2,95 €",22.0,28.0,5.0,173.0,no,0.8543468879974906,17830.0,mediodía,jueves,distrito 10,-99.0,5.0,0.0,17/10/2025
rotación media,"0,50 €",45.0,58.0,9.0,31.0,no,1.6190409316394292,29697.0,mañana,miércoles,distrito 1,2.2,4.0,2.0,31/03/2025
rotacion media,"2,79 €",22.0,22.0,28.0,41.0,sí,0.8491902632408059,10766.0,mediodía,lunes,distrito 8,5.0,3.0,8.0,09/05/2025
larga estancia,"1,32 €",20.0,6.0,7.0,27.0,sí,0.9832966006196187,7507.0,mañana,lunes,distrito 7,3.5,0.0,5.0,29/06/2025
alta rotación,"2,38 €",40.0,12.0,2.0,36.0,no,0.8662303852502873,19569.0,mañana,miércoles,distrito 11,0.8,3.0,0.0,03/10/2025
  rotación media ,"1,16 €",39.0,4.0,13.0,127.0,sí,1.2653578095772435,4481.0,mediodía,jueves,distrito 7,-99.0,6.0,6.0,13/10/2025
alta rotación,"2,08 €",35.0,16.0,10.0,72.0,no,1.2893991067884576,17195.0,tarde,jueves,distrito 3,3.4,1.0,5.0,04/05/2025
alta rotacion,"2,06 €",44.0,29.0,4.0,32.0,no,1.1761295611232323,12435.0,mediodía,martes,distrito 1,4.1,0.0,6.0,20/05/2025
larga estancia,"2,32 €",6.0,16.0,0.0,36.0,sí,0.45260506599834266,7801.0,mañana,viernes,distrito 2,1.6,5.0,1.0,26/06/2025
rotación media,"1,29 €",33.0,15.0,24.0,66.0,sí,1.3509775406675337,36755.0,mañana,jueves,distrito 6,1.8,4.0,2.0,15/01/2025
  larga estancia ,"1,56 €",40.0,34.0,1.0,91.0,sí,1.1004815824967804,40375.0,tarde,viernes,distrito 7,4.8,0.0,6.0,07/05/2025
rotación media,"2,99 €",38.0,37.0,28.0,33.0,sí,1.4856557307752005,12398.0,mañana,lunes,distrito 6,3.2,2.0,0.0,27/02/2025
rotación media,"2,21 €",8.0,32.0,17.0,1.0,no,1.3478288033155208,7763.0,mediodía,viernes,distrito 7,3.3,5.0,8.0,30/10/2025
larga estancia,"2,35 €",45.0,6.0,14.0,33.0,no,0.5358535207078119,12586.0,mediodía,lunes,distrito 2,5.1,3.0,1.0,18/05/2025
residentes,"2,14 €",54.0,74.0,4.0,25.0,sí,1.365996413408466,3927.0,tarde,sábado,distrito 8,2.5,2.0,8.0,28/10/2025
larga estancia,"2,15 €",25.0,22.0,18.0,42.0,sí,0.8469265501278648,15320.0,mediodía,martes,distrito 11,3.0,5.0,3.0,23/09/2025
larga estancia,"2,95 €",19.0,30.0,1.0,53.0,sí,0.4553943134682302,2679.0,tarde,miércoles,distrito 10,1.5,6.0,7.0,13/05/2025
rotación media,"3,40 €",42.0,20.0,4.0,15.0,sí,0.6785252246440178,3410.0,mediodía,martes,distrito 7,2.1,0.0,5.0,20/08/2025
larga estancia,"2,14 €",16.0,25.0,9.0,131.0,no,0.9974721076200856,6966.0,tarde,martes,distrito 1,2.1,5.0,5.0,11/08/2025
larga estancia,"3,26 €",24.0,7.0,11.0,88.0,sí,0.6683926142365855,18396.0,mañana,viernes,distrito 1,5.4,0.0,2.0,22/01/2025
alta rotación,"2,61 €",53.0,4.0,0.0,54.0,sí,-0.1311604474466882,6415.0,mañana,sábado,distrito 7,4.1,4.0,5.0,03/03/2025
  rotación media ,"1,23 €",25.0,30.0,4.0,9.0,sí,1.3345490261288337,5742.0,mañana,viernes,distrito 5,3.6,0.0,1.0,12/07/2025
residentes,"2,49 €",36.0,18.0,19.0,16.0,no,1.3681258467674118,9106.0,tarde,martes,distrito 11,2.3,3.0,1.0,25/09/2025
larga estancia,"2,91 €",21.0,44.0,18.0,42.0,no,0.9807063287651404,17829.0,mañana,sábado,distrito 5,2.8,5.0,5.0,12/02/2025
larga estancia,"1,36 €",37.0,39.0,20.0,12.0,no,1.385994680292706,7243.0,mediodía,jueves,distrito 10,3.5,5.0,6.0,10/04/2025
larga estancia,"2,00 €",26.0,2.0,17.0,14.0,sí,0.9151100702868132,5452.0,mañana,lunes,distrito 7,4.5,2.0,4.0,04/03/2025
rotación media,"1,83 €",6.0,61.0,10.0,109.0,sí,1.5720507892558584,2706.0,mediodía,viernes,distrito 11,1.9,1.0,4.0,06/06/2025
alta rotación,"2,46 €",42.0,13.0,0.0,52.0,sí,0.2177529126211183,14135.0,tarde,jueves,distrito 9,4.1,2.0,1.0,21/02/2025
larga estancia,"1,65 €",11.0,18.0,9.0,12.0,no,1.136107989687087,2185.0,mediodía,viernes,distrito 1,-99.0,1.0,6.0,23/07/2025
ROTACIÓN MEDIA,"1,28 €",57.0,2.0,2.0,170.0,no,0.7459204044175373,12524.0,mediodía,lunes,distrito 9,3.1,3.0,6.0,30/01/2025
residentes,"2,57 €",21.0,21.0,27.0,42.0,sí,1.1123591429314246,13652.0,tarde,lunes,distrito 10,1.3,1.0,1.0,14/07/2025
  alta rotación ,"2,93 €",60.0,8.0,31.0,19.0,sí,0.9717511342250839,12467.0,mañana,sábado,distrito 6,1.2,0.0,8.0,10/10/2025
residentes,"1,25 €",6.0,21.0,3.0,210.0,no,1.439773157685896,5216.0,mañana,viernes,distrito 9,3.3,1.0,8.0,22/03/2025
  larga estancia ,"2,85 €",30.0,43.0,1.0,87.0,sí,0.9336636549942972,4981.0,tarde,lunes,distrito 11,3.1,5.0,1.0,16/08/2025
alta rotación,"3,52 €",10.0,12.0,8.0,20.0,sí,0.14992954052319746,23545.0,mañana,lunes,distrito 3,3.4,6.0,4.0,03/03/2025
alta rotación,"2,15 €",33.0,10.0,0.0,79.0,no,0.7213325486118001,3112.0,tarde,martes,distrito 9,2.2,5.0,3.0,31/05/2025
larga estancia,"3,39 €",10.0,46.0,3.0,43.0,sí,0.6527216293240202,7429.0,tarde,viernes,distrito 3,1.3,2.0,1.0,14/03/2025
alta rotación,"2,30 €",60.0,20.0,18.0,106.0,sí,0.9741053569853031,14381.0,tarde,miércoles,distrito 11,3.2,0.0,7.0,17/02/2025
residentes,"1,91 €",40.0,8.0,18.0,109.0,sí,0.8627224079083972,7210.0,mañana,miércoles,distrito 1,7.0,1.0,7.0,10/08/2025
alta rotación,"2,87 €",19.0,37.0,8.0,53.0,no,0.9355057171284273,16018.0,tarde,miércoles,distrito 3,4.3,5.0,4.0,04/05/2025
RESIDENTES,"0,76 €",44.0,11.0,6.0,139.0,no,1.7312297010307798,9106.0,mañana,sábado,distrito 6,5.0,6.0,7.0,29/04/2025
alta rotacion,"2,35 €",9.0,15.0,39.0,36.0,sí,1.3536867134807753,6472.0,mediodía,martes,distrito 4,3.7,0.0,0.0,23/04/2025
rotación media,"2,50 €",44.0,11.0,11.0,62.0,sí,1.0656007120081392,18620.0,mediodía,miércoles,distrito 7,3.5,2.0,8.0,18/02/2025
  larga estancia ,"0,68 €",53.0,16.0,26.0,84.0,sí,1.424136847837571,10873.0,mañana,lunes,distrito 7,2.6,0.0,3.0,16/06/2025
ALTA ROTACIÓN,"1,97 €",41.0,17.0,0.0,53.0,sí,0.7938595413585441,7631.0,mediodía,lunes,distrito 2,1.0,3.0,3.0,19/02/2025
residentes,"2,30 €",33.0,21.0,2.0,130.0,no,0.965960320726679,3930.0,mediodía,viernes,distrito 5,3.9,0.0,8.0,07/01/2025
ROTACIÓN MEDIA,"1,65 €",9.0,33.0,2.0,69.0,sí,1.2794465254527585,16925.0,tarde,martes,distrito 5,4.0,1.0,0.0,21/07/2025
  alta rotación ,"2,35 €",44.0,19.0,9.0,33.0,sí,0.7689908615146749,9829.0,mañana,martes,distrito 3,0.8,3.0,7.0,10/10/2025
larga estancia,"2,44 €",57.0,16.0,2.0,47.0,sí,0.49722580512842285,11741.0,tarde,martes,distrito 5,1.3,0.0,4.0,11/08/2025
larga estancia,"1,96 €",59.0,36.0,7.0,66.0,no,1.0602317299007329,5936.0,mañana,jueves,distrito 11,3.7,4.0,3.0,17/06/2025
alta rotación,"2,50 €",27.0,89.0,3.0,146.0,sí,0.9939787163691699,2108.0,mediodía,jueves,distrito 7,3.4,3.0,5.0,29/06/2025
  larga estancia ,"1,78 €",28.0,65.0,11.0,68.0,sí,1.3206283627367,10463.0,mediodía,jueves,distrito 4,3.1,3.0,3.0,10/07/2025
larga estancia,"2,81 €",29.0,12.0,7.0,141.0,no,0.8690255376254497,11532.0,mañana,sábado,distrito 1,4.9,6.0,5.0,17/05/2025
residentes,"2,40 €",28.0,11.0,1.0,32.0,no,0.859465893318783,9582.0,tarde,viernes,distrito 10,2.5,4.0,6.0,19/08/2025
residentes,"3,07 €",8.0,37.0,0.0,123.0,sí,0.8063195140788255,5579.0,mañana,jueves,distrito 6,1.1,6.0,4.0,27/04/2025
alta rotación,"2,52 €",35.0,24.0,11.0,198.0,sí,0.9630661709971455,23063.0,mañana,jueves,distrito 10,1.4,1.0,8.0,09/05/2025
larga estancia,"3,17 €",26.0,3.0,0.0,36.0,no,-0.19641061733472248,14226.0,tarde,jueves,distrito 9,-99.0,0.0,6.0,26/05/2025
alta rotacion,"1,11 €",30.0,17.0,24.0,10.0,no,1.8272380999387448,9303.0,mediodía,martes,distrito 6,2.7,1.0,7.0,06/03/2025
residentes,"2,16 €",53.0,2.0,10.0,115.0,no,0.8717048593466471,17415.0,mañana,jueves,distrito 11,1.2,6.0,7.0,24/10/2025
larga estancia,"2,74 €",16.0,15.0,0.0,39.0,sí,0.20258507126838468,9788.0,tarde,martes,distrito 6,0.9,3.0,8.0,26/06/2025
alta rotación,"1,67 €",23.0,7.0,3.0,48.0,sí,0.8607454972789934,7305.0,mañana,lunes,distrito 2,2.2,3.0,0.0,15/04/2025
larga estancia,"2,62 €",21.0,5.0,14.0,45.0,no,1.1099123450327832,7128.0,mediodía,miércoles,distrito 10,2.7,4.0,8.0,09/08/2025
LARGA ESTANCIA,"2,21 €",46.0,19.0,14.0,41.0,sí,0.9867773619932724,15817.0,mañana,lunes,distrito 3,4.6,5.0,2.0,25/04/2025
ROTACIÓN MEDIA,"2,90 €",57.0,24.0,5.0,16.0,sí,0.9362981604409435,13276.0,mediodía,martes,distrito 4,3.2,4.0,7.0,16/06/2025
rotacion media,"2,37 €",42.0,9.0,6.0,119.0,sí,0.74029309765983,10811.0,mediodía,jueves,distrito 10,2.5,4.0,1.0,22/01/2025
larga estancia,"2,15 €",25.0,14.0,22.0,158.0,sí,0.8400051565823947,19722.0,mediodía,jueves,distrito 8,4.7,2.0,3.0,03/07/2025
alta rotación,"2,26 €",41.0,34.0,12.0,32.0,sí,1.2375938244728455,5029.0,mañana,sábado,distrito 5,3.4,0.0,8.0,16/06/2025
residentes,"2,00 €",30.0,7.0,14.0,25.0,sí,0.843975784415859,7544.0,mañana,martes,distrito 7,3.4,1.0,1.0,19/04/2025
alta rotación,"2,66 €",52.0,10.0,11.0,80.0,no,1.0711869761427537,5127.0,mediodía,sábado,distrito 6,1.8,3.0,2.0,30/09/2025
LARGA ESTANCIA,"2,27 €",30.0,19.0,4.0,89.0,sí,1.0517064642861569,3933.0,mañana,sábado,distrito 9,0.8,5.0,7.0,14/06/2025
alta rotacion,"2,14 €",35.0,25.0,0.0,21.0,sí,0.8457938031717506,24561.0,tarde,miércoles,distrito 2,3.8,5.0,8.0,12/07/2025
rotación media,"2,59 €",11.0,23.0,4.0,39.0,sí,0.5209843714200688,16444.0,tarde,viernes,distrito 7,1.6,2.0,1.0,22/01/2025
larga estancia,"1,61 €",49.0,17.0,21.0,88.0,sí,1.191202198239266,24617.0,mañana,sábado,distrito 10,-99.0,6.0,0.0,30/03/2025
alta rotación,"2,85 €",10.0,49.0,4.0,118.0,sí,0.6010472889417032,1571.0,mañana,viernes,distrito 4,2.2,1.0,1.0,09/04/2025
rotación media,"0,50 €",21.0,9.0,16.0,33.0,sí,1.6000899924859462,2403.0,tarde,viernes,distrito 1,2.2,1.0,7.0,02/04/2025
rotación media,"1,64 €",34.0,34.0,18.0,26.0,sí,1.195184019607356,10387.0,mañana,sábado,distrito 10,4.7,1.0,1.0,07/01/2025
rotacion media,"1,73 €",46.0,2.0,1.0,52.0,sí,0.5657467014725484,5963.0,tarde,martes,distrito 3,4.0,1.0,6.0,08/05/2025
larga estancia,"1,50 €",41.0,10.0,8.0,82.0,sí,0.5944396346983327,6818.0,tarde,jueves,distrito 3,3.3,3.0,7.0,17/07/2025
alta rotacion,"1,60 €",14.0,14.0,4.0,57.0,sí,1.3145063448018115,53999.0,mañana,miércoles,distrito 7,2.7,5.0,3.0,06/02/2025
rotacion media,"1,90 €",28.0,30.0,11.0,79.0,sí,0.6190267842192269,20285.0,tarde,jueves,distrito 1,4.1,3.0,3.0,19/06/2025
alta rotación,"1,91 €",52.0,21.0,36.0,23.0,sí,1.4283214688042465,10026.0,mañana,miércoles,distrito 7,5.0,4.0,2.0,30/03/2025
residentes,"2,08 €",53.0,3.0,4.0,48.0,sí,0.5951430669620953,6909.0,mañana,miércoles,distrito 2,4.5,1.0,8.0,16/07/2025
residentes,"0,50 €",36.0,26.0,5.0,45.0,no,2.098694773855229,7184.0,tarde,sábado,distrito 7,2.0,6.0,5.0,09/08/2025
larga estancia,"1,71 €",23.0,6.0,1.0,4.0,sí,1.0163902749572142,4436.0,tarde,viernes,distrito 3,4.3,1.0,2.0,15/01/2025
rotación media,"2,85 €",54.0,22.0,0.0,24.0,no,0.8998062704857932,8548.0,mediodía,viernes,distrito 7,3.3,3.0,0.0,18/02/2025
alta rotacion,"3,07 €",39.0,13.0,36.0,123.0,sí,0.8204006076560895,19652.0,mañana,viernes,distrito 2,2.7,6.0,0.0,02/11/2025
rotación media,"1,78 €",26.0,86.0,11.0,27.0,sí,1.5234261762265655,2773.0,tarde,viernes,distrito 4,4.9,5.0,1.0,22/10/2025
alta rotación,"2,47 €",13.0,57.0,9.0,157.0,sí,1.0336181697820443,8556.0,tarde,lunes,distrito 1,0.8,5.0,3.0,19/06/2025
  larga estancia ,"0,88 €",18.0,11.0,16.0,30.0,sí,0.9876966887435186,4389.0,mediodía,viernes,distrito 6,2.8,4.0,1.0,11/06/2025
residentes,"2,68 €",20.0,37.0,0.0,27.0,no,0.9033785692025592,13244.0,tarde,viernes,distrito 4,4.3,1.0,5.0,21/05/2025
rotación media,"2,47 €",44.0,21.0,9.0,148.0,sí,0.8290853036201793,7898.0,mañana,jueves,distrito 11,3.4,2.0,8.0,02/06/2025
larga estancia,"2,33 €",58.0,13.0,3.0,85.0,sí,0.7058143283901925,25322.0,tarde,jueves,distrito 11,2.8,6.0,3.0,20/03/2025
rotación media,"1,86 €",21.0,39.0,15.0,41.0,sí,1.3842310803897482,1861.0,tarde,sábado,distrito 10,-99.0,0.0,8.0,29/01/2025
larga estancia,"1,18 €",22.0,5.0,41.0,31.0,sí,1.1267139775189314,10251.0,mañana,jueves,distrito 5,6.1,5.0,0.0,14/06/2025
ROTACIÓN MEDIA,"2,38 €",53.0,8.0,15.0,58.0,sí,1.2381849397999158,9857.0,mañana,jueves,distrito 6,3.9,5.0,0.0,19/06/2025
LARGA ESTANCIA,"3,08 €",17.0,18.0,12.0,100.0,no,0.865261047949284,15771.0,tarde,sábado,distrito 8,1.7,2.0,1.0,11/06/2025
alta rotación,"3,18 €",51.0,27.0,10.0,3.0,sí,0.9392592488105252,7289.0,mediodía,martes,distrito 8,5.2,0.0,4.0,27/04/2025
residentes,"0,60 €",28.0,12.0,5.0,102.0,no,1.7341227345746508,16227.0,mediodía,sábado,distrito 8,1.3,1.0,4.0,26/06/2025
alta rotación,"1,54 €",23.0,15.0,6.0,33.0,sí,1.153507879158304,9341.0,mañana,martes,distrito 11,-99.0,3.0,8.0,01/08/2025
rotación media,"2,54 €",47.0,44.0,14.0,4.0,no,1.4072607055776332,5361.0,tarde,lunes,distrito 6,4.6,2.0,4.0,03/08/2025
residentes,"2,38 €",35.0,6.0,3.0,61.0,no,0.7074529458430452,23865.0,tarde,jueves,distrito 10,3.0,3.0,5.0,21/09/2025
ALTA ROTACIÓN,"2,25 €",44.0,32.0,8.0,23.0,sí,0.9495927369756674,11165.0,tarde,jueves,distrito 8,3.4,3.0,4.0,08/02/2025
alta rotación,"2,42 €",20.0,6.0,6.0,92.0,sí,0.7084745795416569,10207.0,mediodía,jueves,distrito 3,3.0,2.0,8.0,15/01/2025
rotación media,"2,87 €",55.0,24.0,6.0,42.0,no,1.2549825639371486,35347.0,mediodía,jueves,distrito 5,0.8,5.0,4.0,15/07/2025
  larga estancia ,"0,50 €",58.0,24.0,10.0,12.0,no,2.1092101991438565,9139.0,mañana,lunes,distrito 7,1.0,0.0,8.0,16/05/2025
rotación media,"1,61 €",15.0,7.0,3.0,27.0,sí,1.038249964152599,8492.0,tarde,jueves,distrito 5,4.5,0.0,7.0,25/05/2025
rotación media,"1,09 €",28.0,32.0,7.0,59.0,sí,1.559220643470548,13481.0,mediodía,lunes,distrito 10,2.3,3.0,4.0,01/09/2025
rotación media,"3,76 €",25.0,29.0,18.0,139.0,no,0.8752297291845316,3406.0,mañana,lunes,distrito 7,3.5,1.0,6.0,01/02/2025
rotación media,"1,27 €",21.0,25.0,3.0,97.0,no,1.2999211249516576,2108.0,mañana,martes,distrito 7,2.6,1.0,6.0,20/02/2025
rotación media,"2,83 €",41.0,23.0,2.0,65.0,no,0.7162070410982733,3297.0,tarde,jueves,distrito 5,3.3,5.0,7.0,12/01/2025
LARGA ESTANCIA,"2,11 €",52.0,15.0,5.0,50.0,sí,0.7886186739284866,13749.0,tarde,sábado,distrito 11,4.0,0.0,5.0,19/03/2025
larga estancia,"2,99 €",40.0,9.0,0.0,60.0,no,0.49250430611769436,12700.0,tarde,jueves,distrito 5,2.3,4.0,8.0,17/03/2025
larga estancia,"0,50 €",41.0,20.0,1.0,115.0,sí,0.9863639057951605,4377.0,tarde,miércoles,distrito 5,4.7,3.0,8.0,02/09/2025
  larga estancia ,"1,41 €",13.0,29.0,7.0,4.0,no,1.4007127738915404,9549.0,mediodía,viernes,distrito 9,0.8,4.0,8.0,12/01/2025
rotación media,"3,25 €",39.0,30.0,16.0,16.0,no,1.0078247591810063,14648.0,mediodía,sábado,distrito 2,-99.0,2.0,0.0,10/03/2025
  larga estancia ,"0,50 €",38.0,14.0,14.0,75.0,sí,1.5363192105411205,4920.0,mediodía,martes,distrito 5,3.3,0.0,8.0,08/05/2025
  larga estancia ,"1,14 €",6.0,10.0,9.0,79.0,sí,1.2087350779932344,3566.0,mañana,jueves,distrito 4,2.9,1.0,3.0,14/09/2025
larga estancia,"2,03 €",30.0,9.0,12.0,6.0,no,1.305866115575761,17307.0,mediodía,martes,distrito 9,1.3,1.0,6.0,08/10/2025
rotación media,"3,00 €",37.0,28.0,10.0,43.0,sí,0.9383660833756171,7036.0,mañana,jueves,distrito 8,3.3,6.0,8.0,03/07/2025
alta rotación,"2,04 €",26.0,34.0,12.0,117.0,sí,1.2475495162040444,2391.0,mediodía,miércoles,distrito 2,2.1,4.0,6.0,07/02/2025
  residentes ,"1,35 €",34.0,1.0,7.0,51.0,sí,1.1386464763402087,2456.0,mediodía,sábado,distrito 6,3.6,0.0,4.0,05/02/2025
alta rotación,"2,59 €",21.0,16.0,23.0,60.0,sí,1.0029646093391122,12707.0,mañana,miércoles,distrito 7,1.4,0.0,8.0,11/09/2025
residentes,"2,19 €",42.0,53.0,0.0,40.0,no,0.9155019136268585,10258.0,tarde,lunes,distrito 2,1.4,6.0,3.0,21/09/2025
ROTACIÓN MEDIA,"1,61 €",41.0,24.0,33.0,33.0,sí,1.1308727047018157,21862.0,mediodía,lunes,distrito 11,2.1,1.0,4.0,07/03/2025
rotación media,"2,69 €",20.0,6.0,9.0,34.0,sí,0.9342861904459497,15469.0,mañana,miércoles,distrito 9,1.9,2.0,4.0,11/01/2025
alta rotación,"1,91 €",29.0,5.0,5.0,111.0,sí,0.7830988175748483,17813.0,tarde,martes,distrito 3,2.6,1.0,5.0,01/04/2025
residentes,"1,32 €",59.0,8.0,7.0,0.0,sí,1.4218163013440246,11536.0,mediodía,martes,distrito 10,5.4,5.0,3.0,01/09/2025
  rotación media ,"2,72 €",48.0,32.0,9.0,94.0,sí,0.6683392178189758,36835.0,tarde,lunes,distrito 7,2.7,1.0,2.0,27/07/2025
larga estancia,"2,04 €",23.0,78.0,7.0,82.0,no,1.4891744665480946,3083.0,tarde,viernes,distrito 11,1.9,3.0,1.0,13/07/2025
alta rotación,"1,75 €",49.0,32.0,8.0,27.0,no,1.3559481923014116,15743.0,mediodía,martes,distrito 5,1.5,1.0,1.0,26/02/2025
rotación media,"2,29 €",31.0,54.0,6.0,74.0,sí,1.1971329284838548,12949.0,mediodía,miércoles,distrito 9,4.5,2.0,1.0,28/08/2025
  rotación media ,"0,91 €",51.0,56.0,0.0,86.0,no,1.475914784243339,21954.0,mediodía,miércoles,distrito 4,4.3,6.0,6.0,05/10/2025
alta rotación,"2,45 €",54.0,30.0,1.0,24.0,sí,1.062512986165524,10928.0,tarde,martes,distrito 9,3.1,0.0,7.0,24/02/2025
alta rotación,"2,97 €",45.0,28.0,5.0,46.0,no,1.2422901561964412,7339.0,mañana,miércoles,distrito 7,2.9,2.0,2.0,05/08/2025
rotacion media,"2,35 €",55.0,18.0,3.0,52.0,sí,1.2621328302702,5591.0,mediodía,jueves,distrito 8,3.1,0.0,2.0,07/10/2025
alta rotación,"2,05 €",31.0,9.0,4.0,93.0,sí,0.8023730488552291,14801.0,tarde,lunes,distrito 4,2.3,0.0,5.0,11/02/2025
alta rotación,"1,32 €",24.0,7.0,11.0,7.0,sí,1.037357186726332,3822.0,mañana,miércoles,distrito 2,2.8,2.0,2.0,17/05/2025
alta rotación,"1,67 €",56.0,14.0,9.0,61.0,sí,1.3678850006677161,15140.0,mañana,sábado,distrito 7,3.3,0.0,6.0,08/03/2025
  rotación media ,"2,55 €",6.0,23.0,11.0,304.0,sí,0.6232924324323992,13185.0,tarde,martes,distrito 11,2.9,6.0,8.0,16/03/2025
rotación media,"2,28 €",59.0,12.0,1.0,4.0,no,1.2326287125267394,9882.0,mediodía,viernes,distrito 3,1.9,4.0,3.0,21/06/2025
rotación media,"3,13 €",35.0,2.0,1.0,54.0,sí,-0.007315229771249598,7566.0,tarde,martes,distrito 3,2.8,6.0,3.0,15/02/2025
residentes,"2,55 €",45.0,14.0,12.0,16.0,sí,0.8866547522576088,19158.0,mañana,jueves,distrito 5,2.0,5.0,8.0,12/04/2025
rotacion media,"1,71 €",32.0,12.0,3.0,41.0,sí,0.8220672389256655,25611.0,tarde,martes,distrito 11,5.6,0.0,1.0,28/08/2025
residentes,"3,20 €",24.0,36.0,5.0,56.0,no,1.2247896743554234,3627.0,mediodía,martes,distrito 1,2.9,1.0,5.0,05/07/2025
alta rotación,"2,09 €",20.0,41.0,11.0,51.0,no,1.3045247452815307,3338.0,mediodía,sábado,distrito 1,1.7,0.0,4.0,31/03/2025
larga estancia,"2,36 €",13.0,23.0,5.0,45.0,no,1.1415950859768027,3862.0,tarde,miércoles,distrito 4,4.0,5.0,7.0,17/02/2025
rotación media,"1,78 €",28.0,2.0,0.0,4.0,sí,0.6271815938791717,7228.0,mañana,viernes,distrito 11,2.9,1.0,4.0,28/07/2025
rotacion media,"1,30 €",16.0,7.0,13.0,50.0,sí,1.2212925453572976,13538.0,tarde,jueves,distrito 4,2.7,1.0,4.0,12/09/2025
rotación media,"1,82 €",17.0,17.0,27.0,2.0,no,1.5464413151478147,32831.0,tarde,lunes,distrito 2,1.3,1.0,4.0,26/08/2025
  rotación media ,"3,16 €",14.0,42.0,11.0,32.0,no,0.8917876701322589,6938.0,mañana,miércoles,distrito 3,4.5,3.0,8.0,05/08/2025
alta rotación,"1,82 €",9.0,19.0,2.0,8.0,sí,1.0529608284445389,12811.0,mediodía,jueves,distrito 6,6.1,3.0,2.0,25/01/2025
residentes,"2,20 €",38.0,33.0,23.0,26.0,no,1.3265563727717493,14555.0,tarde,miércoles,distrito 11,2.0,4.0,6.0,08/04/2025
alta rotación,"2,04 €",59.0,27.0,9.0,16.0,no,1.345419754340273,8337.0,tarde,sábado,distrito 10,4.4,1.0,7.0,28/04/2025
alta rotación,"1,99 €",7.0,21.0,28.0,14.0,sí,1.2937332047092134,8242.0,mañana,sábado,distrito 3,4.9,4.0,6.0,03/04/2025
residentes,"2,83 €",28.0,19.0,3.0,7.0,sí,1.1700001420765427,10662.0,mediodía,lunes,distrito 9,3.7,4.0,7.0,26/10/2025
residentes,"2,89 €",35.0,23.0,5.0,114.0,no,1.1066802617535207,9460.0,tarde,jueves,distrito 10,4.4,5.0,5.0,22/07/2025
  residentes ,"1,48 €",22.0,15.0,1.0,216.0,no,1.0041942383763276,2832.0,mañana,lunes,distrito 10,1.7,6.0,7.0,25/02/2025
alta rotación,"0,82 €",39.0,40.0,3.0,30.0,sí,1.5505320689009725,13081.0,tarde,martes,distrito 4,2.4,4.0,1.0,09/02/2025
alta rotación,"3,09 €",54.0,21.0,36.0,61.0,no,1.0635433311120268,11261.0,tarde,lunes,distrito 9,1.6,1.0,5.0,17/09/2025
larga estancia,"2,01 €",15.0,14.0,1.0,27.0,sí,0.31878268552680195,8168.0,mañana,viernes,distrito 2,2.8,2.0,7.0,08/07/2025
  rotación media ,"2,15 €",29.0,45.0,3.0,14.0,sí,1.0790542774477674,5080.0,mediodía,viernes,distrito 3,3.5,4.0,7.0,16/08/2025
residentes,"2,57 €",40.0,17.0,15.0,39.0,sí,1.0198003786188958,6375.0,mañana,martes,distrito 4,2.8,2.0,5.0,13/01/2025
rotación media,"1,82 €",11.0,15.0,6.0,89.0,no,1.332386247146002,6441.0,tarde,martes,distrito 2,-99.0,3.0,7.0,03/02/2025
residentes,"1,98 €",44.0,12.0,14.0,14.0,sí,1.40964722795817,10509.0,mediodía,sábado,distrito 7,3.7,1.0,7.0,21/08/2025
  rotación media ,"2,54 €",22.0,35.0,2.0,16.0,sí,1.0077509095515982,16901.0,mañana,miércoles,distrito 9,-99.0,5.0,0.0,24/07/2025
alta rotación,"1,84 €",55.0,18.0,8.0,77.0,sí,1.00298846112725,5467.0,mañana,sábado,distrito 1,1.8,0.0,0.0,25/02/2025
larga estancia,"1,43 €",48.0,38.0,10.0,37.0,sí,1.4167332409275675,9113.0,mediodía,miércoles,distrito 2,1.7,6.0,6.0,06/09/2025
larga estancia,"3,22 €",17.0,30.0,1.0,197.0,sí,0.6845630062749947,9278.0,mañana,martes,distrito 6,3.7,2.0,6.0,06/04/2025
rotación media,"2,48 €",11.0,24.0,22.0,10.0,sí,1.2033472256733737,15219.0,mañana,jueves,distrito 2,3.5,2.0,5.0,28/05/2025
rotacion media,"2,62 €",33.0,28.0,8.0,69.0,sí,0.9066415113981653,14035.0,mediodía,miércoles,distrito 9,2.7,1.0,0.0,03/05/2025
rotación media,"1,24 €",24.0,8.0,7.0,29.0,sí,1.2661786645324757,5272.0,mediodía,martes,distrito 7,2.3,2.0,6.0,15/05/2025
alta rotación,"2,06 €",57.0,21.0,4.0,19.0,sí,0.7999963523500756,17062.0,mediodía,jueves,distrito 5,-99.0,5.0,1.0,29/06/2025
residentes,"1,23 €",33.0,10.0,12.0,108.0,sí,1.2546373164509828,59125.0,tarde,miércoles,distrito 11,2.3,4.0,2.0,08/06/2025
rotación media,"1,69 €",15.0,10.0,13.0,89.0,no,1.3444476320267373,13647.0,mañana,viernes,distrito 10,1.5,5.0,1.0,17/07/2025
residentes,"0,73 €",47.0,3.0,4.0,4.0,no,1.4756225641857117,11286.0,mañana,viernes,distrito 7,2.8,6.0,7.0,30/05/2025
larga estancia,"3,12 €",55.0,21.0,0.0,56.0,sí,0.06738053862295118,4721.0,mediodía,jueves,distrito 8,4.2,3.0,3.0,27/03/2025
alta rotación,"1,48 €",11.0,6.0,0.0,51.0,no,0.7826737122299254,5786.0,mañana,viernes,distrito 6,2.4,2.0,5.0,28/09/2025
alta rotación,"2,52 €",21.0,56.0,13.0,20.0,sí,1.43494986986074,13300.0,mediodía,viernes,distrito 3,4.4,3.0,5.0,13/03/2025
rotacion media,"2,67 €",47.0,22.0,9.0,26.0,sí,1.1201932483060375,13539.0,mediodía,sábado,distrito 6,3.3,6.0,8.0,02/07/2025
rotación media,"1,49 €",59.0,12.0,12.0,15.0,sí,0.9250120091826225,5712.0,mediodía,lunes,distrito 1,2.8,4.0,2.0,22/01/2025
alta rotación,"1,99 €",24.0,48.0,1.0,237.0,sí,0.9097984809421169,14147.0,mediodía,miércoles,distrito 10,2.0,5.0,4.0,27/04/2025
alta rotación,"1,91 €",10.0,16.0,27.0,109.0,no,1.4771255003611308,11387.0,tarde,viernes,distrito 3,2.2,0.0,2.0,14/09/2025
larga estancia,"1,80 €",21.0,6.0,7.0,74.0,sí,0.8489330319499069,6913.0,tarde,jueves,distrito 10,2.3,5.0,4.0,25/09/2025
ALTA ROTACIÓN,"1,53 €",45.0,13.0,7.0,101.0,sí,1.3924578862905308,11442.0,mediodía,sábado,distrito 10,5.7,1.0,7.0,01/06/2025
larga estancia,"2,55 €",53.0,14.0,2.0,176.0,no,0.5943799272584012,7223.0,mañana,sábado,distrito 9,3.1,1.0,8.0,05/02/2025
rotación media,"3,72 €",28.0,30.0,3.0,131.0,sí,0.8673152626509073,23212.0,mediodía,sábado,distrito 5,3.9,0.0,2.0,19/04/2025
RESIDENTES,"1,28 €",49.0,11.0,0.0,20.0,sí,0.7101947984000808,9827.0,mediodía,sábado,distrito 2,4.9,1.0,3.0,01/09/2025
ALTA ROTACIÓN,"2,83 €",42.0,20.0,12.0,23.0,sí,0.9822186310870823,5164.0,tarde,viernes,distrito 4,3.9,2.0,3.0,26/06/2025
larga estancia,"2,76 €",18.0,1.0,1.0,20.0,sí,0.3245988249523022,9012.0,mañana,miércoles,distrito 6,3.7,1.0,6.0,08/02/2025
alta rotación,"3,36 €",47.0,17.0,11.0,59.0,sí,1.1392835117045481,17108.0,tarde,miércoles,distrito 9,4.2,3.0,7.0,24/08/2025
alta rotación,"1,62 €",39.0,72.0,13.0,106.0,sí,1.3917955181702608,9652.0,tarde,jueves,distrito 3,3.5,3.0,3.0,04/04/2025
alta rotación,"0,58 €",60.0,12.0,8.0,8.0,sí,1.542301010124624,3121.0,mediodía,lunes,distrito 11,3.6,4.0,8.0,26/03/2025
residentes,"1,15 €",45.0,44.0,17.0,39.0,sí,1.480089008280732,4214.0,mediodía,lunes,distrito 6,3.7,3.0,2.0,19/02/2025
residentes,"1,35 €",15.0,21.0,23.0,260.0,sí,1.5215048403720488,5827.0,mañana,martes,distrito 7,2.9,6.0,8.0,17/09/2025
alta rotación,"2,30 €",10.0,49.0,0.0,23.0,sí,1.1938416964193124,7170.0,mañana,martes,distrito 9,0.8,5.0,2.0,20/09/2025
rotación media,"2,17 €",34.0,36.0,5.0,82.0,sí,0.7106016296455202,13686.0,mediodía,viernes,distrito 11,3.7,4.0,6.0,30/06/2025
rotación media,"2,28 €",54.0,3.0,3.0,49.0,sí,0.6001383000776088,6086.0,tarde,lunes,distrito 6,4.7,4.0,1.0,19/01/2025
larga estancia,"1,72 €",24.0,7.0,24.0,11.0,sí,1.20290936782622,31968.0,mediodía,viernes,distrito 10,-99.0,5.0,0.0,13/04/2025
larga estancia,"2,12 €",20.0,47.0,5.0,148.0,sí,0.9178193129731861,5054.0,mediodía,lunes,distrito 9,3.8,0.0,3.0,06/05/2025
alta rotación,"2,42 €",55.0,21.0,5.0,110.0,no,0.9878604158922178,8563.0,mañana,miércoles,distrito 1,3.0,0.0,6.0,10/08/2025
alta rotacion,"1,00 €",28.0,38.0,2.0,29.0,sí,1.9825468606130878,7552.0,mañana,miércoles,distrito 11,5.3,5.0,3.0,25/08/2025
rotación media,"2,31 €",44.0,61.0,7.0,16.0,sí,1.3163439091823423,9972.0,mañana,miércoles,distrito 2,4.0,4.0,0.0,07/05/2025
rotación media,"2,18 €",57.0,25.0,4.0,24.0,sí,1.1624158314482598,19095.0,tarde,sábado,distrito 8,5.2,6.0,5.0,28/07/2025
alta rotación,"3,23 €",50.0,28.0,31.0,22.0,sí,1.0062775145091167,11364.0,mediodía,martes,distrito 9,0.8,5.0,8.0,09/03/2025
alta rotación,"0,50 €",40.0,26.0,36.0,16.0,sí,2.2083445706521285,7960.0,mañana,sábado,distrito 1,1.9,0.0,7.0,02/02/2025
LARGA ESTANCIA,"1,77 €",43.0,26.0,10.0,57.0,sí,0.9614669376124855,6150.0,mañana,sábado,distrito 8,3.6,6.0,2.0,13/02/2025
  alta rotación ,"1,95 €",14.0,15.0,10.0,82.0,sí,1.1872259383820705,10612.0,mañana,jueves,distrito 1,2.5,0.0,1.0,19/06/2025
larga estancia,"2,41 €",46.0,6.0,8.0,37.0,sí,0.7370367503291464,13960.0,tarde,miércoles,distrito 7,1.9,6.0,6.0,28/09/2025
rotación media,"0,78 €",56.0,24.0,15.0,119.0,sí,1.8784353038457577,8789.0,mañana,jueves,distrito 1,2.0,0.0,4.0,28/10/2025
larga estancia,"1,96 €",52.0,22.0,10.0,76.0,sí,0.9662123635731722,5215.0,tarde,miércoles,distrito 2,4.4,6.0,0.0,04/05/2025
larga estancia,"2,21 €",36.0,22.0,2.0,48.0,no,0.9338689294298785,4479.0,mediodía,viernes,distrito 2,1.7,2.0,3.0,15/01/2025
LARGA ESTANCIA,"0,88 €",25.0,29.0,10.0,123.0,sí,1.1291062893857347,4843.0,tarde,jueves,distrito 8,4.1,3.0,1.0,21/10/2025
rotacion media,"1,86 €",60.0,26.0,0.0,2.0,sí,0.8947143835683704,11507.0,mañana,martes,distrito 3,-99.0,0.0,1.0,18/03/2025
rotacion media,"2,91 €",18.0,7.0,9.0,54.0,no,0.8519337084194941,4651.0,mediodía,sábado,distrito 3,2.4,2.0,6.0,21/07/2025
larga estancia,"2,95 €",28.0,26.0,18.0,39.0,sí,0.9493273430324406,13108.0,tarde,miércoles,distrito 11,3.9,1.0,3.0,26/07/2025
rotación media,"3,40 €",13.0,24.0,9.0,37.0,sí,0.7099021300654476,5786.0,mañana,lunes,distrito 7,4.3,3.0,5.0,18/10/2025
larga estancia,"2,56 €",23.0,8.0,2.0,102.0,sí,0.3408435360971108,20522.0,tarde,jueves,distrito 2,4.8,2.0,8.0,26/03/2025
ALTA ROTACIÓN,"2,70 €",22.0,15.0,1.0,17.0,sí,0.48533621479251027,11244.0,tarde,viernes,distrito 11,5.0,3.0,2.0,31/07/2025
alta rotación,"0,66 €",52.0,18.0,11.0,85.0,sí,1.644932845326913,6786.0,tarde,sábado,distrito 3,0.8,4.0,0.0,26/01/2025
residentes,"2,40 €",6.0,2.0,6.0,58.0,sí,0.8356315083726173,7054.0,tarde,lunes,distrito 5,2.3,1.0,4.0,16/04/2025
alta rotacion,"1,94 €",53.0,8.0,2.0,60.0,sí,0.4130166168033547,18838.0,tarde,viernes,distrito 8,3.5,4.0,4.0,25/03/2025
larga estancia,"2,47 €",20.0,17.0,1.0,42.0,sí,0.8984538283029013,4663.0,mañana,martes,distrito 4,1.6,1.0,4.0,29/06/2025
rotación media,"2,57 €",28.0,20.0,5.0,43.0,sí,0.8438051246233793,10930.0,mañana,sábado,distrito 7,0.8,5.0,7.0,12/05/2025
RESIDENTES,"2,33 €",38.0,10.0,2.0,86.0,sí,1.2080697030776855,12224.0,tarde,lunes,distrito 8,3.5,5.0,0.0,22/04/2025
LARGA ESTANCIA,"1,91 €",45.0,2.0,20.0,154.0,sí,0.7802162062132809,7701.0,mañana,sábado,distrito 9,1.9,5.0,8.0,17/06/2025
residentes,"1,40 €",9.0,24.0,8.0,26.0,no,1.6183713944058535,8279.0,mañana,jueves,distrito 1,2.9,4.0,3.0,12/10/2025
rotación media,"2,40 €",56.0,8.0,12.0,53.0,no,1.2027030110979253,5204.0,tarde,miércoles,distrito 9,6.3,4.0,0.0,12/10/2025
residentes,"3,05 €",12.0,9.0,1.0,37.0,sí,0.5439685119715104,6738.0,mediodía,sábado,distrito 10,3.4,4.0,2.0,18/03/2025
LARGA ESTANCIA,"2,66 €",35.0,24.0,4.0,20.0,sí,0.9325439248926657,10503.0,mediodía,viernes,distrito 9,4.8,1.0,6.0,25/04/2025
larga estancia,"2,71 €",50.0,11.0,3.0,11.0,sí,0.7869763186838916,11953.0,mediodía,lunes,distrito 3,2.8,2.0,7.0,25/04/2025
  residentes ,"1,41 €",32.0,53.0,3.0,11.0,sí,1.394007221940802,5946.0,mediodía,lunes,distrito 8,6.3,4.0,8.0,24/09/2025
LARGA ESTANCIA,"1,17 €",15.0,32.0,1.0,103.0,no,0.8389187826185642,17813.0,mañana,viernes,distrito 5,0.8,0.0,8.0,15/04/2025
alta rotación,"2,16 €",21.0,0.0,5.0,28.0,sí,0.6593793922694153,7426.0,mediodía,viernes,distrito 11,0.8,0.0,8.0,30/09/2025
rotación media,"2,21 €",24.0,43.0,0.0,66.0,no,1.1138946650366088,5225.0,mañana,miércoles,distrito 5,2.3,6.0,8.0,28/06/2025
residentes,"1,73 €",17.0,35.0,2.0,10.0,sí,1.316352992330091,20074.0,tarde,sábado,distrito 4,2.4,3.0,3.0,01/02/2025
  larga estancia ,"2,65 €",10.0,58.0,2.0,255.0,sí,0.4476790281756966,1911.0,mañana,jueves,distrito 3,1.5,6.0,6.0,05/06/2025
rotación media,"4,36 €",56.0,29.0,0.0,21.0,sí,0.2276050948452209,7752.0,tarde,martes,distrito 6,-99.0,1.0,7.0,15/04/2025
larga estancia,"2,40 €",56.0,8.0,3.0,120.0,sí,0.317480353291297,9781.0,mediodía,lunes,distrito 6,3.9,5.0,0.0,13/10/2025
residentes,"2,65 €",15.0,13.0,42.0,163.0,no,1.0100628214749656,5654.0,tarde,lunes,distrito 6,2.6,0.0,2.0,23/04/2025
alta rotacion,"0,52 €",27.0,24.0,6.0,108.0,no,1.6130111623884005,1346.0,mediodía,jueves,distrito 4,2.3,0.0,2.0,21/02/2025
larga estancia,"2,39 €",36.0,7.0,8.0,7.0,sí,0.45911826295379315,8470.0,mediodía,miércoles,distrito 5,1.6,6.0,8.0,09/04/2025
rotación media,"1,58 €",32.0,22.0,13.0,100.0,sí,1.1761889680591846,23081.0,tarde,miércoles,distrito 6,4.3,6.0,4.0,06/10/2025
rotación media,"1,81 €",40.0,28.0,7.0,38.0,no,1.4371177549284462,8089.0,mañana,miércoles,distrito 4,2.5,3.0,3.0,26/05/2025
residentes,"4,11 €",56.0,19.0,10.0,14.0,no,0.8477715273865009,7285.0,mañana,sábado,distrito 9,2.8,2.0,3.0,05/03/2025
larga estancia,"2,23 €",53.0,27.0,5.0,103.0,no,0.9405669707458726,9706.0,mediodía,viernes,distrito 8,3.3,3.0,5.0,12/10/2025
alta rotación,"1,90 €",60.0,16.0,2.0,34.0,no,1.1669396955576092,15665.0,mediodía,miércoles,distrito 7,4.1,2.0,3.0,23/10/2025
alta rotación,"3,52 €",42.0,20.0,17.0,45.0,no,1.2092537880720915,8258.0,mediodía,viernes,distrito 7,5.5,6.0,4.0,19/01/2025
alta rotación,"1,99 €",21.0,11.0,25.0,24.0,sí,1.3134118185145731,13414.0,tarde,sábado,distrito 1,3.7,4.0,6.0,27/03/2025
residentes,"3,04 €",8.0,17.0,4.0,38.0,sí,0.6462435338962793,6478.0,tarde,martes,distrito 2,1.6,4.0,0.0,13/02/2025
alta rotación,"2,46 €",32.0,21.0,9.0,63.0,sí,1.1003054680020583,8875.0,tarde,miércoles,distrito 2,1.9,2.0,5.0,04/09/2025
larga estancia,"3,03 €",44.0,4.0,1.0,168.0,no,0.12580920048777886,2124.0,mediodía,jueves,distrito 2,4.2,4.0,3.0,17/07/2025
  alta rotación ,"2,37 €",41.0,36.0,14.0,26.0,sí,0.8383394371471982,8997.0,mañana,sábado,distrito 6,3.2,2.0,6.0,11/05/2025
rotación media,"1,37 €",26.0,4.0,12.0,220.0,sí,1.0699812981118706,17844.0,tarde,viernes,distrito 8,3.8,4.0,2.0,31/08/2025
  alta rotación ,"3,44 €",47.0,27.0,9.0,72.0,sí,0.9128702155789686,14485.0,tarde,jueves,distrito 5,3.4,5.0,6.0,26/09/2025
rotación media,"3,08 €",27.0,1.0,1.0,67.0,sí,0.20909679436771103,17443.0,mañana,jueves,distrito 9,6.2,4.0,6.0,21/01/2025
larga estancia,"2,24 €",37.0,15.0,4.0,181.0,sí,0.39109307500320745,5450.0,mañana,miércoles,distrito 6,3.2,6.0,5.0,17/02/2025
alta rotacion,"1,73 €",47.0,39.0,14.0,52.0,sí,1.4193249035543025,11634.0,tarde,lunes,distrito 7,3.2,2.0,0.0,09/06/2025
rotacion media,"2,39 €",26.0,81.0,32.0,17.0,sí,1.6506072984079672,14543.0,mañana,martes,distrito 3,3.1,3.0,5.0,05/09/2025
rotación media,"3,46 €",26.0,8.0,43.0,122.0,sí,0.7322433819526963,3411.0,tarde,lunes,distrito 2,1.4,4.0,2.0,24/05/2025
rotación media,"2,15 €",58.0,38.0,6.0,132.0,sí,1.063569560521656,4922.0,mediodía,jueves,distrito 11,2.8,3.0,7.0,04/03/2025
  larga estancia ,"1,54 €",15.0,10.0,1.0,48.0,sí,0.8307255684386838,9615.0,tarde,jueves,distrito 1,5.4,0.0,2.0,22/02/2025
larga estancia,"1,48 €",7.0,27.0,2.0,44.0,sí,1.1580219830650225,5193.0,mediodía,martes,distrito 10,1.1,3.0,0.0,14/10/2025
residentes,"0,92 €",32.0,21.0,0.0,21.0,sí,1.3293246138007715,4695.0,tarde,sábado,distrito 5,3.3,1.0,8.0,26/06/2025
residentes,"1,39 €",45.0,4.0,1.0,45.0,sí,0.7588359081025253,9934.0,mediodía,martes,distrito 4,2.1,2.0,8.0,07/09/2025
rotación media,"1,16 €",43.0,17.0,28.0,117.0,sí,1.5950653738727465,11621.0,mañana,jueves,distrito 5,0.8,3.0,4.0,06/06/2025
residentes,"1,38 €",29.0,7.0,1.0,30.0,sí,0.7990060173730393,3755.0,mediodía,lunes,distrito 8,1.5,0.0,6.0,27/09/2025
RESIDENTES,"1,50 €",7.0,13.0,12.0,12.0,no,1.4161217185143755,5002.0,mañana,viernes,distrito 9,2.2,4.0,6.0,20/04/2025
larga estancia,"1,78 €",44.0,21.0,16.0,27.0,sí,1.0575399623627035,5917.0,mañana,jueves,distrito 3,2.6,5.0,0.0,02/07/2025
alta rotacion,"1,95 €",12.0,46.0,7.0,63.0,sí,0.7687119492394379,2940.0,mañana,jueves,distrito 8,2.0,2.0,2.0,23/06/2025
rotación media,"2,39 €",57.0,6.0,6.0,12.0,no,1.104188836651397,5337.0,mediodía,viernes,distrito 7,2.8,4.0,7.0,02/05/2025
residentes,"2,96 €",58.0,38.0,57.0,30.0,sí,1.1781821568646198,2954.0,mediodía,jueves,distrito 2,-99.0,6.0,5.0,26/06/2025
alta rotación,"3,40 €",57.0,51.0,6.0,41.0,no,0.6842031028971622,3791.0,mañana,viernes,distrito 1,3.6,2.0,6.0,29/05/2025
rotación media,"2,85 €",23.0,23.0,12.0,71.0,sí,0.8736045268306689,6475.0,mañana,jueves,distrito 3,-99.0,2.0,8.0,19/10/2025
residentes,"2,17 €",31.0,3.0,27.0,35.0,sí,1.0072535638662612,6350.0,mediodía,jueves,distrito 7,5.9,0.0,7.0,13/03/2025
larga estancia,"1,52 €",26.0,66.0,13.0,23.0,sí,1.3053240408797457,11768.0,mañana,sábado,distrito 7,3.7,1.0,4.0,29/06/2025
residentes,"1,85 €",8.0,21.0,7.0,16.0,no,1.0931535519931697,9509.0,tarde,lunes,distrito 7,3.1,1.0,8.0,19/03/2025
rotación media,"1,34 €",10.0,11.0,4.0,16.0,sí,0.8898144853196882,7703.0,mañana,viernes,distrito 6,3.2,2.0,7.0,25/07/2025
ALTA ROTACIÓN,"3,03 €",50.0,32.0,7.0,162.0,no,0.6587663352051463,2712.0,tarde,jueves,distrito 9,2.0,4.0,0.0,01/07/2025
larga estancia,"2,05 €",60.0,25.0,0.0,125.0,no,0.8997111447449698,25722.0,tarde,viernes,distrito 10,1.7,5.0,2.0,30/06/2025
  alta rotación ,"0,94 €",33.0,10.0,0.0,16.0,no,1.5593242948196684,7805.0,tarde,lunes,distrito 6,4.0,3.0,7.0,11/10/2025
rotación media,"2,15 €",46.0,72.0,16.0,7.0,no,1.2358833610438444,8848.0,tarde,martes,distrito 4,-99.0,4.0,4.0,10/01/2025
LARGA ESTANCIA,"2,76 €",52.0,35.0,5.0,19.0,sí,0.8937793512152814,16292.0,mediodía,miércoles,distrito 3,5.2,3.0,5.0,11/02/2025
ROTACIÓN MEDIA,"2,78 €",14.0,49.0,4.0,192.0,sí,0.6839346722935922,17946.0,mañana,lunes,distrito 5,-99.0,5.0,7.0,27/09/2025
  larga estancia ,"1,56 €",50.0,14.0,26.0,34.0,no,1.46905887349637,6726.0,mañana,viernes,distrito 6,3.3,6.0,3.0,23/01/2025
alta rotación,"0,84 €",53.0,15.0,8.0,7.0,sí,1.6352702105468504,3443.0,mediodía,lunes,distrito 9,2.2,2.0,7.0,03/10/2025
residentes,"0,63 €",12.0,39.0,9.0,129.0,no,2.0056751413247746,39700.0,tarde,miércoles,distrito 9,3.8,2.0,7.0,02/02/2025
ALTA ROTACIÓN,"2,71 €",17.0,25.0,4.0,94.0,no,1.006755886482538,19404.0,mañana,miércoles,distrito 1,1.9,6.0,6.0,16/08/2025
larga estancia,"2,82 €",43.0,8.0,11.0,107.0,sí,0.41034671841585146,5111.0,tarde,lunes,distrito 8,-99.0,3.0,8.0,23/05/2025
rotación media,"1,13 €",55.0,6.0,0.0,7.0,sí,0.7029641141638409,5529.0,mañana,jueves,distrito 5,3.6,0.0,3.0,19/02/2025
  rotación media ,"1,70 €",20.0,18.0,12.0,24.0,sí,1.1394343914874014,14853.0,mañana,miércoles,distrito 2,2.7,1.0,3.0,05/07/2025
rotación media,"4,58 €",54.0,20.0,9.0,181.0,sí,0.4766711069356244,5948.0,mañana,viernes,distrito 9,4.6,2.0,6.0,25/02/2025
rotación media,"2,24 €",22.0,77.0,5.0,72.0,sí,1.2752437685011522,15015.0,mañana,sábado,distrito 2,3.9,3.0,7.0,22/08/2025
larga estancia,"2,15 €",49.0,6.0,3.0,18.0,sí,0.5663155594419853,7975.0,tarde,miércoles,distrito 9,3.7,2.0,8.0,03/03/2025
  residentes ,"2,39 €",53.0,24.0,3.0,66.0,no,0.7109225451305456,4645.0,tarde,martes,distrito 5,4.5,1.0,4.0,04/09/2025
rotación media,"1,44 €",59.0,19.0,2.0,101.0,sí,0.9275418710598908,14157.0,mañana,lunes,distrito 1,-99.0,1.0,6.0,03/07/2025
rotación media,"3,83 €",36.0,52.0,0.0,66.0,no,1.0399314003898033,1861.0,mediodía,miércoles,distrito 2,2.9,4.0,5.0,20/06/2025
rotación media,"2,70 €",31.0,38.0,1.0,58.0,sí,0.6581382185827915,14505.0,mañana,viernes,distrito 10,2.8,5.0,8.0,11/04/2025
alta rotación,"2,10 €",24.0,2.0,12.0,32.0,sí,0.7726437816397548,14008.0,mañana,miércoles,distrito 9,3.3,3.0,1.0,10/01/2025
alta rotación,"1,67 €",51.0,35.0,13.0,83.0,sí,1.0784131448701513,8159.0,tarde,miércoles,distrito 7,2.4,2.0,3.0,18/03/2025
rotación media,"1,54 €",33.0,14.0,4.0,149.0,sí,1.1172527268396382,4600.0,tarde,lunes,distrito 10,3.4,1.0,1.0,02/08/2025
residentes,"2,77 €",59.0,18.0,3.0,115.0,sí,0.6991929059966595,6565.0,mañana,miércoles,distrito 7,1.8,6.0,3.0,23/03/2025
larga estancia,"2,76 €",9.0,12.0,6.0,65.0,sí,0.5690304909621866,20163.0,tarde,martes,distrito 10,3.1,5.0,7.0,20/01/2025
residentes,"2,55 €",42.0,3.0,6.0,185.0,sí,0.7044261990066741,25645.0,mañana,lunes,distrito 3,4.1,2.0,1.0,26/03/2025
rotación media,"1,33 €",17.0,13.0,16.0,86.0,sí,1.2729553609080526,3215.0,mañana,miércoles,distrito 2,-99.0,6.0,6.0,29/06/2025
rotación media,"2,22 €",51.0,24.0,4.0,118.0,no,0.5308832246497404,5096.0,mañana,miércoles,distrito 3,3.5,0.0,5.0,01/07/2025
larga estancia,"1,44 €",17.0,29.0,30.0,20.0,sí,1.3864343709693143,2985.0,mañana,lunes,distrito 5,0.8,5.0,1.0,05/07/2025
larga estancia,"3,17 €",25.0,3.0,13.0,55.0,sí,0.5051405469137067,23604.0,tarde,miércoles,distrito 4,4.1,5.0,1.0,27/06/2025
rotación media,"1,75 €",32.0,9.0,0.0,5.0,sí,0.8146989484854071,4855.0,tarde,sábado,distrito 2,2.8,6.0,7.0,15/04/2025
alta rotación,"2,87 €",54.0,20.0,1.0,22.0,sí,0.4473744461975601,3911.0,mañana,viernes,distrito 4,2.1,0.0,8.0,24/08/2025
residentes,"2,37 €",44.0,14.0,16.0,44.0,sí,0.6892928848683375,9673.0,mediodía,martes,distrito 3,4.3,1.0,6.0,15/06/2025
residentes,"1,80 €",32.0,33.0,10.0,18.0,sí,1.1332344797691014,17422.0,tarde,sábado,distrito 1,2.6,3.0,0.0,23/06/2025
  rotación media ,"2,36 €",34.0,20.0,3.0,17.0,sí,1.0178579558051444,22797.0,mañana,jueves,distrito 1,4.6,2.0,3.0,21/03/2025
rotación media,"2,60 €",13.0,18.0,16.0,49.0,no,0.6909585704647669,1155.0,tarde,martes,distrito 7,2.9,3.0,5.0,18/07/2025
alta rotación,"2,26 €",17.0,18.0,4.0,169.0,no,0.9850899326264906,11692.0,mediodía,jueves,distrito 11,2.8,1.0,3.0,10/09/2025
  larga estancia ,"3,16 €",12.0,24.0,4.0,39.0,sí,0.7731313546710847,3410.0,mediodía,martes,distrito 5,6.0,3.0,3.0,24/03/2025
alta rotacion,"2,38 €",43.0,33.0,5.0,113.0,sí,0.9672339644039386,8293.0,tarde,martes,distrito 8,3.8,6.0,5.0,04/03/2025
alta rotación,"2,31 €",30.0,15.0,15.0,79.0,sí,0.8396997781566978,9884.0,mediodía,lunes,distrito 1,2.8,1.0,6.0,11/04/2025
rotación media,"2,02 €",45.0,61.0,14.0,110.0,sí,1.2315835560953807,10275.0,mañana,viernes,distrito 8,4.3,3.0,3.0,18/09/2025
RESIDENTES,"2,56 €",37.0,33.0,9.0,68.0,sí,1.2662994711610869,2083.0,tarde,jueves,distrito 5,4.5,2.0,6.0,28/09/2025
larga estancia,"1,72 €",21.0,29.0,17.0,24.0,no,1.2848483994764375,8827.0,tarde,miércoles,distrito 6,4.0,6.0,2.0,09/03/2025
larga estancia,"1,69 €",49.0,8.0,0.0,54.0,sí,0.48276078332086414,13256.0,mañana,lunes,distrito 9,0.8,3.0,8.0,12/01/2025
larga estancia,"2,22 €",40.0,22.0,2.0,30.0,sí,0.9038125664992325,6108.0,mediodía,viernes,distrito 10,2.7,4.0,8.0,11/05/2025
rotación media,"2,54 €",49.0,18.0,2.0,13.0,sí,0.8531388513482417,10856.0,mañana,martes,distrito 2,4.7,6.0,2.0,13/05/2025
residentes,"1,22 €",14.0,5.0,43.0,20.0,sí,1.5236432804718498,42902.0,tarde,viernes,distrito 7,4.1,2.0,4.0,18/03/2025
alta rotación,"3,17 €",9.0,23.0,0.0,41.0,sí,0.6359257704947032,4481.0,mañana,miércoles,distrito 8,5.0,5.0,1.0,14/09/2025
larga estancia,"2,13 €",41.0,19.0,20.0,31.0,no,1.1956020989781968,10120.0,tarde,lunes,distrito 6,0.8,2.0,2.0,16/01/2025
alta rotación,"1,88 €",59.0,93.0,8.0,91.0,sí,1.6824428586761895,4274.0,tarde,sábado,distrito 4,4.0,1.0,2.0,31/10/2025
alta rotación,"1,96 €",47.0,8.0,26.0,38.0,sí,1.0302878669574265,17638.0,mañana,jueves,distrito 9,2.0,3.0,5.0,29/03/2025
alta rotacion,"2,26 €",40.0,16.0,8.0,163.0,sí,0.6788855827147288,13522.0,tarde,sábado,distrito 3,3.0,2.0,0.0,14/09/2025
rotacion media,"0,90 €",42.0,24.0,1.0,48.0,sí,1.0200460766578496,17048.0,tarde,viernes,distrito 5,3.0,0.0,0.0,29/09/2025
ROTACIÓN MEDIA,"1,71 €",52.0,17.0,4.0,26.0,sí,1.0217374602790807,15547.0,mediodía,miércoles,distrito 8,2.4,0.0,0.0,29/09/2025
residentes,"1,57 €",21.0,21.0,31.0,126.0,sí,0.9073243740119725,4485.0,tarde,lunes,distrito 11,2.8,5.0,1.0,20/09/2025
ROTACIÓN MEDIA,"3,08 €",25.0,31.0,7.0,74.0,sí,0.8228551645120674,17961.0,mañana,viernes,distrito 4,5.3,3.0,7.0,16/10/2025
alta rotación,"2,16 €",22.0,31.0,40.0,57.0,sí,0.7052501891741392,4429.0,mediodía,viernes,distrito 5,3.3,1.0,3.0,18/04/2025
alta rotación,"2,33 €",54.0,24.0,26.0,92.0,no,1.4222966143200737,14990.0,tarde,lunes,distrito 4,2.2,3.0,3.0,15/01/2025
alta rotación,"3,19 €",11.0,12.0,36.0,106.0,sí,0.8419660997055122,3724.0,tarde,lunes,distrito 5,1.9,6.0,5.0,05/09/2025
larga estancia,"1,54 €",29.0,9.0,7.0,6.0,sí,0.8099199785685158,7396.0,mañana,martes,distrito 3,4.3,2.0,4.0,13/10/2025
alta rotación,"2,01 €",14.0,25.0,20.0,9.0,sí,1.7222872254017276,18924.0,tarde,miércoles,distrito 4,4.5,0.0,5.0,13/04/2025
LARGA ESTANCIA,"2,40 €",52.0,48.0,5.0,2.0,no,1.8130055306912198,11908.0,mediodía,martes,distrito 7,-99.0,1.0,5.0,31/07/2025
alta rotación,"2,10 €",24.0,41.0,14.0,59.0,sí,1.2278067372895796,12422.0,tarde,martes,distrito 5,5.6,3.0,1.0,12/07/2025
  rotación media ,"0,86 €",50.0,25.0,12.0,12.0,sí,1.4693522476212708,7748.0,mañana,miércoles,distrito 8,3.4,0.0,4.0,07/02/2025
rotación media,"1,22 €",10.0,15.0,23.0,119.0,sí,1.5162193970712754,17421.0,tarde,jueves,distrito 8,2.9,3.0,2.0,02/03/2025
alta rotacion,"3,63 €",28.0,9.0,12.0,130.0,sí,0.6811172493606188,5793.0,mañana,lunes,distrito 8,5.2,3.0,6.0,27/03/2025
residentes,"3,12 €",10.0,12.0,16.0,40.0,sí,0.9797313737495706,16573.0,mediodía,viernes,distrito 3,2.5,3.0,6.0,19/08/2025
rotación media,"2,90 €",27.0,43.0,18.0,69.0,sí,0.9205312355429567,51150.0,mañana,lunes,distrito 2,4.4,6.0,2.0,02/07/2025
  alta rotación ,"2,54 €",34.0,12.0,1.0,75.0,sí,0.43109587412454664,6251.0,mañana,viernes,distrito 9,3.2,3.0,0.0,01/04/2025
residentes,"2,38 €",15.0,15.0,20.0,132.0,sí,0.997418067022856,4124.0,tarde,viernes,distrito 5,3.3,2.0,8.0,09/07/2025
alta rotación,"2,98 €",60.0,18.0,3.0,9.0,sí,0.6686684358339291,7342.0,tarde,jueves,distrito 8,3.5,2.0,3.0,06/10/2025
larga estancia,"2,63 €",10.0,10.0,3.0,96.0,sí,0.4852957633609049,4139.0,mañana,viernes,distrito 3,8.4,1.0,2.0,02/02/2025
alta rotación,"2,21 €",19.0,44.0,10.0,104.0,no,1.36672157467154,29057.0,tarde,lunes,distrito 9,3.5,3.0,3.0,20/04/2025
residentes,"2,16 €",23.0,1.0,13.0,38.0,no,0.709111980258208,11085.0,mañana,sábado,distrito 10,2.9,1.0,8.0,24/02/2025
  alta rotación ,"1,90 €",36.0,6.0,3.0,174.0,sí,0.5691362480888417,7550.0,mediodía,sábado,distrito 4,4.6,4.0,6.0,30/04/2025
larga estancia,"1,83 €",53.0,0.0,9.0,50.0,sí,0.5751574655534517,6577.0,tarde,lunes,distrito 9,1.1,3.0,4.0,17/05/2025
alta rotación,"2,56 €",32.0,49.0,6.0,84.0,no,1.1043870636410695,16495.0,tarde,lunes,distrito 1,3.1,1.0,5.0,20/04/2025
rotacion media,"2,01 €",18.0,13.0,1.0,35.0,sí,0.9318273535726216,6335.0,tarde,martes,distrito 10,3.1,5.0,3.0,13/03/2025
alta rotacion,"2,52 €",35.0,4.0,19.0,95.0,sí,0.7689246450475659,5398.0,mediodía,jueves,distrito 8,5.0,4.0,8.0,30/03/2025
larga estancia,"0,50 €",9.0,25.0,0.0,62.0,sí,1.8283822623241743,10653.0,mediodía,sábado,distrito 5,4.2,0.0,8.0,16/03/2025
alta rotación,"2,47 €",48.0,45.0,21.0,148.0,no,1.4436128833591737,9728.0,tarde,miércoles,distrito 11,2.6,6.0,1.0,23/04/2025
  rotación media ,"2,94 €",24.0,15.0,6.0,48.0,sí,0.7540014267346046,14617.0,mañana,sábado,distrito 7,5.3,3.0,4.0,05/08/2025
alta rotación,"1,30 €",19.0,20.0,8.0,47.0,no,1.6009416385240003,7972.0,mañana,lunes,distrito 7,5.7,4.0,8.0,26/04/2025
  rotación media ,"2,37 €",58.0,31.0,18.0,79.0,sí,0.9657037441336807,15969.0,tarde,lunes,distrito 8,-99.0,3.0,0.0,17/09/2025
alta rotación,"2,71 €",24.0,3.0,0.0,223.0,sí,0.7228357934670864,10322.0,mañana,viernes,distrito 7,4.3,2.0,0.0,22/09/2025
  rotación media ,"1,44 €",40.0,9.0,7.0,124.0,sí,0.890545104832967,7453.0,mediodía,jueves,distrito 2,5.1,2.0,3.0,14/03/2025
alta rotación,"2,48 €",38.0,32.0,5.0,43.0,no,0.9933695473786108,4089.0,mañana,jueves,distrito 3,0.9,3.0,5.0,29/04/2025
  alta rotación ,"1,90 €",26.0,17.0,31.0,45.0,sí,1.4153412366872233,5190.0,mediodía,viernes,distrito 3,1.1,5.0,8.0,25/03/2025
residentes,"2,97 €",39.0,20.0,51.0,52.0,sí,1.0727727487874341,5906.0,tarde,miércoles,distrito 4,3.8,3.0,2.0,22/03/2025
  rotación media ,"2,42 €",25.0,41.0,3.0,3.0,sí,1.5594697563223703,25984.0,tarde,lunes,distrito 5,5.8,0.0,1.0,28/09/2025
ROTACIÓN MEDIA,"1,90 €",39.0,11.0,25.0,64.0,sí,0.9936713259716045,6288.0,mañana,viernes,distrito 8,1.6,5.0,1.0,06/10/2025
alta rotación,"1,80 €",47.0,17.0,2.0,208.0,sí,0.826378173481403,3544.0,mediodía,miércoles,distrito 3,2.9,0.0,1.0,28/06/2025
rotación media,"2,10 €",44.0,18.0,15.0,111.0,sí,0.8113901003247699,25462.0,tarde,martes,distrito 4,2.8,3.0,4.0,24/02/2025
rotación media,"2,19 €",18.0,12.0,4.0,41.0,sí,0.7648877938553532,21303.0,mediodía,miércoles,distrito 11,3.9,6.0,5.0,01/07/2025
alta rotación,"1,97 €",26.0,8.0,0.0,70.0,sí,0.563541731207879,11597.0,tarde,sábado,distrito 2,3.7,6.0,8.0,23/08/2025
rotación media,"1,90 €",56.0,4.0,3.0,25.0,no,1.1381543675097947,6474.0,mañana,lunes,distrito 8,0.8,3.0,4.0,06/06/2025
alta rotación,"2,54 €",18.0,19.0,9.0,11.0,sí,1.0477901499299875,9246.0,mediodía,martes,distrito 7,2.7,1.0,1.0,04/07/2025
ROTACIÓN MEDIA,"3,38 €",28.0,68.0,3.0,70.0,sí,0.6663099707843219,3899.0,mañana,lunes,distrito 8,0.8,0.0,1.0,22/09/2025
alta rotación,"0,77 €",59.0,7.0,2.0,246.0,sí,0.9156438431656821,15626.0,mañana,miércoles,distrito 10,2.2,1.0,3.0,12/03/2025
  larga estancia ,"2,78 €",36.0,25.0,1.0,115.0,sí,0.3177209532635278,9186.0,mediodía,miércoles,distrito 11,4.3,5.0,7.0,10/08/2025
rotación media,"1,68 €",32.0,40.0,6.0,63.0,sí,1.3421701327840851,11681.0,tarde,viernes,distrito 4,-99.0,3.0,2.0,18/05/2025
residentes,"2,37 €",48.0,8.0,4.0,23.0,sí,0.8124654524143423,6365.0,tarde,jueves,distrito 1,4.7,6.0,5.0,12/07/2025
alta rotación,"2,30 €",14.0,18.0,4.0,28.0,sí,1.0698083771526343,20936.0,tarde,sábado,distrito 5,2.7,4.0,8.0,27/10/2025
  larga estancia ,"2,48 €",53.0,5.0,39.0,87.0,sí,0.8526070106519154,10452.0,mañana,lunes,distrito 8,-99.0,2.0,6.0,06/10/2025
rotación media,"3,50 €",41.0,5.0,0.0,4.0,no,0.8072177462337116,9633.0,mañana,lunes,distrito 11,3.3,2.0,8.0,22/03/2025
  alta rotación ,"0,74 €",22.0,9.0,15.0,6.0,no,1.7953992259506588,27568.0,mediodía,sábado,distrito 5,1.1,0.0,4.0,11/01/2025
  larga estancia ,"1,70 €",28.0,29.0,8.0,81.0,no,1.4041599870100467,11211.0,mañana,sábado,distrito 2,1.7,3.0,8.0,13/06/2025
larga estancia,"1,38 €",52.0,8.0,5.0,108.0,sí,1.095862704947225,25029.0,mediodía,viernes,distrito 6,3.0,0.0,5.0,20/06/2025
rotación media,"1,59 €",44.0,36.0,3.0,74.0,sí,1.134941382262198,19072.0,tarde,miércoles,distrito 2,3.2,6.0,6.0,12/07/2025
alta rotación,"2,41 €",57.0,27.0,16.0,159.0,sí,0.7731292178757919,3230.0,tarde,miércoles,distrito 5,2.9,2.0,6.0,22/09/2025
  residentes ,"3,18 €",41.0,11.0,12.0,73.0,sí,0.7538366176467098,4970.0,tarde,viernes,distrito 10,-99.0,3.0,1.0,21/04/2025
rotación media,"2,97 €",11.0,16.0,1.0,111.0,sí,0.27534505275075083,9891.0,mañana,miércoles,distrito 2,2.0,4.0,3.0,01/04/2025
rotación media,"1,78 €",21.0,18.0,12.0,163.0,sí,1.1582107072536079,3999.0,mediodía,sábado,distrito 3,4.1,3.0,4.0,13/08/2025
larga estancia,"1,49 €",32.0,16.0,1.0,38.0,sí,0.6344268990517667,20208.0,mañana,sábado,distrito 4,0.9,0.0,1.0,31/03/2025
residentes,"3,30 €",18.0,15.0,1.0,0.0,sí,0.7865625133284384,20541.0,tarde,viernes,distrito 1,2.4,4.0,3.0,08/06/2025
alta rotación,"3,17 €",23.0,17.0,9.0,34.0,no,1.2035418150763675,6243.0,mediodía,viernes,distrito 9,0.8,0.0,7.0,31/10/2025
rotación media,"1,55 €",28.0,41.0,11.0,34.0,sí,0.9839375079469467,9899.0,mañana,sábado,distrito 10,3.5,5.0,7.0,07/07/2025
larga estancia,"2,42 €",31.0,6.0,2.0,1.0,sí,0.5656563438134844,20993.0,tarde,martes,distrito 2,-99.0,4.0,4.0,12/01/2025
alta rotación,"3,54 €",34.0,13.0,2.0,118.0,no,0.21965204239969127,12571.0,mañana,martes,distrito 1,2.8,1.0,1.0,01/05/2025
alta rotación,"3,74 €",29.0,8.0,8.0,32.0,sí,0.7277824796280878,4074.0,mediodía,sábado,distrito 6,4.0,6.0,8.0,03/03/2025
residentes,"2,19 €",25.0,23.0,41.0,48.0,sí,1.6559979423646443,39767.0,tarde,martes,distrito 2,1.9,1.0,5.0,21/03/2025
rotacion media,"2,29 €",45.0,10.0,9.0,89.0,sí,0.5842307743013477,12643.0,tarde,martes,distrito 4,2.2,1.0,3.0,29/04/2025
rotación media,"2,79 €",19.0,25.0,5.0,115.0,sí,0.37841259835325775,2900.0,mañana,jueves,distrito 11,2.7,4.0,4.0,11/07/2025
larga estancia,"3,25 €",29.0,7.0,14.0,58.0,sí,0.45526413630081003,28042.0,mediodía,sábado,distrito 2,5.1,1.0,3.0,28/08/2025
residentes,"1,48 €",19.0,30.0,23.0,23.0,sí,1.296425681229311,6316.0,tarde,sábado,distrito 4,2.8,3.0,4.0,30/06/2025
rotación media,"1,49 €",19.0,2.0,8.0,19.0,no,1.5557921272375175,12560.0,tarde,sábado,distrito 1,3.9,4.0,3.0,20/07/2025
larga estancia,"1,90 €",10.0,23.0,21.0,33.0,sí,1.4636418726128342,7331.0,mañana,miércoles,distrito 11,4.1,6.0,5.0,17/10/2025
rotación media,"2,35 €",50.0,16.0,16.0,6.0,sí,1.1548688988055849,9015.0,mediodía,martes,distrito 6,1.9,2.0,7.0,19/10/2025
rotación media,"1,24 €",34.0,25.0,5.0,3.0,sí,1.9522645846786486,26202.0,mañana,viernes,distrito 1,3.7,3.0,2.0,21/05/2025
residentes,"1,74 €",20.0,13.0,22.0,7.0,sí,1.2928289885075492,23101.0,mañana,lunes,distrito 2,2.2,3.0,8.0,29/10/2025
larga estancia,"2,22 €",29.0,14.0,7.0,43.0,sí,0.4299565199680233,9241.0,mañana,jueves,distrito 9,3.1,3.0,1.0,20/07/2025
larga estancia,"2,84 €",26.0,39.0,16.0,270.0,no,1.1270089220032322,8196.0,mañana,sábado,distrito 10,4.1,5.0,8.0,18/06/2025
alta rotación,"3,29 €",13.0,23.0,22.0,30.0,no,1.0523136518099012,8382.0,tarde,martes,distrito 2,0.8,0.0,6.0,25/08/2025
larga estancia,"3,45 €",29.0,7.0,10.0,30.0,sí,0.6037125885067872,12776.0,mañana,viernes,distrito 10,4.6,1.0,7.0,07/04/2025
alta rotación,"2,88 €",13.0,12.0,5.0,15.0,sí,0.9686786205815054,4753.0,mediodía,lunes,distrito 2,0.8,5.0,4.0,29/07/2025
larga estancia,"2,11 €",27.0,14.0,14.0,61.0,sí,0.8026908788625958,7943.0,tarde,sábado,distrito 1,3.5,4.0,2.0,08/08/2025
rotación media,"1,91 €",9.0,13.0,1.0,135.0,sí,0.683060321811043,6840.0,mediodía,martes,distrito 11,3.1,6.0,1.0,12/09/2025
LARGA ESTANCIA,"1,26 €",9.0,23.0,37.0,112.0,no,1.5499758097780403,5420.0,mediodía,martes,distrito 2,6.6,4.0,0.0,17/03/2025
rotación media,"1,45 €",31.0,13.0,1.0,106.0,sí,0.84426538018897,8666.0,mediodía,martes,distrito 11,1.9,2.0,5.0,07/10/2025
  residentes ,"2,41 €",24.0,15.0,1.0,40.0,sí,0.8482154651427422,11153.0,tarde,lunes,distrito 2,1.6,6.0,7.0,08/06/2025
rotación media,"1,47 €",20.0,11.0,5.0,79.0,sí,0.9885733234340596,4626.0,tarde,lunes,distrito 1,1.5,3.0,2.0,23/05/2025
ALTA ROTACIÓN,"1,36 €",37.0,25.0,2.0,32.0,sí,1.2957344458565958,6839.0,tarde,sábado,distrito 10,1.3,6.0,2.0,30/09/2025
rotación media,"1,10 €",25.0,29.0,2.0,23.0,sí,1.3092863822524694,5679.0,mañana,sábado,distrito 6,3.0,6.0,7.0,28/02/2025
larga estancia,"2,81 €",42.0,30.0,18.0,103.0,sí,0.54044128734075,14149.0,mediodía,martes,distrito 6,2.5,0.0,4.0,31/05/2025
larga estancia,"3,18 €",27.0,4.0,21.0,35.0,sí,0.35001301636495874,4954.0,mañana,martes,distrito 10,1.3,0.0,2.0,16/08/2025
rotación media,"1,35 €",33.0,9.0,3.0,16.0,sí,0.7440408208151665,20057.0,tarde,viernes,distrito 3,2.6,2.0,0.0,28/03/2025
alta rotación,"1,22 €",51.0,13.0,3.0,60.0,sí,0.9971576214130762,12334.0,mediodía,sábado,distrito 5,1.6,1.0,3.0,07/01/2025
rotación media,"0,85 €",43.0,16.0,7.0,146.0,sí,1.4623211005058845,10953.0,mañana,miércoles,distrito 8,4.4,6.0,4.0,08/08/2025
residentes,"1,74 €",22.0,6.0,6.0,57.0,no,1.2634160149053635,5376.0,mañana,jueves,distrito 2,2.5,1.0,3.0,15/08/2025
LARGA ESTANCIA,"2,69 €",21.0,8.0,20.0,84.0,sí,0.45939671107695534,10842.0,mediodía,martes,distrito 8,6.4,5.0,4.0,02/05/2025
larga estancia,"2,50 €",58.0,9.0,2.0,110.0,no,0.6393067574349022,8730.0,tarde,viernes,distrito 5,2.8,2.0,5.0,14/01/2025
residentes,"1,98 €",55.0,21.0,1.0,83.0,sí,0.5914297079593531,7419.0,tarde,lunes,distrito 4,0.8,6.0,0.0,29/04/2025
rotación media,"2,69 €",24.0,7.0,16.0,71.0,sí,0.6734591517516961,5711.0,tarde,jueves,distrito 8,3.2,1.0,4.0,14/03/2025
rotación media,"1,98 €",54.0,3.0,10.0,38.0,sí,0.7713325804281363,10712.0,mediodía,lunes,distrito 1,0.8,0.0,8.0,29/03/2025
LARGA ESTANCIA,"2,74 €",30.0,6.0,8.0,64.0,sí,0.400957814971462,8780.0,tarde,miércoles,distrito 9,0.8,5.0,3.0,10/09/2025
ALTA ROTACIÓN,"0,78 €",42.0,27.0,3.0,9.0,sí,1.6550074898856364,7498.0,tarde,martes,distrito 2,4.2,3.0,6.0,20/06/2025
rotación media,"1,01 €",17.0,39.0,2.0,196.0,sí,1.194471213035446,11469.0,tarde,miércoles,distrito 5,2.6,6.0,6.0,09/01/2025
rotación media,"2,76 €",36.0,11.0,10.0,65.0,sí,0.93439815671222,10291.0,mediodía,lunes,distrito 3,1.1,4.0,7.0,16/09/2025
residentes,"3,88 €",47.0,8.0,9.0,32.0,sí,0.5153336984893067,3178.0,tarde,miércoles,distrito 1,2.5,3.0,8.0,01/06/2025
larga estancia,"2,12 €",27.0,5.0,0.0,68.0,no,0.797049507617648,16331.0,mediodía,miércoles,distrito 2,3.9,6.0,3.0,29/07/2025
rotación media,"1,50 €",55.0,26.0,28.0,55.0,sí,1.5458816311036392,7295.0,tarde,lunes,distrito 6,4.2,0.0,6.0,18/06/2025
larga estancia,"2,21 €",41.0,37.0,30.0,12.0,no,1.2723842564413508,3651.0,mediodía,jueves,distrito 7,2.8,5.0,6.0,06/07/2025
LARGA ESTANCIA,"2,45 €",10.0,32.0,2.0,17.0,sí,0.9065225080835018,14065.0,mañana,martes,distrito 8,1.1,3.0,3.0,17/10/2025
ROTACIÓN MEDIA,"2,09 €",31.0,14.0,15.0,103.0,sí,0.8283827688442408,9126.0,mañana,martes,distrito 9,3.1,1.0,3.0,09/03/2025
RESIDENTES,"3,25 €",21.0,15.0,2.0,144.0,sí,0.31788343683304765,3788.0,mañana,miércoles,distrito 3,2.7,5.0,7.0,02/11/2025
  alta rotación ,"2,19 €",49.0,24.0,6.0,30.0,sí,1.1648716268364971,6856.0,mañana,lunes,distrito 2,1.5,4.0,0.0,11/03/2025
ALTA ROTACIÓN,"2,03 €",7.0,34.0,5.0,193.0,sí,1.1315777824036524,16952.0,mañana,jueves,distrito 3,3.8,6.0,1.0,21/02/2025
larga estancia,"2,47 €",54.0,41.0,19.0,159.0,sí,0.9124085590412154,3310.0,mañana,lunes,distrito 7,3.8,6.0,8.0,13/01/2025
residentes,"1,08 €",11.0,3.0,26.0,30.0,no,1.7117695765882062,6688.0,tarde,viernes,distrito 1,2.1,0.0,8.0,07/10/2025
alta rotación,"2,51 €",15.0,15.0,20.0,50.0,no,0.9828784925868507,5894.0,mediodía,lunes,distrito 9,3.5,6.0,1.0,03/10/2025
larga estancia,"1,53 €",36.0,42.0,13.0,41.0,no,1.5750289945213383,10992.0,mañana,viernes,distrito 1,3.0,6.0,4.0,04/03/2025
rotacion media,"2,23 €",59.0,3.0,1.0,37.0,no,0.6678875868612015,18208.0,mediodía,lunes,distrito 4,1.1,2.0,5.0,11/08/2025
LARGA ESTANCIA,"3,60 €",44.0,23.0,10.0,192.0,sí,0.7569429157527225,3695.0,mediodía,viernes,distrito 2,2.8,6.0,3.0,25/01/2025
larga estancia,"1,51 €",51.0,23.0,14.0,17.0,sí,1.514672368694672,25864.0,tarde,miércoles,distrito 2,3.1,6.0,7.0,07/09/2025
alta rotacion,"2,32 €",46.0,5.0,1.0,28.0,sí,0.870461957013954,18187.0,tarde,sábado,distrito 9,4.9,6.0,7.0,25/04/2025
alta rotación,"3,55 €",10.0,21.0,0.0,140.0,sí,0.03585364252577161,32419.0,mediodía,miércoles,distrito 1,2.4,3.0,1.0,15/03/2025
residentes,"2,80 €",35.0,14.0,3.0,6.0,no,1.1251927265657624,4293.0,mañana,viernes,distrito 6,2.9,6.0,8.0,04/06/2025
LARGA ESTANCIA,"0,98 €",38.0,9.0,16.0,16.0,sí,1.188876082957821,17021.0,mañana,martes,distrito 4,4.1,3.0,8.0,20/06/2025
rotación media,"1,30 €",15.0,44.0,15.0,57.0,sí,1.6733225865282302,7872.0,mañana,jueves,distrito 1,4.1,1.0,4.0,02/05/2025
larga estancia,"3,10 €",10.0,5.0,4.0,32.0,no,0.38294322525850694,7314.0,mañana,sábado,distrito 6,3.8,1.0,7.0,15/08/2025
residentes,"2,20 €",38.0,29.0,8.0,74.0,no,1.585436209687223,23712.0,mediodía,sábado,distrito 4,0.8,3.0,5.0,27/10/2025
larga estancia,"1,65 €",6.0,24.0,4.0,61.0,no,1.441791670819102,12700.0,tarde,martes,distrito 7,2.0,3.0,4.0,27/01/2025
ROTACIÓN MEDIA,"2,60 €",13.0,5.0,28.0,80.0,sí,0.5175937736041054,7933.0,tarde,miércoles,distrito 6,0.8,1.0,1.0,07/09/2025
alta rotación,"3,70 €",15.0,12.0,5.0,39.0,sí,0.7947997551193637,12711.0,tarde,viernes,distrito 1,2.5,5.0,5.0,31/07/2025
alta rotación,"2,67 €",17.0,17.0,11.0,137.0,no,1.5189336921258016,7007.0,mañana,martes,distrito 3,2.5,6.0,2.0,30/08/2025
alta rotación,"0,94 €",50.0,21.0,7.0,55.0,sí,1.5609815993875364,12040.0,mediodía,jueves,distrito 10,2.6,2.0,7.0,20/03/2025
residentes,"1,59 €",23.0,18.0,3.0,9.0,sí,1.313330046418594,6684.0,tarde,lunes,distrito 10,3.6,5.0,2.0,27/06/2025
rotación media,"1,83 €",42.0,30.0,31.0,42.0,sí,1.3517374801584081,13754.0,mediodía,jueves,distrito 8,2.8,0.0,5.0,29/04/2025
alta rotación,"1,23 €",28.0,60.0,26.0,18.0,no,2.01470790683876,8232.0,mediodía,miércoles,distrito 11,3.4,5.0,4.0,26/10/2025
rotacion media,"1,82 €",49.0,27.0,11.0,41.0,no,1.3455427324599334,8673.0,mañana,lunes,distrito 10,4.7,3.0,4.0,25/09/2025
larga estancia,"1,17 €",30.0,6.0,17.0,38.0,no,1.2458355159871422,19828.0,tarde,jueves,distrito 10,4.0,6.0,8.0,03/09/2025
larga estancia,"2,87 €",33.0,33.0,14.0,23.0,sí,0.9330761528960793,10120.0,mediodía,sábado,distrito 1,4.0,6.0,1.0,02/11/2025
larga estancia,"1,45 €",8.0,16.0,1.0,26.0,sí,0.9552551977646925,10767.0,mediodía,martes,distrito 6,4.5,4.0,3.0,26/08/2025
residentes,"0,96 €",24.0,33.0,13.0,51.0,sí,1.6137787270414994,4556.0,mañana,martes,distrito 7,2.6,5.0,0.0,06/10/2025
rotación media,"1,65 €",57.0,9.0,20.0,18.0,no,1.0265615792223417,20976.0,mañana,jueves,distrito 2,3.7,0.0,4.0,01/05/2025
  rotación media ,"2,34 €",54.0,19.0,2.0,40.0,no,0.8251783364322367,6822.0,mañana,sábado,distrito 10,4.8,0.0,2.0,30/03/2025
residentes,"2,59 €",41.0,23.0,11.0,149.0,no,0.8625667852841965,10025.0,mediodía,viernes,distrito 6,4.2,1.0,6.0,22/03/2025
  larga estancia ,"3,28 €",41.0,20.0,12.0,144.0,sí,0.7086469318436354,16026.0,tarde,lunes,distrito 10,-99.0,0.0,0.0,22/06/2025
  rotación media ,"1,17 €",50.0,27.0,33.0,93.0,sí,1.6027747324141928,9086.0,mañana,sábado,distrito 9,4.7,3.0,1.0,06/07/2025
larga estancia,"1,12 €",24.0,68.0,0.0,27.0,no,1.1786091009591502,9699.0,mañana,martes,distrito 8,-99.0,0.0,2.0,16/09/2025
alta rotación,"2,89 €",32.0,32.0,12.0,101.0,no,0.9094262059370408,14755.0,mediodía,lunes,distrito 1,1.6,3.0,4.0,22/09/2025
alta rotación,"3,52 €",11.0,30.0,17.0,29.0,sí,0.9216015754202015,14211.0,tarde,sábado,distrito 3,4.3,1.0,6.0,22/09/2025
larga estancia,"1,85 €",49.0,14.0,3.0,39.0,sí,0.7117871233409341,6019.0,mediodía,viernes,distrito 9,4.3,6.0,3.0,03/02/2025
larga estancia,"1,87 €",30.0,3.0,9.0,59.0,no,0.8121534342617577,9720.0,mañana,martes,distrito 8,2.8,3.0,3.0,02/04/2025
alta rotación,"2,99 €",56.0,14.0,5.0,108.0,sí,0.5275033263147,6723.0,tarde,viernes,distrito 11,3.9,3.0,3.0,15/06/2025
rotacion media,"2,66 €",22.0,45.0,7.0,27.0,no,1.1450700797777684,5548.0,mañana,sábado,distrito 3,1.2,1.0,2.0,03/07/2025
larga estancia,"0,50 €",14.0,3.0,3.0,302.0,sí,1.3707024077108203,14861.0,mañana,martes,distrito 1,0.8,0.0,1.0,19/06/2025
  alta rotación ,"2,33 €",49.0,41.0,6.0,117.0,no,1.2076091592669649,6958.0,mediodía,jueves,distrito 7,2.6,2.0,4.0,12/10/2025
alta rotación,"2,02 €",53.0,12.0,12.0,107.0,sí,0.9744916131110299,15511.0,tarde,martes,distrito 11,4.6,3.0,4.0,21/10/2025
larga estancia,"2,10 €",51.0,63.0,6.0,162.0,sí,1.075536031234873,4892.0,tarde,viernes,distrito 1,3.7,4.0,4.0,15/01/2025
rotación media,"3,08 €",25.0,8.0,10.0,13.0,no,0.6754163286814721,9201.0,mañana,miércoles,distrito 5,4.0,3.0,8.0,23/02/2025
rotación media,"3,22 €",57.0,21.0,7.0,57.0,sí,0.9708737790176563,10573.0,mañana,miércoles,distrito 7,3.3,6.0,4.0,28/03/2025
rotación media,"1,73 €",13.0,27.0,4.0,26.0,sí,1.131333610685795,10582.0,mañana,viernes,distrito 11,2.9,2.0,0.0,15/01/2025
  alta rotación ,"1,61 €",46.0,36.0,11.0,68.0,sí,1.1696166828080545,6458.0,mañana,sábado,distrito 11,5.6,0.0,1.0,08/02/2025
residentes,"1,50 €",44.0,59.0,30.0,138.0,no,2.014139078820448,2750.0,mediodía,viernes,distrito 3,6.3,5.0,0.0,26/07/2025
rotación media,"1,51 €",14.0,55.0,12.0,140.0,sí,1.617967481528693,1535.0,tarde,miércoles,distrito 10,2.7,6.0,2.0,01/09/2025
rotación media,"2,59 €",15.0,21.0,9.0,112.0,sí,0.8237395078099257,4244.0,mañana,lunes,distrito 7,1.8,2.0,3.0,29/07/2025
residentes,"1,54 €",13.0,14.0,4.0,100.0,sí,0.874705351386979,3823.0,mañana,lunes,distrito 7,0.8,4.0,5.0,26/05/2025
  larga estancia ,"2,57 €",9.0,49.0,8.0,12.0,sí,1.1610429384835792,7630.0,mañana,sábado,distrito 5,3.3,4.0,4.0,28/06/2025
larga estancia,"1,22 €",30.0,1.0,0.0,30.0,sí,0.41608593038767117,11158.0,mediodía,jueves,distrito 8,3.8,1.0,7.0,02/04/2025
larga estancia,"2,42 €",33.0,23.0,6.0,75.0,sí,0.730537651824634,10870.0,mediodía,sábado,distrito 7,3.3,2.0,5.0,21/01/2025
residentes,"0,96 €",44.0,17.0,12.0,169.0,sí,1.2368421720153884,3807.0,tarde,viernes,distrito 11,3.4,0.0,5.0,28/01/2025
alta rotación,"0,86 €",30.0,15.0,1.0,46.0,sí,1.2741355996067156,6830.0,mañana,lunes,distrito 2,2.2,4.0,5.0,23/09/2025
alta rotación,"1,11 €",48.0,22.0,11.0,29.0,sí,1.406693876781308,5259.0,mañana,lunes,distrito 5,4.5,6.0,3.0,08/03/2025
  rotación media ,"2,70 €",26.0,34.0,6.0,71.0,no,0.9752048008658596,9592.0,mañana,sábado,distrito 5,2.9,6.0,2.0,07/01/2025
rotacion media,"3,11 €",44.0,22.0,3.0,22.0,sí,0.7749854280156795,16562.0,mediodía,sábado,distrito 3,5.0,3.0,8.0,13/09/2025
residentes,"2,00 €",35.0,3.0,34.0,121.0,sí,1.0743534001157349,8395.0,mañana,miércoles,distrito 10,5.2,5.0,4.0,11/07/2025
residentes,"3,56 €",30.0,9.0,1.0,69.0,sí,0.014008893955541946,13075.0,mediodía,martes,distrito 3,0.8,3.0,4.0,15/09/2025
RESIDENTES,"1,78 €",25.0,16.0,4.0,103.0,no,1.10323637691578,6645.0,mediodía,sábado,distrito 5,3.8,3.0,8.0,17/01/2025
larga estancia,"2,27 €",9.0,46.0,16.0,65.0,no,1.3760618191366443,5979.0,tarde,sábado,distrito 7,3.9,4.0,1.0,23/04/2025
larga estancia,"3,17 €",12.0,18.0,19.0,41.0,no,0.9232411120708611,4569.0,tarde,viernes,distrito 3,1.7,6.0,6.0,02/02/2025
residentes,"2,41 €",59.0,34.0,5.0,273.0,no,1.0975557370765014,12068.0,tarde,viernes,distrito 5,3.9,1.0,1.0,02/03/2025
alta rotación,"2,63 €",56.0,11.0,12.0,30.0,sí,0.9639662428969494,13001.0,tarde,jueves,distrito 4,1.6,2.0,3.0,17/07/2025
rotación media,"2,49 €",9.0,14.0,17.0,67.0,sí,0.948220582301592,3804.0,mediodía,sábado,distrito 1,0.8,1.0,0.0,18/07/2025
rotación media,"2,49 €",35.0,55.0,19.0,64.0,sí,0.8704051672610038,5540.0,mediodía,viernes,distrito 8,2.8,3.0,2.0,02/09/2025
larga estancia,"2,77 €",17.0,0.0,3.0,31.0,no,0.22363797233960173,10466.0,mañana,viernes,distrito 9,3.6,5.0,6.0,09/08/2025
rotación media,"2,05 €",36.0,6.0,7.0,7.0,sí,0.6666513116085783,11558.0,mañana,miércoles,distrito 4,1.2,1.0,6.0,22/05/2025
ALTA ROTACIÓN,"2,37 €",15.0,9.0,27.0,21.0,sí,1.1340014220968204,5479.0,tarde,jueves,distrito 3,1.5,5.0,2.0,01/08/2025
ROTACIÓN MEDIA,"1,30 €",9.0,61.0,14.0,16.0,sí,1.3835327384561074,15998.0,mañana,sábado,distrito 9,1.2,3.0,1.0,19/02/2025
  larga estancia ,"1,50 €",59.0,11.0,11.0,36.0,no,1.1546668063628054,7403.0,mañana,martes,distrito 8,3.0,3.0,6.0,16/07/2025
LARGA ESTANCIA,"2,13 €",44.0,23.0,6.0,137.0,no,1.0067351574832772,8548.0,mediodía,miércoles,distrito 5,5.1,6.0,6.0,02/06/2025
rotación media,"1,96 €",27.0,30.0,10.0,27.0,sí,1.4581371096080427,17249.0,mañana,jueves,distrito 8,1.8,5.0,7.0,08/06/2025
larga estancia,"2,03 €",48.0,29.0,11.0,115.0,sí,1.1008509295388296,2293.0,mañana,jueves,distrito 2,3.2,3.0,3.0,12/09/2025
larga estancia,"1,54 €",44.0,11.0,9.0,242.0,sí,0.8768198569930686,5236.0,mañana,viernes,distrito 1,3.6,5.0,0.0,11/08/2025
larga estancia,"2,08 €",48.0,21.0,4.0,41.0,no,1.317865793956919,18297.0,mañana,martes,distrito 4,4.2,4.0,1.0,05/07/2025
alta rotación,"3,03 €",28.0,51.0,10.0,85.0,sí,1.1798728396808795,5704.0,mediodía,martes,distrito 6,3.7,6.0,6.0,12/01/2025
rotacion media,"1,31 €",30.0,12.0,0.0,25.0,sí,1.085080756384678,7457.0,mañana,miércoles,distrito 4,2.4,0.0,3.0,02/02/2025
residentes,"0,94 €",50.0,16.0,1.0,132.0,sí,1.1595132282493754,15135.0,mañana,viernes,distrito 6,1.6,6.0,1.0,28/08/2025
  residentes ,"2,23 €",7.0,6.0,14.0,20.0,no,1.1330887995470678,10446.0,tarde,sábado,distrito 9,5.3,5.0,8.0,09/04/2025
LARGA ESTANCIA,"2,22 €",18.0,7.0,8.0,3.0,no,0.7331828561630157,5032.0,mañana,miércoles,distrito 9,4.6,3.0,8.0,31/07/2025
alta rotación,"2,17 €",38.0,30.0,2.0,97.0,sí,0.8383231329508165,2881.0,mañana,miércoles,distrito 1,1.7,5.0,8.0,20/08/2025
rotación media,"2,70 €",37.0,40.0,22.0,88.0,sí,0.7865219912374093,8279.0,tarde,jueves,distrito 7,3.2,6.0,2.0,07/10/2025
residentes,"2,85 €",51.0,56.0,1.0,30.0,sí,0.8134342748899692,19227.0,tarde,viernes,distrito 9,4.6,6.0,4.0,11/02/2025
rotación media,"1,71 €",16.0,27.0,16.0,35.0,sí,1.3410955316186364,10865.0,tarde,martes,distrito 8,5.4,0.0,8.0,10/02/2025
rotación media,"1,50 €",21.0,19.0,3.0,104.0,sí,1.100870784988474,3710.0,mañana,miércoles,distrito 4,0.8,0.0,2.0,06/04/2025
alta rotación,"3,56 €",45.0,32.0,2.0,134.0,no,0.6727936895617911,7131.0,mediodía,viernes,distrito 6,3.5,1.0,7.0,03/10/2025
rotación media,"2,69 €",23.0,9.0,20.0,47.0,no,0.984694223842736,5308.0,mañana,jueves,distrito 8,2.9,1.0,3.0,02/06/2025
residentes,"2,78 €",48.0,36.0,0.0,75.0,sí,0.7309572025839917,14760.0,mediodía,jueves,distrito 7,-99.0,2.0,6.0,07/09/2025
larga estancia,"1,91 €",12.0,9.0,2.0,16.0,sí,0.5041638385257448,5441.0,mediodía,viernes,distrito 10,2.8,4.0,3.0,24/05/2025
ALTA ROTACIÓN,"1,70 €",24.0,15.0,0.0,103.0,no,0.849431657781653,8821.0,mediodía,sábado,distrito 9,1.8,5.0,7.0,04/03/2025
residentes,"1,65 €",10.0,26.0,3.0,30.0,sí,0.8858866881357574,5670.0,mediodía,martes,distrito 6,3.8,0.0,8.0,27/07/2025
residentes,"1,66 €",19.0,8.0,8.0,60.0,sí,0.7231420005122573,30653.0,mediodía,martes,distrito 10,3.3,4.0,2.0,28/06/2025
  alta rotación ,"2,10 €",13.0,17.0,5.0,70.0,no,1.164169244467565,3266.0,mañana,miércoles,distrito 4,3.6,0.0,7.0,27/01/2025
ROTACIÓN MEDIA,"1,99 €",6.0,43.0,10.0,23.0,no,1.312763828600531,14490.0,tarde,lunes,distrito 10,2.3,3.0,6.0,24/02/2025
alta rotación,"2,58 €",33.0,31.0,17.0,55.0,sí,1.090695407500117,4749.0,tarde,miércoles,distrito 10,2.2,6.0,2.0,30/04/2025
rotación media,"2,24 €",59.0,13.0,19.0,338.0,no,0.9817006389360032,9472.0,mediodía,lunes,distrito 7,-99.0,5.0,5.0,20/03/2025
rotación media,"0,94 €",46.0,10.0,4.0,10.0,sí,1.3820795200875386,8547.0,mañana,sábado,distrito 4,3.2,2.0,6.0,01/05/2025
residentes,"1,75 €",48.0,26.0,7.0,72.0,sí,0.901623483349123,1863.0,mediodía,miércoles,distrito 3,4.0,5.0,6.0,27/08/2025
alta rotación,"2,19 €",6.0,56.0,0.0,70.0,sí,1.3341492926209262,11511.0,mañana,viernes,distrito 7,2.8,1.0,2.0,09/08/2025
residentes,"1,23 €",28.0,20.0,17.0,170.0,no,2.0323672920256306,6916.0,tarde,sábado,distrito 1,1.6,1.0,3.0,20/03/2025
alta rotación,"2,87 €",29.0,6.0,17.0,59.0,no,1.316988280530442,5351.0,mediodía,miércoles,distrito 8,0.8,1.0,1.0,05/09/2025
rotación media,"2,47 €",57.0,17.0,14.0,87.0,sí,0.8346309777796813,11408.0,tarde,miércoles,distrito 5,0.8,4.0,4.0,20/03/2025
larga estancia,"1,41 €",50.0,4.0,19.0,194.0,sí,0.9018375301104801,20283.0,tarde,martes,distrito 7,2.0,5.0,7.0,15/03/2025
residentes,"1,37 €",52.0,20.0,11.0,151.0,sí,1.5480963384924473,10300.0,tarde,miércoles,distrito 1,4.2,6.0,1.0,26/04/2025
rotación media,"2,10 €",43.0,7.0,7.0,59.0,sí,0.40287014938307397,8170.0,mediodía,miércoles,distrito 7,4.7,1.0,5.0,16/07/2025
residentes,"1,58 €",52.0,28.0,2.0,50.0,sí,1.5481658057438843,6090.0,mañana,miércoles,distrito 7,2.3,4.0,6.0,01/08/2025
alta rotación,"2,00 €",21.0,13.0,24.0,148.0,sí,0.7631240247431825,8128.0,mañana,martes,distrito 4,2.6,0.0,4.0,28/02/2025
rotación media,"2,23 €",7.0,4.0,16.0,25.0,sí,0.7813193119286586,3252.0,mediodía,viernes,distrito 5,2.9,5.0,7.0,06/09/2025
larga estancia,"4,38 €",29.0,2.0,4.0,53.0,sí,-0.3515598024069245,22161.0,mediodía,viernes,distrito 1,3.8,4.0,3.0,12/05/2025
larga estancia,"2,19 €",31.0,11.0,3.0,33.0,sí,1.0414016147543066,10276.0,mediodía,lunes,distrito 11,2.4,6.0,8.0,02/09/2025
residentes,"0,84 €",18.0,22.0,3.0,70.0,sí,1.3255700470414453,17843.0,mañana,viernes,distrito 10,3.2,4.0,1.0,02/07/2025
ROTACIÓN MEDIA,"3,72 €",18.0,4.0,4.0,80.0,no,0.40078437878493955,4801.0,tarde,martes,distrito 3,1.7,3.0,1.0,01/05/2025
  rotación media ,"4,16 €",18.0,28.0,6.0,76.0,sí,0.4716645779032888,20918.0,mediodía,lunes,distrito 9,3.4,4.0,0.0,11/07/2025
larga estancia,"1,57 €",24.0,39.0,8.0,146.0,no,1.2314234877746357,14535.0,mediodía,viernes,distrito 6,4.5,4.0,4.0,16/06/2025
residentes,"0,50 €",48.0,1.0,10.0,19.0,sí,1.200599716095413,20831.0,tarde,lunes,distrito 2,2.6,0.0,0.0,05/07/2025
alta rotación,"3,45 €",17.0,15.0,29.0,97.0,sí,0.7283936595445556,13972.0,tarde,sábado,distrito 8,2.6,4.0,4.0,16/06/2025
rotación media,"2,95 €",22.0,25.0,9.0,27.0,no,1.1319386575164712,4774.0,mediodía,viernes,distrito 6,2.6,0.0,8.0,06/08/2025
rotación media,"3,55 €",9.0,7.0,9.0,80.0,sí,0.5130436233155151,5817.0,mañana,sábado,distrito 4,4.4,0.0,4.0,23/02/2025
larga estancia,"2,22 €",42.0,21.0,37.0,21.0,sí,1.2993087380076542,23152.0,mediodía,martes,distrito 10,4.2,1.0,0.0,12/03/2025
rotación media,"2,70 €",35.0,10.0,22.0,23.0,no,1.1991396123016846,8440.0,tarde,lunes,distrito 3,4.2,1.0,6.0,03/06/2025
residentes,"2,83 €",9.0,32.0,8.0,154.0,no,0.7385472410732088,11024.0,mañana,miércoles,distrito 3,4.8,1.0,6.0,01/11/2025
larga estancia,"2,88 €",18.0,46.0,12.0,41.0,no,0.7682317669551629,10069.0,tarde,lunes,distrito 1,1.4,3.0,6.0,21/03/2025
residentes,"2,01 €",11.0,27.0,0.0,38.0,sí,0.9392884755807661,12741.0,mediodía,viernes,distrito 2,2.6,2.0,4.0,29/10/2025
rotación media,"1,66 €",7.0,29.0,25.0,16.0,sí,1.4112320425407003,15762.0,tarde,martes,distrito 4,6.4,2.0,4.0,13/08/2025
larga estancia,"1,88 €",59.0,32.0,6.0,10.0,sí,1.1657678617985734,22882.0,tarde,miércoles,distrito 7,5.6,1.0,3.0,18/03/2025
residentes,"1,94 €",46.0,26.0,12.0,48.0,sí,0.8834877134563561,7160.0,mañana,sábado,distrito 11,2.2,3.0,5.0,15/07/2025
residentes,"3,00 €",36.0,37.0,22.0,45.0,sí,0.9901586650780972,7500.0,mañana,sábado,distrito 9,-99.0,3.0,2.0,22/02/2025
residentes,"1,84 €",44.0,5.0,1.0,21.0,sí,0.4374764651079295,5608.0,mediodía,martes,distrito 10,3.6,0.0,8.0,31/03/2025
alta rotación,"2,27 €",55.0,23.0,4.0,35.0,sí,0.9992039893487689,22051.0,tarde,jueves,distrito 11,5.2,3.0,2.0,17/06/2025
  alta rotación ,"1,50 €",45.0,15.0,10.0,22.0,sí,1.4257494565183457,6423.0,tarde,viernes,distrito 8,1.4,0.0,0.0,08/01/2025
rotacion media,"1,03 €",50.0,0.0,16.0,139.0,sí,1.1210999034173776,9191.0,mañana,martes,distrito 9,5.1,5.0,6.0,29/04/2025
rotación media,"1,58 €",8.0,18.0,32.0,20.0,no,1.4259594888046745,19169.0,tarde,miércoles,distrito 6,2.1,6.0,2.0,08/04/2025
rotación media,"3,09 €",12.0,11.0,2.0,217.0,no,0.5841604662495755,6691.0,tarde,lunes,distrito 7,4.0,4.0,6.0,31/08/2025
residentes,"1,95 €",22.0,45.0,8.0,71.0,sí,1.5900516869251073,3366.0,tarde,viernes,distrito 7,3.1,5.0,4.0,02/04/2025
alta rotación,"2,81 €",7.0,31.0,9.0,32.0,sí,0.7154656482641156,4936.0,mañana,martes,distrito 7,0.8,3.0,7.0,13/06/2025
residentes,"1,21 €",53.0,30.0,5.0,40.0,sí,1.5109270968875923,3418.0,mediodía,sábado,distrito 8,1.8,1.0,6.0,05/07/2025
residentes,"2,70 €",16.0,18.0,24.0,122.0,no,1.5260277218310452,5016.0,mediodía,viernes,distrito 6,2.2,5.0,4.0,03/10/2025
larga estancia,"2,50 €",43.0,2.0,3.0,86.0,sí,0.09572355238593355,12974.0,mañana,sábado,distrito 8,4.5,3.0,0.0,30/03/2025
larga estancia,"3,95 €",43.0,0.0,1.0,52.0,no,0.03045310563007657,13426.0,mañana,martes,distrito 5,2.7,4.0,6.0,18/06/2025
  larga estancia ,"2,72 €",9.0,9.0,12.0,73.0,sí,0.49427950924246405,15065.0,tarde,miércoles,distrito 4,4.7,1.0,0.0,22/08/2025
rotación media,"2,93 €",60.0,7.0,0.0,42.0,no,0.5101055039404185,10439.0,mañana,jueves,distrito 10,5.2,4.0,5.0,20/01/2025
alta rotación,"0,98 €",37.0,26.0,8.0,22.0,sí,1.6134066585563809,4721.0,mañana,jueves,distrito 11,2.5,5.0,6.0,11/04/2025
rotación media,"2,14 €",38.0,24.0,26.0,95.0,sí,1.4507158189324523,4729.0,tarde,martes,distrito 10,4.7,2.0,7.0,13/06/2025
  residentes ,"2,70 €",52.0,19.0,0.0,14.0,sí,0.6616018642309538,13059.0,mañana,lunes,distrito 3,3.1,1.0,8.0,21/07/2025
larga estancia,"2,20 €",33.0,34.0,4.0,50.0,no,1.333852393476437,2587.0,mediodía,lunes,distrito 3,6.0,6.0,2.0,25/01/2025
rotación media,"2,06 €",27.0,4.0,36.0,2.0,sí,1.517601940740556,9858.0,mañana,lunes,distrito 7,4.0,1.0,7.0,27/01/2025
ROTACIÓN MEDIA,"1,35 €",26.0,18.0,1.0,46.0,sí,1.268168434310039,21915.0,tarde,jueves,distrito 10,3.0,5.0,4.0,03/06/2025
rotación media,"2,68 €",10.0,11.0,3.0,13.0,sí,0.5319879409073007,14396.0,mediodía,lunes,distrito 5,4.8,0.0,8.0,03/10/2025
rotación media,"2,30 €",42.0,8.0,13.0,19.0,sí,0.9266721441768789,7982.0,tarde,martes,distrito 5,4.2,6.0,7.0,08/02/2025
alta rotación,"2,19 €",38.0,30.0,3.0,137.0,no,1.201073322490292,7540.0,tarde,viernes,distrito 5,2.5,5.0,1.0,22/01/2025
  alta rotación ,"1,66 €",12.0,8.0,4.0,172.0,sí,1.0127509934355035,15532.0,mediodía,lunes,distrito 2,3.2,5.0,3.0,04/05/2025
residentes,"1,30 €",8.0,25.0,3.0,13.0,sí,0.9766706395358198,6745.0,tarde,martes,distrito 2,3.7,3.0,4.0,07/01/2025
rotación media,"2,38 €",53.0,16.0,21.0,3.0,no,1.540209980583966,6393.0,tarde,martes,distrito 9,6.0,5.0,2.0,18/10/2025
larga estancia,"1,99 €",12.0,47.0,46.0,63.0,sí,1.491751355270232,15341.0,mediodía,lunes,distrito 7,4.4,3.0,4.0,11/04/2025
  rotación media ,"1,56 €",31.0,9.0,3.0,57.0,sí,0.825265762873878,1594.0,tarde,jueves,distrito 3,3.1,6.0,4.0,25/06/2025
rotación media,"2,44 €",17.0,14.0,6.0,12.0,no,1.2791974765317522,2430.0,tarde,viernes,distrito 4,1.7,5.0,6.0,10/09/2025
larga estancia,"2,45 €",55.0,13.0,16.0,49.0,sí,0.9111377719378202,6444.0,mañana,martes,distrito 11,3.7,1.0,8.0,26/08/2025
ROTACIÓN MEDIA,"2,11 €",10.0,29.0,6.0,15.0,sí,0.8228102673961404,8134.0,tarde,sábado,distrito 6,0.8,0.0,5.0,21/05/2025
ROTACIÓN MEDIA,"2,44 €",44.0,5.0,2.0,130.0,sí,0.5812668084593314,18515.0,tarde,sábado,distrito 10,3.3,1.0,2.0,28/10/2025
larga estancia,"2,08 €",30.0,15.0,14.0,132.0,no,1.132177338739148,20226.0,tarde,martes,distrito 2,2.1,1.0,7.0,15/01/2025
alta rotación,"2,90 €",25.0,6.0,11.0,231.0,no,0.767604526448857,13072.0,mañana,viernes,distrito 6,2.2,6.0,4.0,13/02/2025
rotación media,"1,48 €",32.0,12.0,7.0,8.0,sí,1.4313884759110571,5053.0,mediodía,sábado,distrito 5,1.9,1.0,3.0,28/09/2025
alta rotación,"2,34 €",12.0,15.0,6.0,24.0,sí,0.9742423167077663,10386.0,mañana,viernes,distrito 5,3.6,0.0,1.0,08/03/2025
ROTACIÓN MEDIA,"0,50 €",39.0,23.0,1.0,30.0,sí,1.3013279185306081,17127.0,tarde,martes,distrito 7,5.5,6.0,2.0,04/06/2025
residentes,"2,69 €",55.0,30.0,5.0,119.0,sí,0.8111539314902715,20763.0,mañana,jueves,distrito 4,2.3,4.0,4.0,04/02/2025
alta rotación,"2,03 €",58.0,3.0,3.0,21.0,no,1.3579414566153216,8471.0,tarde,viernes,distrito 5,2.9,2.0,0.0,24/02/2025
larga estancia,"2,26 €",42.0,26.0,7.0,32.0,sí,1.0103608700978846,10783.0,mañana,viernes,distrito 1,2.3,4.0,5.0,20/03/2025
rotación media,"1,23 €",7.0,10.0,0.0,28.0,sí,0.8347239085313826,11215.0,mañana,sábado,distrito 2,3.6,6.0,2.0,11/08/2025
  rotación media ,"2,50 €",55.0,33.0,5.0,299.0,no,1.1120214454781134,10411.0,mediodía,sábado,distrito 10,3.8,2.0,7.0,13/06/2025
rotación media,"2,34 €",42.0,18.0,5.0,41.0,sí,0.8270592111094857,18468.0,mediodía,miércoles,distrito 2,4.5,0.0,2.0,15/06/2025
  rotación media ,"1,94 €",25.0,3.0,11.0,19.0,no,1.1058620561127945,3206.0,tarde,lunes,distrito 11,5.0,2.0,2.0,30/09/2025
larga estancia,"0,73 €",25.0,10.0,7.0,60.0,no,1.6296447366237263,16987.0,tarde,viernes,distrito 2,2.4,2.0,4.0,06/02/2025
rotación media,"2,19 €",10.0,5.0,7.0,21.0,no,0.9829073990872098,8239.0,mediodía,sábado,distrito 3,2.7,5.0,3.0,20/07/2025
ALTA ROTACIÓN,"1,91 €",29.0,14.0,23.0,36.0,no,1.4531889380565197,7057.0,mañana,lunes,distrito 2,-99.0,6.0,3.0,31/05/2025
rotación media,"1,74 €",41.0,34.0,36.0,57.0,sí,1.6904072141848003,7028.0,tarde,martes,distrito 11,0.8,5.0,5.0,03/06/2025
LARGA ESTANCIA,"1,39 €",55.0,19.0,16.0,11.0,sí,1.1747842192869777,17693.0,mediodía,sábado,distrito 1,3.3,2.0,7.0,12/06/2025
alta rotación,"1,67 €",46.0,2.0,0.0,6.0,sí,0.863470450488316,6301.0,tarde,sábado,distrito 7,3.6,2.0,6.0,13/08/2025
RESIDENTES,"1,49 €",26.0,32.0,5.0,16.0,no,1.2318009811112947,5697.0,mañana,martes,distrito 8,6.6,4.0,6.0,17/01/2025
residentes,"2,59 €",53.0,11.0,2.0,84.0,sí,0.853642614492399,11307.0,mediodía,jueves,distrito 2,4.0,2.0,2.0,23/08/2025
ALTA ROTACIÓN,"2,19 €",52.0,34.0,6.0,249.0,sí,0.9829267236081588,18115.0,tarde,viernes,distrito 10,-99.0,2.0,2.0,16/01/2025
  rotación media ,"0,52 €",48.0,27.0,12.0,120.0,no,1.3939869161261436,4858.0,tarde,lunes,distrito 10,4.0,4.0,8.0,05/08/2025
residentes,"2,44 €",41.0,48.0,21.0,9.0,no,1.5802679001724105,11755.0,tarde,jueves,distrito 4,3.2,3.0,6.0,18/08/2025
larga estancia,"2,38 €",42.0,31.0,4.0,28.0,sí,0.8491530580549131,14273.0,mañana,lunes,distrito 6,4.9,3.0,3.0,27/04/2025
larga estancia,"1,38 €",22.0,86.0,19.0,28.0,sí,1.6568145119527065,9258.0,mediodía,jueves,distrito 11,4.1,2.0,3.0,07/02/2025
rotación media,"2,43 €",21.0,84.0,6.0,36.0,no,1.2284055439736858,14593.0,mañana,miércoles,distrito 7,0.8,2.0,6.0,06/10/2025
larga estancia,"1,25 €",22.0,7.0,12.0,16.0,sí,1.3711087867381655,19107.0,mediodía,sábado,distrito 6,2.5,4.0,7.0,19/10/2025
rotación media,"1,91 €",17.0,17.0,2.0,21.0,sí,0.8671866306587788,8193.0,tarde,sábado,distrito 3,2.6,5.0,8.0,30/04/2025
ROTACIÓN MEDIA,"1,07 €",8.0,8.0,1.0,155.0,no,1.10812397852459,3568.0,tarde,miércoles,distrito 9,3.0,2.0,7.0,21/04/2025
alta rotación,"1,22 €",21.0,12.0,9.0,6.0,sí,1.429824822377013,6000.0,tarde,miércoles,distrito 6,3.1,4.0,7.0,09/10/2025
alta rotación,"0,50 €",39.0,25.0,2.0,74.0,sí,1.3394459051205105,14601.0,mañana,sábado,distrito 5,6.5,5.0,0.0,13/07/2025
ALTA ROTACIÓN,"2,97 €",52.0,1.0,2.0,2.0,no,0.2632564378612462,4437.0,mediodía,viernes,distrito 5,4.1,0.0,6.0,04/03/2025
alta rotación,"0,50 €",37.0,25.0,15.0,129.0,sí,2.167735676362175,12389.0,mañana,sábado,distrito 10,5.0,3.0,8.0,12/01/2025
larga estancia,"1,87 €",41.0,14.0,0.0,124.0,sí,0.8547764290870858,10141.0,tarde,lunes,distrito 5,3.1,3.0,1.0,19/03/2025
alta rotación,"2,67 €",40.0,13.0,3.0,146.0,no,0.8947938467854942,6467.0,mediodía,jueves,distrito 11,3.9,4.0,7.0,26/05/2025
alta rotacion,"2,05 €",16.0,8.0,2.0,11.0,sí,0.84785415693482,30914.0,mañana,sábado,distrito 2,-99.0,2.0,4.0,23/07/2025
rotación media,"1,66 €",19.0,4.0,4.0,15.0,sí,0.8154242355528587,27530.0,mañana,jueves,distrito 4,1.5,2.0,8.0,21/02/2025
residentes,"2,96 €",27.0,23.0,6.0,73.0,sí,0.9521405459832657,14873.0,tarde,miércoles,distrito 7,5.8,1.0,1.0,20/04/2025
  residentes ,"0,93 €",18.0,37.0,6.0,33.0,sí,1.8154936439125282,9225.0,tarde,martes,distrito 11,2.4,1.0,6.0,09/06/2025
residentes,"1,32 €",14.0,109.0,10.0,315.0,no,1.5822831121259497,4400.0,mediodía,miércoles,distrito 5,-99.0,4.0,8.0,02/09/2025
rotacion media,"2,55 €",8.0,31.0,3.0,74.0,sí,1.103122187583782,12195.0,mañana,jueves,distrito 10,5.4,0.0,8.0,22/02/2025
larga estancia,"1,99 €",22.0,44.0,6.0,86.0,no,1.339060101420356,6504.0,tarde,lunes,distrito 1,5.1,2.0,3.0,10/10/2025
larga estancia,"1,13 €",19.0,13.0,4.0,46.0,sí,1.43184008736767,12851.0,mediodía,lunes,distrito 8,1.1,3.0,1.0,26/02/2025
larga estancia,"2,82 €",54.0,44.0,1.0,151.0,sí,0.7218247556083892,5930.0,tarde,miércoles,distrito 1,3.9,0.0,3.0,22/05/2025
residentes,"1,02 €",15.0,21.0,14.0,158.0,sí,1.6528235570883258,11984.0,tarde,sábado,distrito 9,4.0,6.0,0.0,21/10/2025
rotacion media,"1,71 €",27.0,33.0,21.0,158.0,sí,1.045170133942907,4008.0,tarde,martes,distrito 6,1.9,3.0,4.0,27/10/2025
residentes,"0,80 €",10.0,8.0,14.0,89.0,sí,1.4165228706152535,17575.0,mediodía,jueves,distrito 10,3.4,4.0,3.0,06/02/2025
  rotación media ,"2,15 €",36.0,49.0,24.0,48.0,sí,1.2590974197078209,10219.0,mañana,martes,distrito 5,-99.0,2.0,2.0,04/03/2025
rotación media,"2,24 €",11.0,17.0,3.0,50.0,sí,0.7934834036385502,10224.0,mediodía,lunes,distrito 7,3.5,2.0,7.0,13/02/2025
rotación media,"2,72 €",35.0,51.0,12.0,255.0,sí,1.0102270681885712,5448.0,mañana,lunes,distrito 9,4.4,1.0,2.0,14/08/2025
  alta rotación ,"1,79 €",45.0,15.0,20.0,41.0,sí,1.2748542561458693,2118.0,tarde,jueves,distrito 8,4.2,3.0,4.0,18/09/2025
rotacion media,"3,31 €",29.0,2.0,13.0,43.0,no,0.582841989582724,8982.0,tarde,miércoles,distrito 3,4.6,3.0,4.0,22/02/2025
  alta rotación ,"1,65 €",59.0,27.0,18.0,154.0,sí,1.4972413159850302,6282.0,mediodía,jueves,distrito 8,2.3,3.0,2.0,11/08/2025
alta rotación,"1,06 €",42.0,27.0,4.0,44.0,no,1.6134396970391212,8524.0,mañana,lunes,distrito 10,-99.0,4.0,7.0,07/04/2025
larga estancia,"2,31 €",7.0,6.0,34.0,46.0,sí,1.086995627069785,16271.0,mañana,martes,distrito 6,-99.0,0.0,3.0,18/06/2025
alta rotación,"2,06 €",45.0,6.0,2.0,135.0,no,0.4407369381086732,6911.0,mediodía,martes,distrito 9,3.6,1.0,6.0,18/09/2025
rotación media,"1,21 €",29.0,25.0,10.0,30.0,sí,1.1895261592591382,8823.0,tarde,martes,distrito 3,2.6,2.0,5.0,04/03/2025
  rotación media ,"2,00 €",46.0,24.0,4.0,4.0,sí,1.2240298361995872,9481.0,mediodía,martes,distrito 9,0.8,3.0,0.0,21/03/2025
ROTACIÓN MEDIA,"1,76 €",32.0,23.0,1.0,74.0,no,1.1226674669110484,6767.0,mañana,martes,distrito 8,4.5,1.0,8.0,09/04/2025
alta rotación,"1,67 €",22.0,18.0,8.0,22.0,sí,1.3458617710601373,10510.0,mediodía,martes,distrito 5,4.6,2.0,7.0,23/01/2025
larga estancia,"1,85 €",46.0,20.0,7.0,147.0,sí,0.8585664656922303,2253.0,mediodía,miércoles,distrito 4,2.5,0.0,4.0,16/01/2025
LARGA ESTANCIA,"1,95 €",58.0,41.0,3.0,10.0,sí,0.7420950561590529,30614.0,tarde,lunes,distrito 11,4.7,0.0,5.0,23/06/2025
rotación media,"2,18 €",49.0,48.0,15.0,16.0,sí,1.352321888069332,4431.0,tarde,martes,distrito 8,2.9,2.0,2.0,19/03/2025
alta rotación,"2,01 €",34.0,40.0,3.0,26.0,sí,1.1436166341356615,6285.0,tarde,viernes,distrito 9,5.1,6.0,5.0,21/09/2025
rotación media,"2,25 €",45.0,47.0,4.0,16.0,sí,1.303266931228715,14158.0,tarde,lunes,distrito 11,2.8,2.0,1.0,19/07/2025
rotación media,"2,99 €",13.0,24.0,13.0,14.0,no,1.4179672287960257,4929.0,mediodía,miércoles,distrito 6,0.8,3.0,0.0,24/08/2025
alta rotación,"2,11 €",42.0,1.0,24.0,11.0,no,0.8266313748001721,8685.0,tarde,martes,distrito 8,4.3,2.0,2.0,09/07/2025
rotación media,"2,34 €",59.0,5.0,11.0,142.0,sí,1.2601322267194641,8585.0,tarde,lunes,distrito 11,2.5,5.0,7.0,28/01/2025
rotacion media,"2,24 €",12.0,8.0,18.0,6.0,no,1.4608800283148484,10303.0,tarde,miércoles,distrito 9,5.0,4.0,7.0,27/03/2025
alta rotacion,"2,75 €",38.0,18.0,7.0,61.0,sí,0.8460201027171566,12633.0,mediodía,jueves,distrito 6,2.2,0.0,2.0,28/01/2025
residentes,"3,50 €",46.0,51.0,10.0,22.0,sí,0.9439081027175843,8739.0,mañana,jueves,distrito 2,5.5,1.0,2.0,24/05/2025
residentes,"1,60 €",47.0,8.0,7.0,71.0,sí,0.8609868575662032,25365.0,mañana,lunes,distrito 5,3.9,2.0,7.0,28/02/2025
residentes,"1,82 €",36.0,41.0,20.0,86.0,sí,1.1129300226076422,16856.0,mañana,martes,distrito 11,4.0,5.0,0.0,10/03/2025
LARGA ESTANCIA,"1,61 €",54.0,13.0,11.0,50.0,sí,0.747453058173677,5701.0,mañana,miércoles,distrito 4,1.2,1.0,8.0,19/09/2025
alta rotacion,"2,37 €",52.0,9.0,2.0,24.0,sí,0.6795548648978776,2661.0,tarde,jueves,distrito 11,3.8,0.0,6.0,10/10/2025
rotación media,"1,62 €",15.0,12.0,2.0,117.0,no,0.7683263539234608,8141.0,tarde,viernes,distrito 9,6.4,6.0,0.0,25/06/2025
larga estancia,"1,78 €",6.0,23.0,20.0,82.0,sí,1.2389110361469307,9609.0,mañana,martes,distrito 8,5.3,1.0,8.0,10/08/2025
alta rotacion,"0,73 €",9.0,20.0,22.0,1.0,no,2.186725602133367,14807.0,tarde,lunes,distrito 2,4.1,4.0,8.0,18/01/2025
rotación media,"3,17 €",42.0,7.0,2.0,87.0,sí,0.6627610847597747,4918.0,mañana,lunes,distrito 5,2.3,3.0,0.0,06/08/2025
alta rotación,"1,35 €",48.0,33.0,18.0,146.0,sí,1.4771303021851552,17569.0,tarde,lunes,distrito 7,5.0,5.0,8.0,16/05/2025
residentes,"1,53 €",48.0,18.0,1.0,74.0,no,0.9811317018557411,6641.0,mediodía,viernes,distrito 8,3.0,0.0,5.0,08/09/2025
rotación media,"0,77 €",39.0,19.0,1.0,80.0,sí,1.2013796697702408,19058.0,mediodía,lunes,distrito 11,1.6,3.0,6.0,23/09/2025
ROTACIÓN MEDIA,"0,70 €",13.0,27.0,6.0,30.0,sí,1.540645854023191,10724.0,tarde,lunes,distrito 4,2.2,3.0,6.0,06/08/2025
rotación media,"2,21 €",39.0,14.0,9.0,27.0,sí,1.245872813837484,15675.0,mañana,jueves,distrito 11,-99.0,4.0,0.0,10/08/2025
alta rotación,"3,48 €",19.0,37.0,11.0,53.0,sí,0.9853324761035436,13190.0,mañana,lunes,distrito 11,0.8,3.0,7.0,12/02/2025
alta rotación,"0,91 €",11.0,12.0,17.0,54.0,sí,1.4464590144683653,24455.0,mediodía,viernes,distrito 4,4.8,2.0,6.0,21/01/2025
larga estancia,"2,54 €",53.0,5.0,12.0,54.0,sí,0.6938296870654953,8985.0,mediodía,viernes,distrito 9,3.5,0.0,0.0,08/03/2025
  alta rotación ,"2,66 €",55.0,34.0,2.0,9.0,sí,0.7579145779914944,7720.0,mediodía,martes,distrito 9,1.8,0.0,2.0,05/10/2025
ROTACIÓN MEDIA,"2,22 €",31.0,13.0,44.0,5.0,no,1.7054122702473764,3104.0,mañana,viernes,distrito 8,2.1,4.0,3.0,07/07/2025
larga estancia,"1,89 €",19.0,25.0,1.0,54.0,sí,0.82290447157169,17999.0,mediodía,lunes,distrito 7,1.6,1.0,8.0,24/01/2025
residentes,"2,42 €",38.0,12.0,9.0,27.0,sí,0.979120882865608,14467.0,tarde,sábado,distrito 4,4.2,4.0,5.0,28/05/2025
rotación media,"2,19 €",41.0,56.0,4.0,4.0,sí,1.204185508469054,17640.0,mediodía,lunes,distrito 7,2.2,5.0,2.0,22/07/2025
  residentes ,"2,61 €",6.0,27.0,4.0,42.0,sí,1.3727625851418184,42777.0,mediodía,lunes,distrito 6,4.2,1.0,8.0,09/09/2025
larga estancia,"1,02 €",6.0,50.0,1.0,11.0,sí,1.244311937831932,11388.0,mañana,martes,distrito 8,4.5,0.0,0.0,10/04/2025
residentes,"2,20 €",46.0,17.0,18.0,166.0,sí,1.076168557384251,5619.0,mediodía,sábado,distrito 7,0.8,2.0,5.0,02/05/2025
rotación media,"1,29 €",53.0,20.0,9.0,83.0,sí,1.1137408690322486,11368.0,tarde,sábado,distrito 7,2.6,3.0,2.0,11/08/2025
RESIDENTES,"2,40 €",27.0,27.0,4.0,120.0,no,1.497628060768055,35891.0,mañana,viernes,distrito 6,2.0,1.0,2.0,08/08/2025
residentes,"1,68 €",37.0,18.0,11.0,38.0,no,1.4437810198353471,8972.0,mediodía,miércoles,distrito 7,2.4,1.0,5.0,03/08/2025
residentes,"2,28 €",48.0,4.0,4.0,94.0,sí,0.5471476392045544,4372.0,mañana,jueves,distrito 8,2.6,2.0,3.0,01/08/2025
residentes,"1,47 €",22.0,17.0,16.0,61.0,no,1.4831483857926746,15666.0,tarde,viernes,distrito 8,4.0,0.0,8.0,06/06/2025
ALTA ROTACIÓN,"2,25 €",14.0,26.0,25.0,167.0,no,1.3603805639264355,29931.0,mañana,lunes,distrito 2,4.9,3.0,0.0,03/05/2025
rotación media,"2,17 €",54.0,6.0,4.0,80.0,sí,0.7309873141713807,8908.0,mediodía,viernes,distrito 3,4.1,2.0,0.0,09/09/2025
larga estancia,"2,03 €",47.0,18.0,6.0,24.0,no,1.0431833260144252,10200.0,mediodía,jueves,distrito 2,4.2,0.0,8.0,25/01/2025
alta rotación,"1,93 €",19.0,50.0,3.0,4.0,sí,1.4829292167656554,15610.0,tarde,viernes,distrito 9,-99.0,6.0,8.0,06/05/2025
alta rotación,"3,17 €",48.0,25.0,4.0,192.0,no,0.7114691754090441,4500.0,tarde,martes,distrito 9,2.2,5.0,6.0,26/09/2025
rotación media,"1,33 €",56.0,6.0,6.0,35.0,sí,1.0729141321669073,11338.0,mediodía,miércoles,distrito 1,4.7,1.0,3.0,07/06/2025
residentes,"0,74 €",58.0,25.0,5.0,56.0,sí,1.7325053195676232,10559.0,mañana,miércoles,distrito 3,5.7,0.0,3.0,14/02/2025
residentes,"1,40 €",48.0,39.0,6.0,45.0,sí,1.2865837301783853,3038.0,mediodía,martes,distrito 10,3.5,1.0,7.0,16/09/2025
  larga estancia ,"2,56 €",38.0,31.0,2.0,18.0,no,1.3129545279696044,17658.0,tarde,viernes,distrito 10,4.5,3.0,2.0,14/08/2025
rotación media,"1,97 €",43.0,48.0,1.0,32.0,no,1.3977842714867554,4930.0,mañana,sábado,distrito 4,5.2,1.0,3.0,10/10/2025
rotación media,"1,19 €",28.0,30.0,11.0,2.0,sí,1.8724991098908965,11550.0,mañana,martes,distrito 9,3.2,3.0,5.0,12/04/2025
larga estancia,"0,75 €",59.0,15.0,2.0,199.0,sí,1.0819708737015008,6455.0,mediodía,jueves,distrito 3,3.9,1.0,8.0,22/02/2025
alta rotación,"1,88 €",20.0,6.0,5.0,106.0,no,0.934735256531144,12900.0,mañana,sábado,distrito 11,1.4,5.0,0.0,18/05/2025
alta rotación,"1,36 €",15.0,7.0,9.0,132.0,sí,1.1421500188563558,5730.0,tarde,sábado,distrito 3,2.3,0.0,2.0,18/04/2025
alta rotación,"2,46 €",34.0,0.0,13.0,32.0,sí,1.1059296079370782,6578.0,mañana,lunes,distrito 11,3.7,5.0,8.0,29/09/2025
residentes,"0,89 €",60.0,34.0,2.0,34.0,sí,1.504540162160704,11704.0,mañana,miércoles,distrito 11,3.2,0.0,5.0,24/07/2025
larga estancia,"2,51 €",58.0,15.0,29.0,102.0,sí,0.907184317382047,8420.0,tarde,sábado,distrito 4,4.4,5.0,4.0,16/08/2025
rotación media,"2,14 €",15.0,40.0,3.0,17.0,sí,1.206077334039752,10809.0,tarde,viernes,distrito 2,6.3,1.0,5.0,13/01/2025
rotacion media,"0,54 €",33.0,19.0,5.0,61.0,sí,1.652936666942954,10406.0,tarde,miércoles,distrito 5,-99.0,3.0,7.0,25/01/2025
alta rotación,"0,55 €",35.0,13.0,7.0,126.0,no,1.6831635056416527,8690.0,mañana,miércoles,distrito 11,3.8,5.0,1.0,07/03/2025
ALTA ROTACIÓN,"2,33 €",16.0,30.0,7.0,7.0,no,1.5168681926469083,12597.0,mañana,miércoles,distrito 2,3.0,2.0,6.0,18/01/2025
alta rotación,"2,05 €",20.0,2.0,4.0,21.0,sí,0.6937693867219964,12105.0,mañana,martes,distrito 9,3.3,5.0,3.0,27/09/2025
alta rotación,"2,58 €",9.0,33.0,17.0,141.0,sí,0.7349961565231236,7760.0,mañana,viernes,distrito 3,2.8,4.0,7.0,25/09/2025
larga estancia,"2,96 €",18.0,35.0,4.0,209.0,no,1.2575223471550494,4269.0,tarde,lunes,distrito 4,3.3,3.0,3.0,27/09/2025
residentes,"1,37 €",40.0,37.0,8.0,5.0,sí,1.790615850113349,7496.0,mediodía,martes,distrito 8,3.0,2.0,2.0,13/08/2025
larga estancia,"1,65 €",40.0,45.0,3.0,144.0,sí,0.7869003159201252,3339.0,tarde,martes,distrito 5,2.7,2.0,2.0,16/04/2025
alta rotación,"2,26 €",10.0,48.0,1.0,22.0,sí,1.0548003447217327,8957.0,tarde,lunes,distrito 11,0.8,4.0,7.0,30/01/2025
RESIDENTES,"2,27 €",36.0,3.0,5.0,12.0,no,0.9148277434037099,7011.0,mañana,jueves,distrito 10,4.7,5.0,7.0,28/05/2025
rotación media,"2,59 €",13.0,63.0,8.0,21.0,no,1.8048153136181084,13655.0,mediodía,miércoles,distrito 5,2.3,1.0,2.0,13/07/2025
rotación media,"3,84 €",9.0,22.0,6.0,88.0,sí,0.8380535853641513,6392.0,tarde,martes,distrito 6,4.0,4.0,8.0,22/05/2025
residentes,"2,79 €",12.0,34.0,4.0,153.0,sí,0.3665193108340968,7181.0,mediodía,lunes,distrito 2,3.9,1.0,8.0,05/06/2025
ALTA ROTACIÓN,"2,63 €",35.0,19.0,9.0,111.0,sí,0.8906447265004507,7875.0,tarde,viernes,distrito 6,0.8,0.0,4.0,29/09/2025
alta rotación,"2,95 €",57.0,4.0,0.0,34.0,sí,0.3152541880158901,12630.0,tarde,lunes,distrito 9,5.6,2.0,0.0,11/05/2025
alta rotación,"0,81 €",49.0,20.0,5.0,23.0,no,1.553190778632222,11489.0,tarde,lunes,distrito 3,3.4,1.0,5.0,14/08/2025
rotación media,"1,22 €",15.0,20.0,19.0,75.0,no,1.5547104650114498,10586.0,mañana,jueves,distrito 3,2.2,5.0,5.0,07/01/2025
alta rotación,"1,93 €",10.0,20.0,13.0,3.0,no,1.3087629865901176,10384.0,mañana,miércoles,distrito 1,0.8,2.0,3.0,01/11/2025
ROTACIÓN MEDIA,"1,12 €",37.0,15.0,1.0,25.0,sí,1.3656670202006,19927.0,mañana,viernes,distrito 2,4.0,3.0,0.0,10/03/2025
rotación media,"0,65 €",19.0,23.0,7.0,55.0,sí,1.686434863545071,5870.0,mediodía,martes,distrito 4,4.3,5.0,6.0,15/03/2025
  rotación media ,"1,23 €",21.0,45.0,0.0,79.0,no,1.2732509749958532,2297.0,tarde,viernes,distrito 7,2.3,2.0,4.0,21/08/2025
ROTACIÓN MEDIA,"2,09 €",11.0,14.0,5.0,3.0,sí,1.2906720128596838,12667.0,mañana,jueves,distrito 3,2.4,0.0,5.0,07/06/2025
alta rotación,"2,27 €",45.0,9.0,23.0,81.0,no,1.014683317891221,4031.0,mañana,sábado,distrito 6,1.8,5.0,2.0,07/06/2025
ALTA ROTACIÓN,"2,75 €",32.0,43.0,12.0,29.0,no,1.5583332641449315,19327.0,mañana,viernes,distrito 8,2.4,4.0,1.0,09/06/2025
alta rotación,"0,99 €",32.0,1.0,5.0,1.0,no,1.638871579563344,7038.0,mañana,jueves,distrito 11,2.0,5.0,4.0,19/04/2025
residentes,"3,98 €",45.0,19.0,3.0,82.0,sí,0.5832236593038768,11920.0,mediodía,miércoles,distrito 3,2.8,0.0,0.0,08/10/2025
larga estancia,"2,72 €",42.0,7.0,15.0,37.0,sí,0.419014684927633,13832.0,mediodía,viernes,distrito 11,2.6,5.0,8.0,06/04/2025
alta rotación,"0,50 €",9.0,25.0,47.0,53.0,no,2.200185782363207,8463.0,tarde,miércoles,distrito 6,3.5,4.0,1.0,05/07/2025
RESIDENTES,"3,17 €",20.0,14.0,14.0,164.0,sí,0.7584810206470234,2591.0,mediodía,martes,distrito 10,2.7,4.0,6.0,09/08/2025
rotación media,"2,84 €",41.0,22.0,3.0,74.0,no,1.004504186906959,9183.0,mediodía,sábado,distrito 6,1.4,4.0,3.0,02/11/2025
rotación media,"2,49 €",13.0,3.0,18.0,13.0,sí,0.8806080680107687,19857.0,mediodía,martes,distrito 1,2.2,2.0,0.0,08/05/2025
alta rotación,"2,30 €",50.0,33.0,2.0,119.0,sí,0.7264603889932685,7379.0,mañana,jueves,distrito 6,3.3,6.0,1.0,10/06/2025
residentes,"2,55 €",47.0,22.0,9.0,145.0,sí,1.0931635585879245,12853.0,mañana,martes,distrito 5,2.8,5.0,3.0,13/06/2025
rotación media,"1,91 €",8.0,8.0,20.0,124.0,sí,1.4689405464609366,17079.0,mañana,sábado,distrito 6,3.3,3.0,5.0,21/10/2025
  residentes ,"2,48 €",40.0,18.0,18.0,176.0,sí,1.0558407600319775,5798.0,tarde,jueves,distrito 5,5.0,1.0,7.0,18/10/2025
rotación media,"0,50 €",44.0,16.0,4.0,58.0,no,1.9691670558077425,17925.0,mañana,martes,distrito 1,3.3,4.0,2.0,15/03/2025
alta rotación,"1,80 €",31.0,19.0,15.0,80.0,sí,1.2444038417992078,17110.0,tarde,viernes,distrito 3,2.0,4.0,4.0,08/08/2025
rotación media,"2,08 €",44.0,6.0,26.0,148.0,sí,0.9387186188341187,7128.0,mañana,sábado,distrito 4,5.0,3.0,5.0,01/07/2025
  rotación media ,"1,86 €",60.0,71.0,17.0,33.0,sí,1.5032800710275676,7487.0,mañana,miércoles,distrito 3,5.1,3.0,0.0,18/10/2025
alta rotación,"1,52 €",34.0,18.0,6.0,30.0,sí,1.4637618572466757,16563.0,mañana,sábado,distrito 9,3.0,3.0,1.0,14/07/2025
residentes,"1,89 €",40.0,34.0,16.0,102.0,sí,1.4478024721364575,33911.0,tarde,sábado,distrito 2,0.8,4.0,6.0,23/05/2025
larga estancia,"1,71 €",54.0,8.0,12.0,108.0,no,0.7344393187743703,7084.0,tarde,miércoles,distrito 6,2.5,2.0,3.0,07/05/2025
rotación media,"3,39 €",13.0,46.0,3.0,86.0,sí,0.869604796946915,3255.0,mañana,miércoles,distrito 4,4.5,0.0,7.0,31/10/2025
larga estancia,"1,53 €",21.0,7.0,6.0,72.0,sí,0.7451266383260338,2466.0,tarde,sábado,distrito 8,3.3,2.0,2.0,04/09/2025
rotacion media,"1,67 €",23.0,6.0,15.0,110.0,sí,1.0985147756312406,14759.0,mediodía,sábado,distrito 11,3.0,6.0,4.0,08/09/2025
larga estancia,"2,43 €",14.0,11.0,3.0,1.0,no,1.2026504568282752,4487.0,mañana,miércoles,distrito 3,0.8,6.0,7.0,27/09/2025
residentes,"0,50 €",6.0,5.0,12.0,80.0,no,1.3315066884626046,11451.0,mediodía,martes,distrito 11,4.6,3.0,0.0,26/10/2025
larga estancia,"2,36 €",17.0,9.0,2.0,32.0,no,0.7316928461332106,10369.0,mañana,jueves,distrito 8,4.8,4.0,6.0,10/04/2025
rotación media,"1,66 €",37.0,37.0,17.0,123.0,sí,1.2415693442463047,11709.0,tarde,martes,distrito 7,3.1,0.0,2.0,06/02/2025
  alta rotación ,"2,14 €",58.0,15.0,6.0,29.0,no,0.9960232567048384,9348.0,mediodía,jueves,distrito 7,0.8,0.0,0.0,29/03/2025
alta rotación,"2,80 €",26.0,16.0,8.0,50.0,sí,0.5941441695807023,4967.0,mañana,sábado,distrito 1,2.8,5.0,7.0,30/03/2025
residentes,"1,90 €",21.0,21.0,5.0,46.0,sí,1.5708065394715471,9472.0,tarde,martes,distrito 3,0.8,0.0,8.0,13/02/2025
rotación media,"3,13 €",47.0,12.0,0.0,36.0,sí,0.5965254792643081,3220.0,mediodía,miércoles,distrito 10,1.6,2.0,0.0,03/07/2025
residentes,"2,30 €",8.0,10.0,13.0,50.0,sí,1.1293927204209289,10803.0,tarde,lunes,distrito 11,3.7,6.0,7.0,16/03/2025
alta rotación,"1,71 €",6.0,13.0,2.0,17.0,sí,1.0473741663289473,16604.0,tarde,miércoles,distrito 11,-99.0,6.0,4.0,25/05/2025
rotación media,"3,69 €",57.0,18.0,5.0,14.0,no,0.7278759537560086,7678.0,mediodía,jueves,distrito 7,4.6,6.0,1.0,17/07/2025
residentes,"1,78 €",23.0,49.0,19.0,122.0,sí,1.2983111756862113,4335.0,tarde,martes,distrito 7,2.4,6.0,7.0,05/07/2025
rotacion media,"2,05 €",36.0,25.0,10.0,64.0,sí,1.3644138672658859,25694.0,tarde,miércoles,distrito 9,4.4,3.0,7.0,21/07/2025
alta rotación,"3,18 €",12.0,22.0,10.0,126.0,sí,0.7404866937758249,4628.0,mediodía,martes,distrito 6,1.3,4.0,1.0,16/03/2025
larga estancia,"2,50 €",20.0,27.0,0.0,106.0,sí,0.7554068846710149,4000.0,mediodía,miércoles,distrito 1,4.2,1.0,0.0,31/01/2025
rotación media,"2,51 €",25.0,26.0,41.0,18.0,sí,1.3354374014682335,12405.0,mañana,miércoles,distrito 9,3.2,0.0,6.0,30/05/2025
rotación media,"2,38 €",55.0,14.0,6.0,5.0,sí,0.9093194319044645,9090.0,mañana,viernes,distrito 3,5.4,4.0,2.0,15/04/2025
ROTACIÓN MEDIA,"1,51 €",31.0,10.0,12.0,79.0,sí,1.148759077374755,10128.0,mediodía,sábado,distrito 11,1.9,3.0,3.0,14/01/2025
larga estancia,"2,29 €",48.0,12.0,10.0,58.0,sí,0.7117296431530635,14099.0,mediodía,jueves,distrito 9,2.2,2.0,5.0,20/07/2025
larga estancia,"2,07 €",25.0,14.0,0.0,18.0,sí,0.8016387872154296,16662.0,mañana,martes,distrito 2,6.4,5.0,5.0,12/02/2025
rotación media,"1,73 €",54.0,15.0,16.0,126.0,sí,1.1199960901169619,8049.0,mañana,martes,distrito 6,3.8,1.0,2.0,13/10/2025
rotación media,"1,21 €",52.0,14.0,28.0,35.0,no,1.8467066675887627,6496.0,mediodía,viernes,distrito 1,4.4,5.0,6.0,14/06/2025
rotación media,"2,27 €",40.0,13.0,12.0,36.0,sí,0.5716473574434621,9230.0,tarde,lunes,distrito 2,4.0,3.0,1.0,08/06/2025
alta rotacion,"1,02 €",35.0,27.0,0.0,45.0,no,1.7386534664495246,15910.0,tarde,martes,distrito 5,3.2,1.0,8.0,29/07/2025
  rotación media ,"1,47 €",35.0,15.0,2.0,88.0,sí,0.6916094506429413,3105.0,mañana,martes,distrito 1,3.0,3.0,2.0,11/07/2025
larga estancia,"1,97 €",47.0,14.0,1.0,85.0,no,0.7948393503776312,17945.0,tarde,sábado,distrito 2,3.9,2.0,7.0,29/04/2025
alta rotación,"1,08 €",38.0,22.0,28.0,118.0,sí,1.148192271435391,4279.0,tarde,sábado,distrito 7,2.4,0.0,2.0,24/01/2025
rotación media,"2,16 €",55.0,33.0,2.0,138.0,sí,0.7258870946066756,23731.0,mediodía,viernes,distrito 3,6.1,0.0,5.0,05/03/2025
alta rotación,"0,61 €",30.0,32.0,2.0,175.0,sí,1.4764854550969935,8394.0,tarde,martes,distrito 7,0.8,4.0,3.0,07/05/2025
rotación media,"1,30 €",10.0,19.0,15.0,59.0,sí,1.1093739955204414,9026.0,mañana,lunes,distrito 8,3.2,2.0,7.0,01/03/2025
alta rotación,"2,74 €",13.0,1.0,4.0,78.0,no,0.5518994513755764,7615.0,tarde,viernes,distrito 9,3.4,3.0,6.0,01/11/2025
alta rotación,"2,30 €",47.0,41.0,8.0,36.0,sí,1.050144291729433,4704.0,tarde,viernes,distrito 6,0.8,5.0,3.0,21/03/2025
rotación media,"2,04 €",25.0,25.0,8.0,38.0,sí,0.9046666711729547,3989.0,mañana,sábado,distrito 10,5.5,2.0,3.0,05/09/2025
ALTA ROTACIÓN,"1,79 €",26.0,53.0,14.0,170.0,no,1.9249316576616433,4615.0,mediodía,miércoles,distrito 3,1.4,1.0,6.0,07/03/2025
alta rotación,"2,50 €",44.0,5.0,2.0,91.0,sí,0.3075300547995827,4726.0,mediodía,lunes,distrito 3,1.5,2.0,8.0,23/06/2025
larga estancia,"2,01 €",47.0,8.0,4.0,70.0,no,0.9149761995485116,6310.0,mañana,sábado,distrito 1,1.6,5.0,6.0,03/08/2025
alta rotación,"1,36 €",27.0,15.0,2.0,73.0,sí,1.2669340083417886,10937.0,mediodía,jueves,distrito 5,-99.0,5.0,1.0,13/09/2025
residentes,"1,18 €",54.0,6.0,3.0,119.0,sí,1.0829717986455212,14030.0,mañana,viernes,distrito 8,1.2,6.0,5.0,15/07/2025
alta rotación,"3,31 €",20.0,31.0,11.0,9.0,sí,1.071702980449366,64849.0,mañana,jueves,distrito 8,4.1,6.0,8.0,28/07/2025
larga estancia,"1,89 €",60.0,21.0,10.0,54.0,sí,1.2010621871433225,8684.0,tarde,viernes,distrito 6,3.4,0.0,3.0,05/03/2025
residentes,"2,81 €",46.0,33.0,1.0,6.0,sí,1.1048344870331173,14190.0,mediodía,sábado,distrito 3,-99.0,6.0,0.0,06/08/2025
rotación media,"2,17 €",46.0,34.0,12.0,43.0,sí,1.2124287920303882,15880.0,tarde,martes,distrito 1,3.0,6.0,2.0,19/08/2025
residentes,"1,84 €",10.0,35.0,20.0,77.0,no,1.4827840490077489,13644.0,mañana,jueves,distrito 8,0.9,4.0,3.0,12/06/2025
  rotación media ,"1,86 €",17.0,3.0,22.0,103.0,no,0.5076376115758927,16776.0,mañana,miércoles,distrito 5,5.1,1.0,6.0,18/10/2025
  residentes ,"1,97 €",22.0,22.0,4.0,134.0,no,1.0993908239349226,2353.0,mañana,sábado,distrito 1,4.0,1.0,5.0,15/06/2025
ALTA ROTACIÓN,"2,29 €",35.0,6.0,27.0,7.0,no,1.6131267001080989,5614.0,mediodía,sábado,distrito 5,2.6,0.0,0.0,09/03/2025
alta rotacion,"1,78 €",30.0,28.0,14.0,70.0,no,1.5671543178217395,12057.0,tarde,miércoles,distrito 11,4.6,3.0,4.0,20/05/2025
residentes,"1,83 €",10.0,19.0,4.0,63.0,sí,1.3534139004797434,5588.0,mañana,lunes,distrito 2,0.8,3.0,1.0,20/06/2025
ROTACIÓN MEDIA,"1,29 €",53.0,24.0,34.0,29.0,sí,1.1832708624570232,8977.0,tarde,viernes,distrito 4,2.1,0.0,3.0,30/03/2025
residentes,"2,75 €",15.0,2.0,16.0,36.0,no,0.8829198926199275,6998.0,mediodía,sábado,distrito 6,2.4,5.0,7.0,16/07/2025
  alta rotación ,"3,00 €",21.0,7.0,4.0,3.0,sí,0.8394643632843655,3934.0,tarde,viernes,distrito 10,2.1,0.0,4.0,15/09/2025
rotación media,"1,65 €",12.0,14.0,1.0,22.0,sí,0.7374097623581339,3909.0,tarde,martes,distrito 11,1.5,5.0,0.0,16/08/2025
  rotación media ,"3,21 €",42.0,22.0,9.0,8.0,no,0.7910641540241888,5859.0,mañana,miércoles,distrito 2,4.0,3.0,0.0,01/11/2025
  larga estancia ,"1,21 €",12.0,15.0,0.0,33.0,sí,0.9207650503023209,4992.0,mañana,martes,distrito 5,0.8,2.0,0.0,03/02/2025
larga estancia,"2,88 €",22.0,5.0,2.0,55.0,sí,0.6170795645840035,1510.0,mañana,lunes,distrito 8,1.9,2.0,1.0,17/02/2025
residentes,"0,97 €",53.0,14.0,11.0,21.0,sí,1.5957352523652673,5312.0,mediodía,miércoles,distrito 10,3.8,2.0,7.0,11/01/2025
rotación media,"2,46 €",49.0,44.0,9.0,59.0,sí,1.4463386791563109,6174.0,mediodía,jueves,distrito 11,2.1,3.0,1.0,22/06/2025
larga estancia,"2,70 €",23.0,22.0,7.0,82.0,sí,0.5101431331749721,17085.0,mediodía,jueves,distrito 6,5.0,3.0,8.0,28/04/2025
residentes,"2,39 €",40.0,9.0,2.0,2.0,sí,1.0043386038751816,6859.0,mañana,lunes,distrito 5,2.6,4.0,7.0,01/07/2025
larga estancia,"1,55 €",49.0,4.0,9.0,100.0,sí,0.938389635385751,16019.0,mediodía,miércoles,distrito 3,1.3,3.0,4.0,22/04/2025
alta rotación,"1,06 €",41.0,23.0,50.0,148.0,sí,1.878334399716661,4803.0,mediodía,sábado,distrito 9,5.5,0.0,2.0,04/05/2025
rotación media,"2,53 €",19.0,41.0,4.0,184.0,no,1.2422383477931538,4697.0,tarde,martes,distrito 4,3.6,6.0,6.0,20/07/2025
ALTA ROTACIÓN,"0,86 €",45.0,69.0,1.0,25.0,sí,1.2551406242749734,11661.0,tarde,jueves,distrito 1,2.0,5.0,5.0,12/08/2025
residentes,"1,84 €",9.0,56.0,28.0,125.0,sí,1.5351966584662264,13792.0,mañana,miércoles,distrito 10,0.8,5.0,5.0,15/03/2025
residentes,"3,44 €",22.0,44.0,4.0,54.0,no,0.7479819040550383,4093.0,tarde,miércoles,distrito 5,3.1,3.0,3.0,19/07/2025
rotación media,"1,57 €",12.0,12.0,30.0,168.0,sí,1.3783457120622424,8548.0,mañana,jueves,distrito 8,3.7,6.0,1.0,30/05/2025
larga estancia,"0,71 €",16.0,7.0,3.0,94.0,no,0.9565857874103286,6080.0,mediodía,jueves,distrito 6,1.4,5.0,2.0,16/05/2025
  larga estancia ,"2,02 €",51.0,15.0,5.0,85.0,sí,1.1388219649706555,26949.0,mediodía,lunes,distrito 5,1.7,4.0,4.0,18/10/2025
alta rotación,"2,92 €",26.0,32.0,4.0,11.0,sí,0.7038285216164688,20382.0,tarde,sábado,distrito 1,2.5,4.0,6.0,10/05/2025
  larga estancia ,"1,86 €",34.0,20.0,15.0,187.0,sí,0.9214410521653539,16020.0,mañana,lunes,distrito 9,3.9,5.0,1.0,24/08/2025
residentes,"1,34 €",57.0,16.0,14.0,43.0,sí,1.2040688288045993,12767.0,tarde,sábado,distrito 7,2.4,3.0,2.0,31/07/2025
rotación media,"3,21 €",42.0,28.0,0.0,108.0,sí,0.504654750912558,6987.0,tarde,martes,distrito 6,4.0,2.0,0.0,27/08/2025
larga estancia,"2,66 €",51.0,22.0,0.0,13.0,sí,0.4685616169272952,3259.0,mañana,sábado,distrito 10,3.3,2.0,8.0,16/01/2025
larga estancia,"2,93 €",21.0,40.0,1.0,8.0,sí,0.7202126960601557,23564.0,tarde,martes,distrito 5,2.7,1.0,1.0,28/02/2025
rotación media,"1,48 €",40.0,14.0,3.0,1.0,sí,0.6346921554223159,12976.0,tarde,miércoles,distrito 7,3.0,3.0,5.0,27/10/2025
larga estancia,"1,13 €",25.0,8.0,2.0,36.0,no,1.3103779529967703,5220.0,tarde,martes,distrito 2,0.8,4.0,4.0,09/04/2025
larga estancia,"1,97 €",39.0,23.0,5.0,39.0,sí,0.65367997094311,9577.0,tarde,lunes,distrito 8,2.0,5.0,5.0,21/01/2025
residentes,"2,38 €",58.0,0.0,9.0,178.0,sí,0.41074293416021523,10421.0,tarde,sábado,distrito 3,3.4,4.0,1.0,30/09/2025
rotación media,"1,49 €",49.0,39.0,8.0,87.0,no,1.3981643117935818,11984.0,mediodía,lunes,distrito 3,3.6,5.0,7.0,13/04/2025
alta rotación,"1,43 €",37.0,45.0,5.0,25.0,sí,1.42462967350993,13253.0,mañana,sábado,distrito 9,3.9,4.0,3.0,06/09/2025
ROTACIÓN MEDIA,"2,10 €",56.0,46.0,0.0,25.0,sí,1.3813314741417022,16687.0,tarde,sábado,distrito 6,-99.0,1.0,2.0,06/02/2025
LARGA ESTANCIA,"2,42 €",21.0,12.0,2.0,81.0,sí,0.6506344738006679,6197.0,mediodía,viernes,distrito 6,2.4,5.0,8.0,10/10/2025
rotación media,"2,53 €",28.0,9.0,12.0,41.0,sí,0.9253338921031551,17902.0,mañana,viernes,distrito 1,-99.0,2.0,2.0,08/05/2025
alta rotación,"1,28 €",50.0,7.0,1.0,48.0,sí,0.6392351855697188,13724.0,mediodía,sábado,distrito 6,2.1,6.0,7.0,16/08/2025
LARGA ESTANCIA,"1,97 €",11.0,12.0,4.0,34.0,sí,0.8299569162050119,2616.0,mañana,sábado,distrito 11,3.3,2.0,2.0,07/10/2025
residentes,"2,90 €",19.0,27.0,13.0,9.0,sí,1.164145632825728,10206.0,mañana,sábado,distrito 4,2.8,4.0,5.0,01/11/2025
alta rotación,"2,95 €",32.0,21.0,3.0,92.0,sí,0.6551845423084589,9657.0,mañana,lunes,distrito 3,4.0,4.0,8.0,12/04/2025
rotación media,"0,75 €",7.0,2.0,11.0,12.0,sí,0.9028927719558326,11676.0,mediodía,martes,distrito 5,4.8,4.0,3.0,21/02/2025
alta rotación,"0,97 €",48.0,13.0,8.0,89.0,no,1.717837871621228,17007.0,tarde,viernes,distrito 6,3.6,3.0,3.0,08/04/2025
alta rotación,"0,50 €",42.0,25.0,4.0,135.0,sí,1.5026716206474,7896.0,mediodía,viernes,distrito 1,3.0,1.0,4.0,13/01/2025
rotación media,"1,51 €",15.0,33.0,18.0,8.0,no,1.4097310558556295,3336.0,mañana,miércoles,distrito 2,2.1,2.0,8.0,04/07/2025
rotacion media,"1,14 €",50.0,8.0,8.0,43.0,no,1.5494157210023616,12801.0,tarde,sábado,distrito 6,-99.0,2.0,2.0,17/02/2025
residentes,"2,50 €",55.0,39.0,8.0,45.0,no,0.810816383821326,5183.0,mediodía,viernes,distrito 1,1.7,6.0,4.0,14/07/2025
  larga estancia ,"1,00 €",17.0,31.0,10.0,84.0,no,1.3908755228357836,5137.0,mediodía,viernes,distrito 9,1.6,2.0,4.0,12/07/2025
larga estancia,"1,50 €",33.0,22.0,1.0,41.0,sí,0.9401048103028994,4602.0,mediodía,miércoles,distrito 8,4.8,3.0,7.0,07/02/2025
  rotación media ,"1,37 €",16.0,9.0,7.0,104.0,sí,0.8048479827614908,15677.0,mañana,viernes,distrito 3,4.4,3.0,7.0,17/06/2025
larga estancia,"1,00 €",60.0,16.0,5.0,109.0,sí,1.1020414850597793,2725.0,mediodía,miércoles,distrito 8,3.4,5.0,3.0,22/03/2025
rotacion media,"3,08 €",46.0,77.0,14.0,64.0,sí,1.1091008810213945,11282.0,tarde,sábado,distrito 5,4.5,4.0,7.0,28/02/2025
larga estancia,"0,92 €",36.0,26.0,0.0,22.0,no,1.757660076361451,11296.0,mañana,sábado,distrito 4,4.8,1.0,7.0,11/02/2025
alta rotación,"1,97 €",48.0,27.0,4.0,127.0,sí,0.7692186427367425,4789.0,mañana,martes,distrito 5,-99.0,1.0,2.0,05/07/2025
alta rotación,"2,02 €",28.0,9.0,21.0,23.0,no,1.381264005452744,3353.0,tarde,jueves,distrito 9,3.0,6.0,8.0,20/05/2025
rotación media,"3,74 €",16.0,7.0,3.0,175.0,sí,-0.010450996958203451,4715.0,mañana,lunes,distrito 9,3.4,2.0,6.0,18/07/2025
alta rotación,"2,33 €",47.0,5.0,9.0,68.0,no,0.725482700778456,7846.0,mañana,viernes,distrito 2,2.5,3.0,3.0,09/08/2025
larga estancia,"2,30 €",12.0,12.0,1.0,179.0,sí,0.5442686564825774,32192.0,mañana,viernes,distrito 4,4.3,1.0,8.0,28/02/2025
residentes,"2,82 €",26.0,7.0,7.0,4.0,no,1.0476077773632622,7507.0,mañana,lunes,distrito 8,2.9,6.0,0.0,15/07/2025
alta rotación,"2,04 €",34.0,19.0,7.0,113.0,sí,1.1287601471666706,9061.0,tarde,jueves,distrito 5,4.3,0.0,4.0,20/03/2025
ALTA ROTACIÓN,"1,99 €",55.0,8.0,3.0,54.0,sí,0.4317129264336006,2051.0,tarde,jueves,distrito 3,1.2,1.0,7.0,13/03/2025
alta rotación,"0,59 €",55.0,10.0,4.0,75.0,sí,1.7013674187631473,13991.0,mañana,jueves,distrito 11,1.4,2.0,4.0,07/04/2025
alta rotación,"1,16 €",42.0,63.0,13.0,63.0,no,2.164793259120263,8446.0,tarde,viernes,distrito 3,0.9,3.0,5.0,30/04/2025
alta rotación,"1,76 €",47.0,5.0,14.0,7.0,no,1.4297761827587623,14216.0,mañana,viernes,distrito 9,3.4,1.0,0.0,27/05/2025
larga estancia,"2,03 €",36.0,23.0,7.0,7.0,no,1.1322950863074823,3529.0,mañana,sábado,distrito 1,1.0,2.0,4.0,10/10/2025
alta rotación,"2,28 €",60.0,36.0,0.0,100.0,sí,0.6756187174222616,10723.0,mediodía,martes,distrito 7,3.0,1.0,4.0,08/07/2025
alta rotación,"1,08 €",53.0,26.0,4.0,71.0,no,1.664860517554585,26895.0,tarde,lunes,distrito 5,1.7,3.0,8.0,27/06/2025
rotacion media,"1,73 €",43.0,17.0,15.0,75.0,no,1.430088857697441,4624.0,mañana,viernes,distrito 9,7.3,0.0,1.0,24/05/2025
residentes,"2,99 €",38.0,35.0,25.0,39.0,sí,1.0496701040959266,3177.0,tarde,viernes,distrito 8,1.2,3.0,1.0,09/05/2025
alta rotación,"2,10 €",12.0,15.0,1.0,22.0,no,0.9360147230564716,6372.0,mediodía,miércoles,distrito 11,3.3,5.0,4.0,29/05/2025
alta rotación,"3,11 €",50.0,15.0,1.0,268.0,sí,0.3616866082042705,9476.0,mediodía,martes,distrito 2,1.5,2.0,4.0,16/10/2025
alta rotacion,"1,16 €",53.0,24.0,4.0,27.0,sí,1.025889913163936,10665.0,mediodía,martes,distrito 8,5.4,1.0,6.0,29/09/2025
rotacion media,"3,52 €",10.0,40.0,11.0,23.0,no,1.2722509216334652,13691.0,tarde,jueves,distrito 3,2.8,5.0,8.0,04/06/2025
  larga estancia ,"2,33 €",33.0,3.0,10.0,61.0,sí,0.42822976231452636,9041.0,mañana,sábado,distrito 9,3.4,5.0,5.0,28/08/2025
larga estancia,"2,01 €",22.0,6.0,18.0,88.0,sí,0.920449676620929,9398.0,mediodía,martes,distrito 6,3.8,4.0,3.0,19/03/2025
ROTACIÓN MEDIA,"1,70 €",13.0,15.0,28.0,219.0,sí,1.415932884949868,37940.0,tarde,martes,distrito 10,2.6,0.0,6.0,29/07/2025
alta rotación,"3,51 €",46.0,30.0,14.0,137.0,sí,0.6563864904444972,9710.0,mediodía,sábado,distrito 11,2.5,6.0,0.0,16/03/2025
larga estancia,"1,20 €",43.0,5.0,1.0,274.0,sí,0.8253299470643713,16882.0,tarde,martes,distrito 8,3.2,6.0,3.0,16/08/2025
residentes,"2,92 €",54.0,19.0,4.0,97.0,sí,1.0342934414084057,15478.0,mediodía,lunes,distrito 2,5.2,0.0,2.0,06/06/2025
rotación media,"2,67 €",25.0,16.0,8.0,79.0,sí,0.7152352659628132,7518.0,mediodía,lunes,distrito 3,3.9,5.0,6.0,01/04/2025
larga estancia,"1,49 €",31.0,57.0,23.0,122.0,sí,1.4306981242409276,6870.0,mañana,jueves,distrito 6,3.6,4.0,2.0,24/07/2025
rotación media,"1,54 €",43.0,34.0,32.0,45.0,sí,1.1514309982014639,7542.0,tarde,lunes,distrito 8,2.1,2.0,0.0,26/01/2025
alta rotación,"2,63 €",47.0,28.0,0.0,87.0,sí,0.5916791684785074,9929.0,mediodía,jueves,distrito 9,3.2,1.0,4.0,27/03/2025
larga estancia,"1,72 €",41.0,9.0,3.0,138.0,no,0.8238363096714366,5848.0,mañana,jueves,distrito 8,5.7,4.0,3.0,15/04/2025
rotación media,"2,50 €",56.0,12.0,3.0,83.0,sí,0.697089521880804,5867.0,mañana,viernes,distrito 8,3.1,3.0,6.0,15/07/2025
residentes,"2,20 €",23.0,22.0,1.0,128.0,sí,0.5681046703168047,9597.0,tarde,miércoles,distrito 7,5.0,0.0,2.0,31/03/2025
residentes,"2,77 €",13.0,19.0,24.0,22.0,no,1.3644743397497727,12469.0,tarde,viernes,distrito 3,0.8,2.0,0.0,21/07/2025
ROTACIÓN MEDIA,"2,59 €",47.0,11.0,12.0,29.0,no,0.995276128785437,5838.0,tarde,miércoles,distrito 2,1.8,3.0,3.0,08/03/2025
residentes,"0,50 €",15.0,62.0,2.0,21.0,sí,1.6903787666402812,4696.0,mediodía,sábado,distrito 3,0.8,0.0,0.0,04/05/2025
alta rotacion,"0,84 €",56.0,13.0,17.0,77.0,no,1.524722696461163,9313.0,tarde,sábado,distrito 6,1.2,4.0,6.0,23/05/2025
rotación media,"0,79 €",57.0,61.0,17.0,100.0,sí,1.6563296630228466,9930.0,tarde,jueves,distrito 5,3.3,2.0,5.0,19/04/2025
  larga estancia ,"2,73 €",21.0,8.0,2.0,7.0,no,0.9921021579983489,9955.0,mediodía,lunes,distrito 10,4.0,2.0,5.0,08/02/2025
rotación media,"2,19 €",55.0,16.0,7.0,51.0,sí,1.039977451088364,13734.0,mediodía,lunes,distrito 5,1.3,5.0,7.0,10/06/2025
residentes,"2,24 €",54.0,32.0,9.0,90.0,no,1.7088163434493193,8713.0,tarde,sábado,distrito 7,3.8,5.0,7.0,18/01/2025
alta rotación,"0,75 €",50.0,5.0,25.0,28.0,sí,1.4237413268148558,6660.0,mediodía,sábado,distrito 7,3.2,2.0,5.0,19/03/2025
rotación media,"2,07 €",39.0,15.0,29.0,18.0,sí,1.0624224970279637,10621.0,mañana,sábado,distrito 5,5.4,0.0,0.0,01/08/2025
rotación media,"0,64 €",55.0,10.0,0.0,72.0,sí,0.7822828000831495,25841.0,tarde,jueves,distrito 9,3.7,2.0,8.0,11/02/2025
residentes,"2,77 €",39.0,17.0,44.0,124.0,no,1.0775412650466112,11882.0,mañana,viernes,distrito 9,4.3,4.0,8.0,07/10/2025
alta rotación,"1,38 €",26.0,30.0,3.0,38.0,no,1.4692446798842784,11607.0,mediodía,lunes,distrito 1,3.5,2.0,4.0,23/04/2025
ALTA ROTACIÓN,"1,29 €",9.0,7.0,3.0,75.0,sí,0.5631517498346237,10095.0,tarde,martes,distrito 5,2.3,0.0,5.0,05/10/2025
rotación media,"1,32 €",27.0,3.0,12.0,27.0,sí,1.3706694550835874,23440.0,mañana,sábado,distrito 7,-99.0,1.0,4.0,03/08/2025
rotación media,"1,55 €",40.0,12.0,14.0,22.0,no,1.24867072939457,7425.0,mediodía,viernes,distrito 2,3.1,1.0,2.0,04/08/2025
rotación media,"2,06 €",8.0,21.0,0.0,122.0,no,0.9443457588855748,16972.0,mediodía,viernes,distrito 7,6.3,6.0,2.0,19/09/2025
alta rotación,"3,03 €",19.0,9.0,21.0,103.0,sí,0.6623959277278353,3292.0,mediodía,jueves,distrito 8,6.9,0.0,2.0,19/02/2025
larga estancia,"2,45 €",9.0,42.0,3.0,68.0,no,0.8208382462888218,11871.0,mediodía,martes,distrito 8,4.2,3.0,7.0,10/06/2025
  rotación media ,"3,63 €",28.0,16.0,1.0,54.0,sí,0.692603466981756,4542.0,mañana,sábado,distrito 10,2.0,1.0,0.0,01/06/2025
residentes,"2,04 €",13.0,21.0,23.0,131.0,sí,1.2052088171248165,4642.0,tarde,miércoles,distrito 11,4.3,5.0,2.0,24/09/2025
rotación media,"1,15 €",8.0,17.0,10.0,18.0,no,1.1643484595440738,6138.0,tarde,miércoles,distrito 10,3.5,0.0,5.0,27/04/2025
residentes,"1,99 €",44.0,21.0,1.0,171.0,sí,1.2732502353173951,6580.0,tarde,miércoles,distrito 10,0.8,4.0,0.0,15/09/2025
residentes,"1,47 €",26.0,33.0,1.0,148.0,no,1.4515279530138654,12561.0,mediodía,sábado,distrito 2,4.4,2.0,1.0,05/09/2025
residentes,"2,87 €",14.0,26.0,6.0,21.0,no,1.414411880666676,19822.0,mañana,miércoles,distrito 2,4.6,0.0,4.0,29/03/2025
larga estancia,"2,84 €",40.0,28.0,48.0,13.0,sí,1.1192100031921097,16030.0,mediodía,sábado,distrito 6,0.9,4.0,2.0,15/10/2025
  rotación media ,"2,06 €",10.0,5.0,11.0,117.0,sí,0.788084533323664,11514.0,mañana,lunes,distrito 3,1.8,4.0,2.0,12/08/2025
rotacion media,"3,74 €",8.0,25.0,24.0,6.0,sí,0.9767167273574063,2410.0,mañana,martes,distrito 9,3.3,2.0,7.0,18/07/2025
  residentes ,"3,02 €",37.0,3.0,19.0,23.0,sí,0.7568687103082761,28449.0,mañana,lunes,distrito 3,4.7,1.0,7.0,12/06/2025
residentes,"3,91 €",37.0,28.0,15.0,84.0,no,0.5344503833359449,15766.0,mañana,lunes,distrito 3,1.8,3.0,8.0,11/02/2025
residentes,"2,50 €",56.0,10.0,31.0,156.0,no,1.1890421708824612,22671.0,mañana,viernes,distrito 11,3.7,1.0,3.0,31/07/2025
residentes,"1,95 €",8.0,20.0,7.0,154.0,sí,1.1482993662307313,7705.0,mañana,lunes,distrito 5,3.1,2.0,6.0,27/02/2025
ROTACIÓN MEDIA,"2,39 €",40.0,10.0,9.0,110.0,no,1.2120743793713422,8221.0,mañana,lunes,distrito 5,3.3,3.0,3.0,06/09/2025
alta rotación,"2,83 €",37.0,8.0,15.0,206.0,sí,0.849252023109311,3203.0,mediodía,viernes,distrito 3,2.9,6.0,0.0,30/07/2025
alta rotación,"1,49 €",40.0,13.0,11.0,61.0,sí,1.2442796433663197,18923.0,tarde,martes,distrito 10,3.5,2.0,7.0,09/09/2025
larga estancia,"1,03 €",59.0,45.0,5.0,92.0,no,1.7671815301836427,10743.0,mañana,lunes,distrito 6,1.5,3.0,1.0,01/09/2025
rotacion media,"1,74 €",9.0,38.0,5.0,14.0,sí,1.2561431072507696,11114.0,mañana,lunes,distrito 5,4.0,0.0,6.0,13/09/2025
larga estancia,"2,32 €",11.0,33.0,27.0,107.0,sí,0.5828793312762925,6625.0,mañana,sábado,distrito 1,-99.0,4.0,1.0,14/08/2025
rotación media,"1,66 €",54.0,8.0,8.0,34.0,no,1.3366247091943182,5733.0,tarde,miércoles,distrito 8,2.1,5.0,8.0,27/01/2025
ROTACIÓN MEDIA,"4,15 €",53.0,18.0,6.0,48.0,sí,0.8826023652898604,8083.0,tarde,martes,distrito 11,3.2,4.0,1.0,22/01/2025
larga estancia,"1,75 €",57.0,30.0,1.0,22.0,sí,0.9025732762661298,8763.0,tarde,jueves,distrito 10,1.6,5.0,3.0,02/07/2025
alta rotación,"1,92 €",21.0,18.0,20.0,115.0,sí,0.7823828774415642,39840.0,tarde,lunes,distrito 8,3.7,6.0,1.0,23/02/2025
residentes,"3,73 €",17.0,21.0,0.0,26.0,no,0.10487820018738292,2163.0,mediodía,sábado,distrito 7,3.7,2.0,1.0,08/07/2025
residentes,"2,59 €",6.0,18.0,2.0,80.0,sí,0.6549038555820565,4568.0,tarde,viernes,distrito 2,2.9,6.0,6.0,10/04/2025
alta rotación,"2,67 €",34.0,18.0,24.0,3.0,sí,0.9291168379793111,5934.0,mañana,viernes,distrito 4,1.0,4.0,4.0,26/03/2025
rotación media,"2,40 €",16.0,38.0,3.0,62.0,no,1.093413014522059,7589.0,mañana,jueves,distrito 3,2.6,2.0,3.0,14/04/2025
larga estancia,"4,14 €",59.0,30.0,4.0,103.0,sí,0.08658791125046283,4607.0,mañana,jueves,distrito 6,2.7,5.0,8.0,26/01/2025
alta rotacion,"1,91 €",23.0,32.0,3.0,36.0,sí,0.9419503769976253,9703.0,tarde,miércoles,distrito 10,2.1,3.0,2.0,18/04/2025
  alta rotación ,"1,62 €",31.0,20.0,5.0,59.0,sí,0.963230060638582,6719.0,mañana,jueves,distrito 5,2.6,3.0,5.0,21/05/2025
residentes,"1,94 €",48.0,12.0,3.0,8.0,sí,0.9612526355466268,6420.0,tarde,miércoles,distrito 5,4.7,6.0,4.0,07/05/2025
alta rotación,"3,06 €",45.0,24.0,22.0,35.0,sí,1.1103959297863082,25221.0,mañana,martes,distrito 6,-99.0,5.0,7.0,14/09/2025
rotación media,"1,93 €",35.0,15.0,12.0,42.0,sí,0.8879931087104499,17125.0,mañana,lunes,distrito 7,5.4,6.0,0.0,14/04/2025
LARGA ESTANCIA,"2,19 €",27.0,13.0,10.0,57.0,no,0.9644946081796619,12407.0,tarde,jueves,distrito 4,3.3,0.0,5.0,08/08/2025
larga estancia,"1,62 €",43.0,29.0,12.0,257.0,no,0.9828353940190517,16315.0,mañana,jueves,distrito 2,4.3,2.0,7.0,01/10/2025
alta rotación,"3,01 €",58.0,40.0,1.0,9.0,sí,0.8340372161556667,9077.0,mediodía,lunes,distrito 1,3.2,3.0,1.0,02/10/2025
  rotación media ,"3,28 €",12.0,8.0,5.0,88.0,no,0.45965894561543397,6745.0,mañana,sábado,distrito 1,4.1,0.0,5.0,20/06/2025
  rotación media ,"2,17 €",23.0,30.0,7.0,48.0,sí,0.9066866495706385,6913.0,tarde,sábado,distrito 8,1.2,3.0,8.0,24/08/2025
residentes,"1,65 €",43.0,43.0,8.0,76.0,sí,1.7104913510847073,7141.0,tarde,viernes,distrito 7,3.3,4.0,0.0,21/02/2025
residentes,"1,62 €",15.0,14.0,10.0,15.0,sí,1.0463385972032149,5429.0,mediodía,miércoles,distrito 4,3.9,5.0,1.0,02/03/2025
alta rotación,"1,24 €",37.0,21.0,0.0,60.0,sí,1.6594137628712682,9180.0,mediodía,lunes,distrito 8,3.9,4.0,4.0,27/01/2025
alta rotación,"2,21 €",45.0,37.0,5.0,25.0,sí,1.1760675306379083,14316.0,mañana,jueves,distrito 10,4.9,2.0,8.0,24/07/2025
alta rotación,"2,62 €",57.0,18.0,11.0,11.0,no,0.8494319371521479,7200.0,mañana,viernes,distrito 8,5.7,3.0,2.0,01/06/2025
rotación media,"2,38 €",16.0,33.0,2.0,16.0,sí,1.1480265236330518,1631.0,mediodía,viernes,distrito 9,5.1,3.0,5.0,13/03/2025
alta rotación,"1,35 €",50.0,24.0,63.0,10.0,no,2.08492496304851,8660.0,mañana,lunes,distrito 11,6.1,2.0,1.0,27/06/2025
rotación media,"1,66 €",47.0,16.0,27.0,30.0,no,1.4490752417297228,6352.0,mañana,miércoles,distrito 7,3.7,4.0,1.0,27/09/2025
alta rotacion,"2,16 €",12.0,17.0,0.0,13.0,sí,0.7105541122288949,8668.0,tarde,sábado,distrito 1,3.7,3.0,6.0,10/03/2025
rotación media,"1,73 €",35.0,17.0,6.0,55.0,sí,1.1421847151623676,10651.0,tarde,viernes,distrito 3,2.6,2.0,5.0,25/07/2025
larga estancia,"2,52 €",12.0,4.0,16.0,51.0,no,1.0742853516387447,10059.0,tarde,viernes,distrito 4,2.7,0.0,4.0,03/03/2025
alta rotación,"1,42 €",53.0,20.0,22.0,90.0,no,1.3749555022493025,4250.0,mañana,martes,distrito 6,3.7,3.0,7.0,17/09/2025
residentes,"2,14 €",53.0,29.0,4.0,70.0,sí,0.6185261001509654,4637.0,tarde,sábado,distrito 11,2.9,6.0,1.0,19/07/2025
larga estancia,"0,50 €",27.0,5.0,0.0,47.0,sí,1.0116549906474643,6931.0,tarde,viernes,distrito 10,4.1,4.0,0.0,20/08/2025
rotacion media,"2,03 €",16.0,25.0,6.0,10.0,sí,1.5402617386559148,7465.0,mañana,jueves,distrito 6,2.5,0.0,5.0,15/02/2025
alta rotación,"2,08 €",36.0,23.0,20.0,104.0,sí,0.8997506973616355,20527.0,mañana,martes,distrito 3,2.8,3.0,0.0,02/02/2025
rotacion media,"2,81 €",11.0,67.0,0.0,16.0,sí,0.7221749137718388,11304.0,mañana,sábado,distrito 9,3.4,5.0,6.0,28/01/2025
rotación media,"3,05 €",25.0,11.0,83.0,72.0,no,1.353863772439841,7257.0,tarde,sábado,distrito 11,4.5,1.0,5.0,11/06/2025
larga estancia,"0,50 €",18.0,17.0,5.0,79.0,sí,1.7102310086090444,17108.0,mañana,martes,distrito 11,3.9,2.0,7.0,26/04/2025
larga estancia,"1,50 €",31.0,21.0,2.0,17.0,no,1.070811607447824,9048.0,mediodía,miércoles,distrito 4,1.9,0.0,5.0,24/02/2025
ROTACIÓN MEDIA,"2,19 €",44.0,7.0,14.0,77.0,sí,1.039527966617105,1795.0,mediodía,miércoles,distrito 7,3.2,6.0,4.0,02/07/2025
rotación media,"1,98 €",14.0,24.0,12.0,81.0,no,1.1716833740127615,26842.0,mañana,martes,distrito 11,5.0,1.0,3.0,19/01/2025
residentes,"2,48 €",36.0,45.0,23.0,27.0,sí,1.2949382555055287,2517.0,mediodía,viernes,distrito 3,-99.0,5.0,4.0,27/02/2025
ALTA ROTACIÓN,"0,97 €",36.0,25.0,3.0,22.0,sí,0.8018975153325558,8987.0,mañana,jueves,distrito 3,2.9,2.0,7.0,06/03/2025
residentes,"3,03 €",15.0,16.0,4.0,91.0,sí,0.7565246711235742,31356.0,mañana,jueves,distrito 10,4.1,3.0,2.0,17/04/2025
rotacion media,"1,31 €",36.0,11.0,8.0,34.0,sí,1.0371460052187975,10049.0,mañana,martes,distrito 9,1.9,6.0,3.0,23/07/2025
  rotación media ,"2,56 €",23.0,3.0,14.0,246.0,sí,0.457535877800169,3157.0,mañana,miércoles,distrito 8,2.8,5.0,6.0,21/04/2025
residentes,"2,25 €",9.0,50.0,1.0,82.0,no,1.5077917527489235,13534.0,mediodía,jueves,distrito 2,2.5,2.0,8.0,21/01/2025
alta rotación,"1,63 €",26.0,22.0,6.0,9.0,no,1.4458724757822161,28162.0,mañana,jueves,distrito 8,3.5,6.0,1.0,28/08/2025
rotación media,"2,64 €",34.0,10.0,4.0,23.0,no,0.37525750876997965,3689.0,tarde,lunes,distrito 10,2.3,5.0,2.0,30/06/2025
alta rotación,"1,93 €",38.0,27.0,10.0,9.0,no,1.8986469791784635,4837.0,mañana,lunes,distrito 10,1.5,4.0,8.0,28/06/2025
alta rotación,"2,14 €",35.0,11.0,0.0,64.0,sí,0.46776046715285957,10116.0,mañana,miércoles,distrito 5,3.5,5.0,6.0,07/10/2025
residentes,"3,59 €",19.0,5.0,12.0,24.0,sí,0.5278304770214258,3328.0,mañana,miércoles,distrito 6,4.0,2.0,7.0,17/08/2025
larga estancia,"1,85 €",17.0,8.0,22.0,8.0,no,1.3172614194582928,3296.0,mediodía,jueves,distrito 2,-99.0,6.0,0.0,08/04/2025
  residentes ,"1,93 €",14.0,40.0,1.0,19.0,sí,0.7310991481531899,14742.0,tarde,sábado,distrito 3,4.7,4.0,1.0,26/03/2025
alta rotación,"0,75 €",13.0,36.0,6.0,184.0,sí,1.6819312180120636,7426.0,tarde,sábado,distrito 7,4.9,0.0,2.0,09/05/2025
residentes,"1,45 €",49.0,16.0,15.0,99.0,sí,1.578966217972324,21714.0,tarde,martes,distrito 4,4.1,4.0,1.0,20/01/2025
  larga estancia ,"2,33 €",17.0,10.0,18.0,57.0,sí,0.6841467410997754,5486.0,mañana,sábado,distrito 11,2.0,6.0,7.0,26/08/2025
alta rotación,"2,02 €",16.0,18.0,24.0,18.0,sí,0.9493587177336771,11403.0,tarde,miércoles,distrito 5,3.3,4.0,7.0,06/05/2025
larga estancia,"2,13 €",45.0,9.0,11.0,43.0,no,0.9184977136357987,14302.0,mañana,viernes,distrito 11,2.4,0.0,1.0,27/04/2025
larga estancia,"1,88 €",16.0,11.0,26.0,58.0,sí,0.874506269991913,3314.0,mañana,lunes,distrito 9,4.3,4.0,4.0,23/07/2025
larga estancia,"1,56 €",21.0,20.0,5.0,105.0,no,1.079549059597897,13823.0,tarde,martes,distrito 1,1.6,6.0,7.0,19/08/2025
residentes,"1,54 €",16.0,14.0,0.0,23.0,sí,1.00839827776754,17603.0,tarde,miércoles,distrito 9,2.6,5.0,3.0,24/05/2025
residentes,"1,90 €",60.0,13.0,4.0,82.0,sí,0.8015516631265376,10053.0,mañana,miércoles,distrito 1,1.7,6.0,8.0,15/10/2025
rotación media,"3,15 €",35.0,18.0,0.0,49.0,sí,0.5746172664351533,22593.0,tarde,miércoles,distrito 10,3.9,0.0,8.0,07/09/2025
ALTA ROTACIÓN,"2,09 €",28.0,33.0,1.0,25.0,sí,0.8459350669215542,18409.0,mediodía,martes,distrito 2,1.8,3.0,3.0,01/07/2025
residentes,"1,18 €",18.0,18.0,7.0,191.0,sí,1.3366010130011505,13587.0,mañana,lunes,distrito 8,-99.0,0.0,7.0,08/02/2025
  larga estancia ,"1,90 €",24.0,51.0,0.0,63.0,no,0.6868547760323109,3902.0,tarde,miércoles,distrito 11,2.2,2.0,0.0,08/06/2025
residentes,"2,55 €",42.0,8.0,24.0,101.0,sí,0.6387934107623511,12510.0,mediodía,martes,distrito 11,3.5,2.0,4.0,19/03/2025
alta rotacion,"2,27 €",58.0,8.0,19.0,135.0,sí,1.1779565445813145,17430.0,mediodía,viernes,distrito 6,3.5,6.0,5.0,15/09/2025
alta rotación,"1,41 €",7.0,22.0,34.0,61.0,sí,1.6038692760686426,16234.0,mañana,jueves,distrito 3,5.3,4.0,7.0,22/01/2025
rotación media,"2,83 €",7.0,15.0,2.0,19.0,sí,0.5928828840218359,10549.0,tarde,martes,distrito 7,2.7,1.0,0.0,04/09/2025
residentes,"1,92 €",22.0,38.0,10.0,35.0,sí,1.5317585377574425,23074.0,tarde,viernes,distrito 10,2.2,3.0,2.0,23/05/2025
larga estancia,"3,30 €",58.0,18.0,7.0,47.0,sí,0.46985245853797275,6224.0,mediodía,lunes,distrito 1,3.4,3.0,0.0,26/01/2025
ROTACIÓN MEDIA,"1,50 €",13.0,12.0,5.0,138.0,no,0.7231029163305068,9325.0,tarde,viernes,distrito 11,3.0,4.0,3.0,27/09/2025
residentes,"0,66 €",8.0,6.0,16.0,136.0,sí,1.2769170488752497,4124.0,tarde,sábado,distrito 10,3.2,0.0,7.0,19/07/2025
residentes,"1,91 €",24.0,18.0,15.0,36.0,no,1.3243768060604826,10307.0,mañana,jueves,distrito 6,2.5,0.0,6.0,11/01/2025
rotación media,"2,61 €",9.0,15.0,11.0,62.0,sí,0.9983051607323477,12665.0,tarde,viernes,distrito 10,1.0,3.0,1.0,28/06/2025
rotación media,"1,06 €",28.0,4.0,4.0,45.0,sí,0.97451966106666,14159.0,mediodía,miércoles,distrito 6,4.2,2.0,1.0,03/09/2025
larga estancia,"1,76 €",48.0,25.0,6.0,92.0,sí,0.8237331497549876,7795.0,mañana,martes,distrito 8,1.5,1.0,6.0,11/02/2025
residentes,"1,94 €",42.0,42.0,2.0,29.0,sí,1.0714493047632014,14545.0,mediodía,viernes,distrito 4,1.7,5.0,0.0,02/05/2025
  alta rotación ,"1,33 €",40.0,36.0,14.0,24.0,sí,1.5460564776117371,5202.0,tarde,miércoles,distrito 6,2.9,1.0,2.0,13/02/2025
  rotación media ,"0,91 €",14.0,21.0,7.0,86.0,sí,1.1075610295794096,6586.0,mediodía,jueves,distrito 3,3.4,5.0,6.0,29/10/2025
rotación media,"0,50 €",26.0,19.0,6.0,34.0,no,2.0391352654234742,3799.0,mañana,sábado,distrito 11,2.3,3.0,4.0,15/03/2025
rotación media,"1,47 €",33.0,8.0,0.0,33.0,sí,0.841081386742636,2736.0,mañana,viernes,distrito 6,4.9,2.0,1.0,29/10/2025
  rotación media ,"1,90 €",13.0,57.0,13.0,74.0,no,1.7716136194173582,5440.0,tarde,sábado,distrito 8,-99.0,2.0,6.0,21/07/2025
alta rotación,"2,20 €",55.0,3.0,0.0,154.0,sí,0.7025073952161281,5978.0,tarde,viernes,distrito 11,2.7,2.0,8.0,18/06/2025
residentes,"1,05 €",59.0,22.0,0.0,64.0,no,1.1946251441814102,7230.0,mañana,sábado,distrito 9,3.4,5.0,8.0,01/04/2025
larga estancia,"2,15 €",15.0,14.0,4.0,93.0,sí,0.47048146504177174,35096.0,mediodía,sábado,distrito 4,1.6,3.0,5.0,16/09/2025
residentes,"3,07 €",47.0,7.0,15.0,50.0,sí,0.8341150377879839,13267.0,mañana,viernes,distrito 8,2.8,6.0,3.0,02/10/2025
alta rotación,"2,45 €",50.0,37.0,31.0,32.0,sí,1.1392290835958279,19271.0,mediodía,sábado,distrito 7,4.2,5.0,6.0,16/07/2025
rotacion media,"2,18 €",37.0,33.0,20.0,20.0,sí,1.3747680668936522,19410.0,mañana,sábado,distrito 5,4.9,2.0,4.0,18/07/2025
residentes,"1,02 €",24.0,11.0,2.0,2.0,sí,1.5021869536735548,14005.0,mañana,miércoles,distrito 1,3.8,0.0,3.0,03/02/2025
rotación media,"2,68 €",35.0,11.0,7.0,54.0,sí,0.966462807767737,10753.0,mañana,viernes,distrito 6,1.3,0.0,1.0,27/06/2025
residentes,"2,84 €",41.0,32.0,20.0,117.0,no,1.0550495814021115,4638.0,tarde,viernes,distrito 10,1.4,3.0,0.0,20/07/2025
rotación media,"2,02 €",27.0,20.0,20.0,3.0,sí,1.2362278494433847,1947.0,mañana,lunes,distrito 5,2.5,3.0,3.0,09/09/2025
rotación media,"3,27 €",32.0,10.0,31.0,108.0,sí,0.5130874741148765,7846.0,mediodía,viernes,distrito 11,1.4,1.0,6.0,29/03/2025
  larga estancia ,"2,31 €",35.0,33.0,0.0,58.0,sí,0.27614671201023305,11016.0,tarde,miércoles,distrito 8,3.5,5.0,8.0,26/03/2025
larga estancia,"0,95 €",25.0,44.0,0.0,41.0,sí,0.9118742524852733,7782.0,mediodía,miércoles,distrito 2,5.0,4.0,7.0,20/05/2025
larga estancia,"2,44 €",29.0,31.0,4.0,31.0,sí,1.0029495738582561,2764.0,mañana,lunes,distrito 8,3.6,0.0,5.0,28/07/2025
alta rotación,"3,33 €",12.0,56.0,4.0,64.0,sí,1.0466938984065033,9349.0,mañana,lunes,distrito 2,5.1,0.0,7.0,18/10/2025
rotacion media,"3,07 €",54.0,27.0,9.0,40.0,no,0.6627049343719047,6314.0,tarde,sábado,distrito 7,1.7,0.0,4.0,20/06/2025
  larga estancia ,"3,25 €",9.0,10.0,33.0,2.0,sí,0.8297441988618796,3881.0,tarde,lunes,distrito 8,3.4,3.0,2.0,17/01/2025
  alta rotación ,"2,31 €",33.0,4.0,15.0,25.0,no,1.239829087320104,28697.0,mediodía,sábado,distrito 10,1.0,4.0,2.0,19/06/2025
rotacion media,"2,50 €",42.0,24.0,7.0,61.0,sí,0.8026760177114067,7827.0,tarde,martes,distrito 10,3.2,3.0,1.0,10/05/2025
larga estancia,"1,94 €",32.0,7.0,4.0,5.0,no,1.1257328310616976,6348.0,mañana,miércoles,distrito 3,2.5,1.0,0.0,16/02/2025
  residentes ,"3,46 €",31.0,28.0,2.0,83.0,sí,0.7662825609618644,6978.0,mediodía,miércoles,distrito 4,4.3,2.0,6.0,07/09/2025
rotación media,"0,86 €",11.0,4.0,39.0,72.0,sí,1.6812643185124072,6290.0,mañana,sábado,distrito 1,0.8,6.0,5.0,05/09/2025
larga estancia,"1,17 €",9.0,10.0,20.0,4.0,sí,1.4649274770480538,7295.0,mañana,lunes,distrito 6,4.2,1.0,2.0,16/10/2025
alta rotacion,"1,66 €",44.0,16.0,4.0,65.0,no,1.5576176339386496,4022.0,mañana,jueves,distrito 9,2.2,0.0,0.0,27/08/2025
residentes,"1,46 €",31.0,43.0,1.0,10.0,sí,1.1778082814623365,6270.0,mañana,martes,distrito 7,0.9,4.0,5.0,18/08/2025
alta rotación,"1,84 €",43.0,8.0,0.0,287.0,sí,0.6599078588175148,11665.0,tarde,martes,distrito 9,2.7,1.0,3.0,21/09/2025
  rotación media ,"2,26 €",27.0,3.0,7.0,75.0,no,0.24650486624353762,3467.0,mañana,miércoles,distrito 3,3.4,0.0,7.0,21/08/2025
rotación media,"2,42 €",38.0,20.0,9.0,95.0,sí,0.8963402137557982,8444.0,mediodía,martes,distrito 5,-99.0,2.0,5.0,12/02/2025
rotación media,"1,99 €",58.0,13.0,2.0,39.0,no,0.7785613295043361,12073.0,mediodía,martes,distrito 11,4.5,3.0,4.0,06/09/2025
rotación media,"2,79 €",47.0,20.0,5.0,19.0,no,0.9657987542642217,4405.0,tarde,miércoles,distrito 2,0.8,0.0,1.0,19/03/2025
ROTACIÓN MEDIA,"2,87 €",30.0,22.0,2.0,50.0,sí,0.5519098283857169,7529.0,mañana,jueves,distrito 10,2.8,3.0,2.0,28/09/2025
alta rotación,"1,45 €",38.0,8.0,35.0,79.0,sí,1.0968429058637483,3194.0,mañana,lunes,distrito 5,2.3,3.0,3.0,22/01/2025
rotación media,"1,20 €",27.0,24.0,28.0,175.0,no,1.8380236841153428,6622.0,mediodía,martes,distrito 1,3.8,5.0,0.0,20/08/2025
rotación media,"3,10 €",29.0,15.0,7.0,59.0,sí,0.6010532460336981,36248.0,mañana,sábado,distrito 9,3.8,6.0,7.0,14/07/2025
residentes,"1,87 €",16.0,17.0,9.0,145.0,sí,1.0366516779180965,7405.0,mediodía,jueves,distrito 6,3.8,4.0,5.0,30/03/2025
rotación media,"2,15 €",26.0,20.0,17.0,112.0,no,1.3168069754810334,10558.0,mañana,martes,distrito 3,0.8,1.0,0.0,13/01/2025
alta rotacion,"2,31 €",49.0,34.0,2.0,26.0,no,0.9079134960734107,8434.0,mañana,jueves,distrito 1,5.8,3.0,0.0,20/02/2025
alta rotación,"2,52 €",29.0,9.0,3.0,63.0,no,1.163062825968717,6916.0,tarde,viernes,distrito 2,-99.0,1.0,0.0,12/01/2025
RESIDENTES,"0,95 €",25.0,29.0,9.0,7.0,sí,1.6734961104975612,10975.0,mañana,lunes,distrito 11,4.6,4.0,5.0,07/01/2025
rotación media,"1,40 €",55.0,32.0,16.0,63.0,sí,1.698048939854091,14606.0,tarde,miércoles,distrito 10,3.2,0.0,8.0,07/03/2025
alta rotación,"3,10 €",55.0,8.0,25.0,85.0,no,1.0905987786875841,19444.0,mediodía,viernes,distrito 7,3.6,5.0,6.0,31/03/2025
  residentes ,"1,15 €",39.0,13.0,2.0,67.0,sí,0.8713975618177943,2596.0,tarde,jueves,distrito 6,1.7,1.0,0.0,20/04/2025
ROTACIÓN MEDIA,"3,95 €",53.0,16.0,3.0,57.0,sí,0.18468293614707848,9848.0,tarde,sábado,distrito 2,4.0,1.0,2.0,18/02/2025
ALTA ROTACIÓN,"2,58 €",12.0,6.0,0.0,5.0,no,0.5425598575526109,4361.0,mañana,martes,distrito 9,1.6,5.0,2.0,09/02/2025
residentes,"1,61 €",41.0,9.0,4.0,169.0,sí,0.7911698045937513,6423.0,mediodía,sábado,distrito 7,2.6,4.0,5.0,30/10/2025
rotacion media,"2,26 €",34.0,22.0,2.0,95.0,sí,0.6508336801933037,8392.0,mañana,miércoles,distrito 5,3.0,3.0,1.0,27/03/2025
  larga estancia ,"1,76 €",38.0,22.0,13.0,28.0,no,1.4556250529398536,7741.0,mediodía,martes,distrito 7,1.8,0.0,4.0,02/02/2025
alta rotación,"1,95 €",15.0,16.0,0.0,28.0,no,0.5111219756105769,14352.0,tarde,miércoles,distrito 5,4.9,3.0,8.0,13/01/2025
rotación media,"1,82 €",55.0,9.0,35.0,110.0,sí,1.27192201827281,5648.0,mañana,jueves,distrito 1,6.4,0.0,3.0,10/09/2025
LARGA ESTANCIA,"1,29 €",54.0,44.0,1.0,48.0,sí,0.6746306755011782,2197.0,tarde,lunes,distrito 1,2.8,1.0,7.0,24/09/2025
residentes,"1,33 €",17.0,21.0,10.0,38.0,no,1.3614093756559393,20355.0,mañana,miércoles,distrito 2,3.6,2.0,6.0,13/05/2025
residentes,"1,57 €",32.0,9.0,10.0,203.0,sí,1.4111588185671304,2360.0,mañana,viernes,distrito 3,4.8,3.0,0.0,29/04/2025
residentes,"0,86 €",43.0,18.0,3.0,105.0,sí,1.2435049297653935,2131.0,mediodía,jueves,distrito 5,3.8,1.0,7.0,07/03/2025
  alta rotación ,"1,36 €",57.0,16.0,3.0,9.0,no,1.1513336448512241,6362.0,mañana,jueves,distrito 1,3.0,2.0,4.0,23/07/2025
residentes,"1,62 €",33.0,4.0,15.0,131.0,sí,1.0076546714375416,8989.0,mañana,martes,distrito 2,2.5,6.0,5.0,18/02/2025
LARGA ESTANCIA,"2,67 €",10.0,16.0,34.0,41.0,sí,1.1751770685986935,11537.0,mediodía,lunes,distrito 1,1.8,4.0,5.0,05/02/2025
residentes,"1,85 €",30.0,17.0,3.0,62.0,sí,0.7762026899195045,16440.0,mediodía,viernes,distrito 11,2.7,5.0,3.0,22/04/2025
  residentes ,"2,42 €",49.0,6.0,2.0,63.0,sí,0.6458691136601971,11008.0,tarde,lunes,distrito 8,3.9,1.0,6.0,11/04/2025
alta rotación,"2,99 €",34.0,30.0,24.0,56.0,sí,1.3201291119296963,9239.0,tarde,lunes,distrito 8,3.7,5.0,2.0,26/07/2025
alta rotación,"1,15 €",60.0,7.0,20.0,6.0,sí,1.5209513854733212,3974.0,mediodía,martes,distrito 7,4.0,0.0,1.0,20/09/2025
rotación media,"1,20 €",48.0,6.0,34.0,164.0,no,1.6450285492891439,16533.0,mediodía,sábado,distrito 8,5.4,6.0,4.0,17/08/2025
residentes,"2,31 €",22.0,6.0,10.0,34.0,no,0.5686735868673798,15918.0,mañana,martes,distrito 3,1.6,6.0,1.0,12/01/2025
residentes,"2,58 €",10.0,18.0,17.0,29.0,sí,0.8675639035952125,5739.0,mañana,jueves,distrito 3,6.6,3.0,4.0,16/08/2025
larga estancia,"2,51 €",34.0,21.0,6.0,40.0,sí,0.784501225049171,9103.0,mañana,sábado,distrito 10,1.8,0.0,0.0,17/01/2025
alta rotación,"2,18 €",24.0,4.0,17.0,104.0,sí,0.527730961696355,3278.0,mediodía,martes,distrito 11,4.6,2.0,6.0,19/01/2025
residentes,"2,22 €",51.0,12.0,1.0,41.0,no,0.9775731981102986,2993.0,mediodía,lunes,distrito 4,3.0,6.0,6.0,21/10/2025
alta rotacion,"2,72 €",24.0,24.0,15.0,27.0,sí,0.948189736792731,5842.0,mañana,lunes,distrito 6,1.6,0.0,0.0,05/03/2025
alta rotación,"2,80 €",32.0,16.0,5.0,164.0,sí,0.4906169273300791,13941.0,mañana,martes,distrito 8,1.0,6.0,3.0,14/09/2025
rotación media,"2,11 €",7.0,4.0,2.0,45.0,no,0.5919713558396188,5038.0,tarde,martes,distrito 8,4.0,5.0,1.0,24/03/2025
rotacion media,"1,77 €",35.0,17.0,10.0,52.0,sí,1.5358004545386863,42508.0,tarde,sábado,distrito 3,2.9,3.0,8.0,04/02/2025
rotación media,"1,80 €",6.0,5.0,2.0,31.0,sí,0.7846465858667323,11445.0,mañana,martes,distrito 3,1.1,6.0,2.0,07/03/2025
ROTACIÓN MEDIA,"1,66 €",17.0,13.0,3.0,13.0,sí,1.2782838960488687,4638.0,mañana,viernes,distrito 4,3.0,3.0,5.0,20/02/2025
ALTA ROTACIÓN,"2,40 €",46.0,8.0,3.0,35.0,sí,0.7692541790678826,12795.0,mañana,lunes,distrito 7,1.5,1.0,4.0,16/04/2025
larga estancia,"1,97 €",45.0,32.0,1.0,74.0,sí,0.7520816898211838,53964.0,mañana,jueves,distrito 6,2.0,1.0,2.0,30/09/2025
residentes,"2,88 €",24.0,13.0,23.0,179.0,no,1.4122605587077754,6225.0,mediodía,jueves,distrito 9,-99.0,1.0,5.0,11/08/2025
residentes,"3,45 €",31.0,16.0,4.0,76.0,sí,0.5188322352393107,4604.0,mediodía,viernes,distrito 8,5.8,1.0,3.0,29/06/2025
alta rotación,"2,53 €",26.0,17.0,19.0,15.0,no,1.1641702632081161,10167.0,tarde,martes,distrito 2,1.6,4.0,7.0,24/07/2025
alta rotación,"3,06 €",8.0,23.0,19.0,84.0,sí,0.5035860197753244,4768.0,mediodía,martes,distrito 9,4.7,3.0,5.0,17/07/2025
larga estancia,"1,16 €",47.0,5.0,2.0,76.0,sí,1.0421252511822336,5934.0,mediodía,miércoles,distrito 4,3.7,4.0,3.0,30/07/2025
larga estancia,"2,83 €",39.0,2.0,3.0,12.0,no,0.590217237007666,5661.0,mañana,miércoles,distrito 10,3.4,2.0,0.0,22/01/2025
residentes,"1,94 €",57.0,28.0,26.0,102.0,sí,1.3176176458155147,3682.0,tarde,lunes,distrito 6,1.8,3.0,1.0,15/05/2025
larga estancia,"2,56 €",37.0,32.0,0.0,49.0,sí,0.7079325740118818,8952.0,mediodía,viernes,distrito 5,3.3,4.0,6.0,19/01/2025
larga estancia,"2,43 €",23.0,31.0,12.0,17.0,sí,1.2306233844294456,14034.0,mediodía,martes,distrito 11,3.5,2.0,8.0,20/02/2025
  rotación media ,"1,48 €",26.0,23.0,2.0,76.0,no,1.3703313708037976,11310.0,mañana,lunes,distrito 8,3.7,4.0,7.0,11/09/2025
rotación media,"3,37 €",38.0,5.0,11.0,46.0,sí,0.7692360530289288,19526.0,mañana,martes,distrito 3,3.4,0.0,5.0,25/08/2025
larga estancia,"0,50 €",32.0,24.0,4.0,99.0,sí,1.5382304666674407,5234.0,mediodía,martes,distrito 1,2.8,1.0,4.0,25/02/2025
ROTACIÓN MEDIA,"2,10 €",7.0,25.0,0.0,34.0,sí,0.9620550553773888,9725.0,mañana,viernes,distrito 5,3.5,4.0,6.0,19/07/2025
rotación media,"2,00 €",46.0,8.0,6.0,46.0,sí,0.7880997487218732,2639.0,mañana,jueves,distrito 4,-99.0,6.0,1.0,25/09/2025
alta rotación,"1,05 €",55.0,27.0,8.0,62.0,sí,1.689182065064996,12183.0,mañana,jueves,distrito 5,4.0,1.0,6.0,15/04/2025
alta rotación,"2,61 €",9.0,42.0,2.0,64.0,no,0.8986295009367854,3714.0,mediodía,lunes,distrito 3,2.0,4.0,7.0,07/02/2025
larga estancia,"1,97 €",58.0,21.0,15.0,42.0,sí,1.2134251149414534,5870.0,mañana,martes,distrito 6,1.2,4.0,2.0,31/01/2025
LARGA ESTANCIA,"2,16 €",20.0,21.0,28.0,105.0,sí,1.0696388124804546,4314.0,mañana,martes,distrito 10,2.4,4.0,6.0,26/05/2025
larga estancia,"3,34 €",35.0,3.0,33.0,59.0,sí,0.4209105908783577,13826.0,mañana,viernes,distrito 11,4.0,1.0,3.0,15/03/2025
alta rotación,"2,34 €",25.0,9.0,9.0,15.0,sí,0.5472745297127484,2661.0,tarde,miércoles,distrito 4,2.8,5.0,2.0,25/09/2025
ROTACIÓN MEDIA,"1,81 €",35.0,8.0,0.0,46.0,sí,0.6809557138017064,3997.0,mañana,jueves,distrito 2,2.1,2.0,0.0,26/05/2025
larga estancia,"1,18 €",31.0,24.0,11.0,62.0,sí,1.0825343665981775,8569.0,mediodía,sábado,distrito 6,5.1,1.0,2.0,27/10/2025
alta rotacion,"1,07 €",21.0,45.0,15.0,173.0,sí,1.701906932023206,9122.0,mediodía,martes,distrito 4,2.7,1.0,8.0,03/06/2025
rotación media,"2,40 €",50.0,29.0,7.0,21.0,no,1.4710100012220426,22932.0,mediodía,sábado,distrito 11,3.1,0.0,0.0,02/06/2025
alta rotación,"1,43 €",47.0,27.0,4.0,46.0,sí,1.3134736126315438,4364.0,tarde,sábado,distrito 2,4.1,4.0,2.0,12/01/2025
alta rotación,"1,88 €",53.0,12.0,7.0,198.0,sí,1.2312777062844757,33919.0,mañana,martes,distrito 4,2.7,4.0,1.0,10/10/2025
rotación media,"1,23 €",16.0,14.0,39.0,4.0,sí,1.7184204276041823,6150.0,mañana,sábado,distrito 5,2.1,6.0,4.0,11/08/2025
  alta rotación ,"1,28 €",20.0,49.0,15.0,17.0,sí,1.5591294078512201,7933.0,tarde,martes,distrito 2,2.5,4.0,3.0,05/03/2025
  residentes ,"2,56 €",44.0,37.0,10.0,22.0,sí,1.164890911187419,4879.0,mediodía,viernes,distrito 1,2.3,6.0,7.0,01/04/2025
  rotación media ,"2,36 €",33.0,4.0,1.0,170.0,no,0.5309576105784695,4416.0,tarde,martes,distrito 10,3.4,1.0,6.0,26/08/2025
larga estancia,"2,28 €",21.0,28.0,21.0,54.0,sí,0.9910323669511847,7667.0,mediodía,viernes,distrito 6,5.7,1.0,2.0,30/08/2025
alta rotación,"2,80 €",29.0,26.0,8.0,45.0,sí,0.6069156729223202,11178.0,mañana,jueves,distrito 8,2.6,6.0,8.0,17/03/2025
residentes,"2,22 €",24.0,38.0,0.0,133.0,sí,0.5602761181602418,3537.0,mañana,martes,distrito 9,2.2,0.0,1.0,24/02/2025
RESIDENTES,"2,27 €",58.0,9.0,11.0,13.0,no,0.9682159340140305,8694.0,mediodía,miércoles,distrito 7,2.5,3.0,7.0,12/02/2025
RESIDENTES,"3,89 €",39.0,6.0,33.0,73.0,sí,0.7458548855769598,7934.0,tarde,jueves,distrito 6,3.4,4.0,2.0,08/07/2025
rotación media,"1,45 €",52.0,29.0,9.0,169.0,no,1.4011611074070502,19127.0,tarde,viernes,distrito 8,3.3,3.0,4.0,20/08/2025
larga estancia,"2,79 €",57.0,16.0,2.0,37.0,sí,0.40586354168403904,13029.0,mañana,lunes,distrito 3,2.2,2.0,3.0,31/08/2025
residentes,"1,93 €",48.0,19.0,20.0,91.0,sí,1.0771366208612194,16069.0,tarde,viernes,distrito 9,7.4,0.0,2.0,23/09/2025
residentes,"1,73 €",23.0,59.0,2.0,26.0,no,1.628605315688215,8507.0,mediodía,lunes,distrito 10,-99.0,6.0,7.0,15/01/2025
larga estancia,"1,98 €",6.0,12.0,0.0,41.0,no,0.8849194199134192,9020.0,tarde,sábado,distrito 3,6.8,5.0,8.0,21/07/2025
residentes,"2,03 €",16.0,2.0,18.0,4.0,sí,1.0150305691123145,7419.0,mediodía,viernes,distrito 9,4.6,3.0,1.0,28/05/2025
  rotación media ,"2,22 €",59.0,11.0,17.0,58.0,no,1.6822445759836384,24302.0,mañana,lunes,distrito 6,1.5,0.0,2.0,06/04/2025
rotación media,"1,03 €",59.0,11.0,12.0,50.0,no,1.2016919483946884,8416.0,mediodía,jueves,distrito 11,0.8,2.0,1.0,30/07/2025
larga estancia,"2,32 €",41.0,15.0,5.0,23.0,sí,0.6595985043373933,11512.0,mediodía,lunes,distrito 2,2.9,2.0,2.0,24/08/2025
residentes,"0,80 €",26.0,44.0,8.0,212.0,no,1.607549265871687,4604.0,mañana,miércoles,distrito 8,3.9,1.0,2.0,03/09/2025
alta rotacion,"2,02 €",10.0,18.0,1.0,79.0,no,0.7619880130686978,13909.0,mediodía,lunes,distrito 11,3.1,3.0,5.0,21/03/2025
RESIDENTES,"2,43 €",18.0,8.0,8.0,74.0,sí,0.9155218563339723,6429.0,tarde,miércoles,distrito 3,6.3,2.0,0.0,16/02/2025
larga estancia,"2,94 €",47.0,11.0,7.0,8.0,sí,0.5802444202060624,10816.0,mañana,miércoles,distrito 1,1.6,3.0,1.0,11/10/2025
larga estancia,"1,16 €",21.0,9.0,0.0,104.0,sí,0.3119443586440103,5260.0,mañana,miércoles,distrito 11,3.8,3.0,7.0,19/02/2025
rotación media,"0,94 €",6.0,14.0,5.0,124.0,sí,1.0936124449077549,10331.0,mañana,miércoles,distrito 4,4.3,0.0,7.0,06/02/2025
rotación media,"2,78 €",14.0,12.0,4.0,68.0,sí,0.6992993690658391,4511.0,tarde,lunes,distrito 6,1.9,5.0,6.0,05/09/2025
ALTA ROTACIÓN,"1,75 €",43.0,16.0,25.0,36.0,sí,1.403398833342076,11206.0,mediodía,lunes,distrito 9,3.7,6.0,2.0,04/09/2025
larga estancia,"1,23 €",39.0,22.0,12.0,22.0,sí,0.5528058624397135,4168.0,mediodía,sábado,distrito 2,3.1,6.0,8.0,12/06/2025
rotación media,"1,17 €",29.0,18.0,0.0,68.0,sí,1.0542602943072088,3338.0,tarde,jueves,distrito 10,4.2,0.0,0.0,18/08/2025
residentes,"3,36 €",7.0,15.0,15.0,28.0,no,0.8205056581042998,3513.0,mañana,martes,distrito 6,0.8,6.0,8.0,14/04/2025
rotación media,"2,70 €",17.0,13.0,5.0,16.0,sí,1.3037467635351814,7324.0,mañana,miércoles,distrito 8,4.2,6.0,4.0,28/06/2025
larga estancia,"2,57 €",31.0,8.0,5.0,26.0,sí,0.5361051196076465,8110.0,tarde,jueves,distrito 1,4.5,0.0,4.0,05/07/2025
alta rotación,"2,84 €",55.0,18.0,0.0,31.0,sí,0.4606063226661529,11728.0,mediodía,viernes,distrito 8,3.2,3.0,5.0,20/08/2025
  rotación media ,"2,16 €",58.0,12.0,5.0,29.0,sí,1.0916811950736371,66090.0,tarde,martes,distrito 9,0.8,3.0,6.0,29/07/2025
alta rotación,"2,29 €",48.0,15.0,36.0,50.0,sí,1.30690701398065,8144.0,tarde,jueves,distrito 7,5.0,2.0,1.0,09/07/2025
rotación media,"2,43 €",23.0,48.0,0.0,6.0,no,0.9281574941564498,5022.0,tarde,miércoles,distrito 4,2.7,0.0,2.0,23/06/2025
  alta rotación ,"2,18 €",52.0,27.0,11.0,29.0,no,1.5305563962193653,6185.0,mañana,jueves,distrito 3,2.5,3.0,6.0,25/04/2025
larga estancia,"3,24 €",30.0,49.0,12.0,113.0,sí,0.7538464103218928,2078.0,mediodía,martes,distrito 7,2.8,4.0,5.0,20/02/2025
rotación media,"2,69 €",25.0,9.0,19.0,9.0,sí,0.9125449869772833,6693.0,tarde,miércoles,distrito 1,6.2,6.0,5.0,30/07/2025
  residentes ,"2,49 €",12.0,32.0,15.0,48.0,sí,1.012175142831085,16177.0,tarde,lunes,distrito 3,4.0,2.0,3.0,09/01/2025
LARGA ESTANCIA,"3,52 €",59.0,22.0,7.0,39.0,sí,0.48107211449576415,23682.0,mediodía,viernes,distrito 3,4.0,3.0,1.0,11/08/2025
alta rotación,"2,99 €",11.0,50.0,4.0,172.0,sí,0.7544237698777257,8309.0,tarde,viernes,distrito 4,1.7,6.0,8.0,18/09/2025
  larga estancia ,"3,34 €",51.0,21.0,5.0,27.0,sí,0.40546003974604555,18634.0,tarde,miércoles,distrito 5,0.8,5.0,5.0,10/05/2025
larga estancia,"2,20 €",40.0,34.0,7.0,17.0,sí,1.097584296846943,9327.0,mañana,miércoles,distrito 9,4.5,1.0,5.0,11/04/2025
alta rotación,"2,85 €",39.0,31.0,3.0,19.0,sí,0.9341220223405453,17047.0,mañana,jueves,distrito 8,-99.0,2.0,2.0,20/09/2025
ROTACIÓN MEDIA,"1,99 €",36.0,14.0,0.0,79.0,sí,0.4454243204325224,10661.0,tarde,viernes,distrito 1,5.3,2.0,5.0,09/05/2025
rotación media,"3,00 €",31.0,13.0,14.0,170.0,sí,0.5327117323354289,8585.0,mediodía,lunes,distrito 9,2.8,6.0,7.0,20/03/2025
rotación media,"3,44 €",47.0,19.0,4.0,23.0,sí,0.9021856192962281,41571.0,mañana,lunes,distrito 7,3.8,1.0,0.0,28/09/2025
rotación media,"2,61 €",6.0,35.0,7.0,223.0,sí,0.6099574621800645,5993.0,mañana,miércoles,distrito 7,1.4,5.0,1.0,15/02/2025
  larga estancia ,"1,99 €",13.0,0.0,5.0,22.0,no,0.33056729261888174,2014.0,mañana,viernes,distrito 8,2.1,1.0,4.0,20/08/2025
rotación media,"1,58 €",46.0,15.0,9.0,66.0,no,1.5180959242020486,11976.0,tarde,lunes,distrito 3,4.7,0.0,4.0,24/01/2025
alta rotación,"1,40 €",24.0,22.0,11.0,319.0,no,1.5287514731093796,32756.0,tarde,martes,distrito 8,3.7,6.0,1.0,14/07/2025
alta rotación,"2,45 €",29.0,6.0,11.0,51.0,no,0.9790947028054029,12375.0,mañana,jueves,distrito 4,2.3,4.0,6.0,12/10/2025
alta rotación,"2,99 €",28.0,13.0,3.0,56.0,sí,0.8254314006725434,3817.0,mañana,jueves,distrito 1,3.6,1.0,3.0,16/08/2025
alta rotación,"2,50 €",19.0,40.0,8.0,158.0,sí,0.7009966691772211,6363.0,tarde,sábado,distrito 10,3.0,2.0,6.0,30/04/2025
alta rotación,"1,76 €",28.0,19.0,0.0,25.0,sí,0.8648662641359992,3408.0,mañana,miércoles,distrito 5,2.9,1.0,2.0,28/04/2025
rotación media,"2,01 €",25.0,20.0,2.0,37.0,no,1.2678516778370512,7702.0,mañana,sábado,distrito 4,3.3,2.0,6.0,17/02/2025
larga estancia,"2,95 €",22.0,41.0,9.0,50.0,sí,0.6183315600078216,4441.0,mediodía,miércoles,distrito 3,4.9,6.0,8.0,05/06/2025
larga estancia,"1,60 €",60.0,24.0,2.0,59.0,sí,0.8845752915171875,4967.0,mañana,viernes,distrito 7,4.1,5.0,3.0,05/02/2025
rotación media,"1,09 €",11.0,18.0,2.0,2.0,sí,1.6632830065228652,19356.0,tarde,viernes,distrito 4,4.7,6.0,8.0,29/09/2025
rotación media,"1,27 €",33.0,44.0,0.0,110.0,sí,1.5163236183682118,12908.0,mañana,martes,distrito 4,4.2,6.0,2.0,11/04/2025
alta rotación,"0,65 €",49.0,36.0,30.0,65.0,sí,2.0006211834103724,41474.0,mañana,viernes,distrito 5,2.6,6.0,2.0,28/07/2025
ROTACIÓN MEDIA,"2,42 €",41.0,9.0,8.0,131.0,sí,0.3437962847545418,6614.0,tarde,jueves,distrito 8,2.5,4.0,2.0,16/02/2025
rotación media,"1,67 €",58.0,2.0,3.0,60.0,sí,0.9244784045256769,7696.0,mañana,viernes,distrito 3,4.4,2.0,8.0,14/04/2025
RESIDENTES,"2,38 €",6.0,46.0,0.0,1.0,sí,1.0404569413705167,11155.0,mañana,martes,distrito 5,1.7,1.0,4.0,07/05/2025
alta rotación,"1,95 €",41.0,38.0,5.0,10.0,sí,1.239656798651982,12025.0,mañana,viernes,distrito 4,5.7,2.0,7.0,01/03/2025
residentes,"3,23 €",42.0,7.0,30.0,31.0,sí,0.9342168247797834,11822.0,mediodía,viernes,distrito 11,0.9,0.0,2.0,22/08/2025
rotación media,"0,96 €",16.0,43.0,2.0,79.0,no,1.878428506753026,5893.0,mañana,sábado,distrito 9,-99.0,0.0,4.0,04/09/2025
residentes,"1,50 €",52.0,36.0,4.0,46.0,sí,1.104419266221463,13416.0,mediodía,lunes,distrito 1,4.2,1.0,7.0,28/01/2025
  rotación media ,"3,50 €",39.0,5.0,2.0,100.0,sí,0.4458110426600449,8639.0,mediodía,martes,distrito 11,2.8,0.0,6.0,28/07/2025
alta rotación,"2,73 €",23.0,45.0,20.0,182.0,sí,0.932843935093493,7930.0,tarde,sábado,distrito 9,-99.0,1.0,8.0,25/02/2025
rotación media,"1,59 €",48.0,21.0,22.0,34.0,sí,1.474970862781777,2558.0,tarde,viernes,distrito 1,6.6,1.0,6.0,16/07/2025
larga estancia,"2,06 €",56.0,8.0,15.0,88.0,no,0.7322918709039878,4450.0,mañana,jueves,distrito 4,3.6,0.0,8.0,19/04/2025
larga estancia,"0,92 €",34.0,9.0,14.0,14.0,no,1.4488539539808534,7845.0,mañana,miércoles,distrito 7,4.2,5.0,2.0,05/03/2025
ALTA ROTACIÓN,"1,91 €",14.0,11.0,0.0,59.0,no,0.7424537107350825,13875.0,mediodía,viernes,distrito 5,1.9,1.0,5.0,27/06/2025
rotación media,"3,13 €",10.0,3.0,6.0,46.0,sí,0.5214630954553352,12279.0,tarde,jueves,distrito 11,2.8,0.0,5.0,22/05/2025
alta rotación,"2,72 €",60.0,1.0,2.0,68.0,sí,0.28209611260468836,2594.0,mañana,martes,distrito 10,4.7,4.0,2.0,07/05/2025
alta rotacion,"1,14 €",41.0,8.0,34.0,145.0,sí,1.4587062766643542,6385.0,mediodía,sábado,distrito 1,2.9,5.0,3.0,23/07/2025
rotación media,"3,04 €",27.0,22.0,2.0,116.0,sí,0.6362042924802503,4913.0,mediodía,jueves,distrito 11,2.4,2.0,3.0,03/09/2025
rotación media,"2,34 €",41.0,31.0,1.0,18.0,sí,0.728979348445973,15353.0,tarde,viernes,distrito 10,2.7,3.0,4.0,12/01/2025
residentes,"2,12 €",60.0,18.0,0.0,40.0,sí,0.6904916211752479,4814.0,mañana,sábado,distrito 1,4.2,0.0,8.0,12/02/2025
larga estancia,"3,49 €",17.0,6.0,36.0,19.0,no,0.993975428150977,14777.0,mediodía,viernes,distrito 11,-99.0,5.0,6.0,18/05/2025
rotación media,"1,82 €",47.0,9.0,10.0,12.0,sí,1.0562775614605147,16136.0,mañana,martes,distrito 7,0.8,1.0,7.0,26/03/2025
rotación media,"2,93 €",47.0,19.0,23.0,143.0,no,0.9675380387077339,8991.0,mañana,sábado,distrito 7,4.0,0.0,5.0,03/08/2025
alta rotación,"2,71 €",12.0,13.0,0.0,22.0,sí,0.6421207542471172,7593.0,mediodía,jueves,distrito 8,-99.0,6.0,7.0,29/09/2025
  larga estancia ,"1,04 €",6.0,15.0,4.0,39.0,sí,1.329679675549642,19809.0,mañana,lunes,distrito 4,3.3,6.0,3.0,14/01/2025
rotación media,"1,69 €",52.0,4.0,2.0,300.0,sí,0.5338759633646234,6173.0,tarde,jueves,distrito 6,3.7,5.0,1.0,21/08/2025
larga estancia,"1,86 €",45.0,39.0,27.0,14.0,sí,1.3588035114989718,11469.0,tarde,sábado,distrito 4,1.8,5.0,7.0,09/05/2025
larga estancia,"2,47 €",52.0,12.0,4.0,23.0,sí,0.3828431867262841,23383.0,mañana,viernes,distrito 9,3.0,3.0,5.0,21/07/2025
residentes,"2,51 €",46.0,17.0,0.0,57.0,sí,0.4760382282513227,3077.0,mañana,miércoles,distrito 11,1.9,2.0,7.0,24/10/2025
  rotación media ,"2,36 €",52.0,40.0,17.0,0.0,sí,1.5304100112498518,37880.0,mediodía,miércoles,distrito 2,3.6,3.0,1.0,24/08/2025
rotación media,"1,01 €",24.0,10.0,0.0,81.0,no,1.086328939762705,3946.0,mediodía,martes,distrito 4,5.5,3.0,8.0,19/03/2025
rotacion media,"1,56 €",41.0,2.0,3.0,64.0,sí,0.8082205090253711,11869.0,mediodía,martes,distrito 5,2.6,1.0,4.0,13/10/2025
  rotación media ,"1,36 €",31.0,9.0,28.0,94.0,sí,1.673946022900997,5533.0,mañana,miércoles,distrito 6,3.0,5.0,4.0,24/07/2025
alta rotación,"2,57 €",6.0,17.0,35.0,85.0,sí,1.0435734939312673,9195.0,mediodía,lunes,distrito 10,2.1,2.0,8.0,01/04/2025
residentes,"2,49 €",56.0,18.0,0.0,81.0,sí,0.6267906227626108,7175.0,mañana,lunes,distrito 3,4.7,5.0,5.0,23/05/2025
larga estancia,"2,36 €",23.0,1.0,0.0,74.0,sí,0.20087840636724436,11399.0,mañana,martes,distrito 1,3.7,4.0,5.0,07/06/2025
residentes,"1,96 €",26.0,58.0,0.0,30.0,sí,1.0153213704743242,6068.0,mañana,martes,distrito 3,2.6,6.0,0.0,24/04/2025
  alta rotación ,"3,00 €",16.0,9.0,1.0,81.0,sí,0.49922356818115743,10545.0,mediodía,sábado,distrito 7,0.8,3.0,0.0,07/04/2025
LARGA ESTANCIA,"1,50 €",28.0,9.0,10.0,30.0,sí,1.2702808613528123,10046.0,mañana,miércoles,distrito 5,2.3,1.0,4.0,30/10/2025
larga estancia,"2,29 €",42.0,5.0,0.0,13.0,sí,0.4292538685999606,13124.0,mediodía,viernes,distrito 4,-99.0,2.0,7.0,11/09/2025
larga estancia,"2,41 €",20.0,36.0,12.0,65.0,sí,0.5716419886238949,9027.0,mediodía,martes,distrito 1,2.4,5.0,0.0,29/05/2025
larga estancia,"3,06 €",59.0,10.0,13.0,72.0,sí,0.8001773748006182,8137.0,mañana,miércoles,distrito 11,3.6,3.0,1.0,26/01/2025
rotación media,"2,15 €",18.0,11.0,19.0,52.0,no,1.6276268017737745,37804.0,mañana,viernes,distrito 5,2.3,6.0,7.0,14/04/2025
larga estancia,"2,85 €",52.0,34.0,19.0,40.0,sí,1.0544871281442723,10410.0,tarde,viernes,distrito 4,4.3,1.0,7.0,18/06/2025
alta rotación,"1,57 €",40.0,25.0,16.0,48.0,sí,1.5240683873342509,13988.0,tarde,martes,distrito 7,4.1,0.0,8.0,31/05/2025
  rotación media ,"2,18 €",52.0,27.0,45.0,63.0,sí,1.3568696482119467,6641.0,tarde,sábado,distrito 4,4.3,6.0,2.0,10/03/2025
larga estancia,"2,61 €",20.0,3.0,31.0,112.0,sí,0.4754152556568506,14510.0,mañana,lunes,distrito 6,3.1,3.0,8.0,28/02/2025
rotación media,"1,42 €",49.0,16.0,2.0,17.0,sí,1.193486828495228,3304.0,mañana,martes,distrito 2,2.9,5.0,3.0,31/07/2025
rotacion media,"2,25 €",31.0,8.0,0.0,92.0,sí,0.46936349750378975,22715.0,mañana,sábado,distrito 11,2.4,4.0,0.0,17/08/2025
ROTACIÓN MEDIA,"1,54 €",9.0,16.0,2.0,15.0,no,1.260283934487054,24638.0,mediodía,viernes,distrito 2,2.7,1.0,7.0,14/10/2025
residentes,"2,48 €",23.0,9.0,9.0,52.0,sí,1.1868136455529132,26348.0,mañana,viernes,distrito 4,1.3,5.0,6.0,02/06/2025
ALTA ROTACIÓN,"1,70 €",37.0,14.0,45.0,66.0,sí,1.2356899985193064,7635.0,tarde,viernes,distrito 10,2.8,4.0,4.0,07/04/2025
larga estancia,"2,68 €",8.0,24.0,12.0,50.0,sí,0.7009583797423931,7271.0,tarde,sábado,distrito 5,4.8,5.0,4.0,13/08/2025
rotación media,"1,82 €",19.0,9.0,24.0,59.0,sí,0.6319921201296502,12639.0,mediodía,sábado,distrito 1,2.1,3.0,0.0,09/10/2025
residentes,"1,76 €",17.0,27.0,8.0,116.0,sí,1.170937188087653,15568.0,tarde,sábado,distrito 2,3.7,6.0,7.0,11/02/2025
ALTA ROTACIÓN,"2,66 €",53.0,22.0,6.0,77.0,sí,0.5974162176091814,5556.0,mediodía,martes,distrito 3,3.1,5.0,0.0,21/08/2025
alta rotación,"2,49 €",34.0,47.0,1.0,127.0,sí,0.5556190824424394,19722.0,mañana,miércoles,distrito 9,3.9,1.0,7.0,29/01/2025
alta rotación,"3,63 €",18.0,9.0,1.0,24.0,no,0.1845745450836197,4865.0,mañana,sábado,distrito 2,3.5,0.0,4.0,09/04/2025
residentes,"2,01 €",51.0,29.0,6.0,28.0,sí,1.3648803588372311,3926.0,mañana,martes,distrito 2,3.6,5.0,4.0,30/01/2025
residentes,"2,48 €",6.0,3.0,1.0,55.0,sí,0.3960356646438396,28411.0,tarde,jueves,distrito 10,5.0,0.0,1.0,27/02/2025
larga estancia,"2,43 €",6.0,7.0,1.0,150.0,sí,0.4243962132808834,7072.0,tarde,martes,distrito 5,2.7,2.0,3.0,02/09/2025
residentes,"1,54 €",25.0,7.0,2.0,7.0,no,1.3771824065351541,27023.0,tarde,martes,distrito 7,1.4,6.0,4.0,26/02/2025
rotación media,"2,30 €",44.0,7.0,23.0,7.0,sí,0.834318949521213,7123.0,mediodía,sábado,distrito 11,1.8,3.0,2.0,13/08/2025
alta rotación,"1,89 €",18.0,4.0,4.0,101.0,no,1.008986219774903,18732.0,tarde,lunes,distrito 4,3.1,5.0,2.0,29/06/2025
rotación media,"3,11 €",31.0,53.0,2.0,141.0,sí,0.670271271840777,7498.0,tarde,jueves,distrito 5,1.4,1.0,6.0,11/05/2025
rotación media,"2,76 €",37.0,1.0,5.0,36.0,sí,0.3585439032746839,12859.0,mañana,viernes,distrito 7,3.7,0.0,7.0,11/04/2025
rotación media,"0,66 €",11.0,7.0,1.0,84.0,sí,0.9525382924782878,1708.0,tarde,jueves,distrito 4,2.1,6.0,2.0,30/06/2025
alta rotación,"2,42 €",10.0,11.0,6.0,22.0,sí,0.6897931315895744,7461.0,tarde,jueves,distrito 2,3.2,5.0,1.0,24/09/2025
alta rotación,"1,87 €",51.0,9.0,4.0,23.0,sí,0.7769100202465852,7105.0,mañana,viernes,distrito 8,1.5,0.0,0.0,19/10/2025
residentes,"1,69 €",46.0,18.0,20.0,6.0,sí,1.3546357103861917,8995.0,mañana,lunes,distrito 11,4.3,2.0,3.0,28/10/2025
ALTA ROTACIÓN,"0,63 €",13.0,33.0,1.0,98.0,sí,1.5251687811594736,4272.0,mañana,viernes,distrito 1,1.3,5.0,4.0,24/10/2025
alta rotación,"1,97 €",17.0,15.0,0.0,237.0,sí,0.8197943971431355,5431.0,mañana,miércoles,distrito 1,5.5,3.0,2.0,01/11/2025
rotación media,"2,76 €",36.0,42.0,17.0,58.0,sí,1.4461291108081373,14893.0,mediodía,jueves,distrito 4,3.0,0.0,4.0,07/05/2025
larga estancia,"2,43 €",9.0,6.0,3.0,68.0,sí,0.5180659491295357,12810.0,mediodía,sábado,distrito 2,0.8,1.0,3.0,30/07/2025
alta rotación,"2,48 €",54.0,31.0,9.0,8.0,sí,1.4095115908831122,13273.0,tarde,lunes,distrito 4,0.8,2.0,8.0,16/10/2025
residentes,"2,69 €",9.0,20.0,1.0,53.0,sí,0.6482125438166599,5584.0,mediodía,lunes,distrito 6,2.9,5.0,3.0,02/03/2025
alta rotacion,"3,27 €",40.0,22.0,8.0,45.0,sí,1.0110824436512782,2796.0,mañana,viernes,distrito 9,4.7,3.0,8.0,29/10/2025
ALTA ROTACIÓN,"0,73 €",11.0,2.0,7.0,37.0,sí,1.2353031381847317,13029.0,mediodía,martes,distrito 8,1.7,5.0,1.0,27/02/2025
ALTA ROTACIÓN,"2,32 €",21.0,18.0,0.0,1.0,no,1.6451061578361998,10833.0,tarde,miércoles,distrito 7,2.8,4.0,5.0,12/02/2025
alta rotación,"2,10 €",55.0,29.0,10.0,89.0,no,1.3119071352382268,10375.0,mediodía,miércoles,distrito 11,3.4,0.0,7.0,18/08/2025
rotación media,"3,95 €",40.0,15.0,13.0,26.0,sí,0.7764824294020741,5776.0,mediodía,jueves,distrito 3,2.2,1.0,3.0,11/06/2025
rotación media,"1,60 €",8.0,21.0,24.0,120.0,no,1.6536868726949099,8777.0,mañana,miércoles,distrito 3,0.8,0.0,3.0,10/10/2025
rotación media,"2,79 €",40.0,39.0,7.0,5.0,no,1.0684816224998555,7357.0,mañana,miércoles,distrito 7,5.2,0.0,7.0,29/07/2025
alta rotación,"1,51 €",48.0,38.0,9.0,41.0,sí,1.580934423467599,13900.0,mediodía,martes,distrito 8,3.0,5.0,1.0,05/10/2025
rotacion media,"2,09 €",48.0,71.0,33.0,211.0,sí,1.5416838618662811,10650.0,mediodía,miércoles,distrito 8,5.1,5.0,1.0,23/07/2025
  residentes ,"2,06 €",20.0,20.0,13.0,47.0,sí,1.1515749634191295,19242.0,mañana,viernes,distrito 2,2.7,1.0,3.0,21/06/2025
rotación media,"1,94 €",36.0,2.0,33.0,13.0,sí,1.4239301199192014,9877.0,mediodía,miércoles,distrito 4,3.5,0.0,2.0,22/09/2025
LARGA ESTANCIA,"1,50 €",23.0,19.0,29.0,189.0,sí,0.6570758790326259,5969.0,mediodía,lunes,distrito 7,3.3,1.0,8.0,04/09/2025
rotación media,"1,30 €",44.0,31.0,4.0,29.0,sí,1.340290333527217,8205.0,mediodía,lunes,distrito 6,3.9,3.0,0.0,10/03/2025
  alta rotación ,"1,11 €",17.0,15.0,9.0,106.0,sí,1.4914186505580989,16436.0,mediodía,viernes,distrito 7,3.3,2.0,5.0,29/09/2025
rotación media,"2,51 €",43.0,63.0,0.0,206.0,sí,0.300126407176849,2145.0,mediodía,sábado,distrito 5,3.2,6.0,4.0,15/09/2025
ALTA ROTACIÓN,"2,93 €",6.0,31.0,1.0,29.0,sí,0.7682065840586101,8525.0,mediodía,lunes,distrito 6,3.7,1.0,5.0,21/05/2025
larga estancia,"1,31 €",48.0,8.0,7.0,62.0,sí,0.6781741859869405,9155.0,mañana,lunes,distrito 6,3.7,5.0,2.0,10/05/2025
  alta rotación ,"2,19 €",46.0,40.0,35.0,81.0,sí,1.3715486082550956,7611.0,tarde,miércoles,distrito 2,5.1,6.0,5.0,23/10/2025
residentes,"1,51 €",21.0,49.0,6.0,91.0,no,1.608462361142778,4604.0,mediodía,viernes,distrito 4,3.2,4.0,0.0,30/07/2025
alta rotación,"1,21 €",57.0,14.0,7.0,46.0,sí,1.1312898909646258,5536.0,tarde,martes,distrito 7,1.2,2.0,8.0,05/06/2025
  larga estancia ,"2,43 €",53.0,3.0,1.0,66.0,no,0.6465182984416604,18730.0,tarde,jueves,distrito 9,5.1,3.0,5.0,31/10/2025
larga estancia,"1,41 €",43.0,8.0,4.0,41.0,sí,0.8069907757928183,7005.0,tarde,viernes,distrito 5,4.8,0.0,0.0,19/02/2025
alta rotación,"1,75 €",34.0,17.0,4.0,186.0,no,0.7602815221349959,5779.0,mediodía,jueves,distrito 3,1.1,4.0,3.0,29/08/2025
residentes,"1,54 €",20.0,20.0,7.0,131.0,sí,1.2094533314022438,10616.0,mañana,viernes,distrito 8,3.8,0.0,0.0,15/06/2025
larga estancia,"2,81 €",38.0,23.0,7.0,43.0,sí,0.9064581618788242,21492.0,tarde,lunes,distrito 11,3.3,1.0,7.0,09/03/2025
rotación media,"1,05 €",6.0,44.0,7.0,121.0,no,1.5306872627936894,17816.0,tarde,miércoles,distrito 9,4.5,2.0,1.0,30/10/2025
rotación media,"2,07 €",31.0,55.0,8.0,26.0,sí,1.602487950619966,8998.0,tarde,lunes,distrito 1,3.3,2.0,8.0,23/02/2025
alta rotación,"1,51 €",45.0,7.0,24.0,81.0,sí,1.4485113818133326,6187.0,mediodía,jueves,distrito 2,3.8,0.0,0.0,17/09/2025
residentes,"2,66 €",7.0,41.0,7.0,60.0,sí,1.0471300298881157,6033.0,mediodía,miércoles,distrito 5,5.6,3.0,6.0,23/01/2025
alta rotación,"0,89 €",37.0,11.0,0.0,14.0,sí,1.042334285171841,8803.0,tarde,martes,distrito 7,5.9,2.0,3.0,24/04/2025
larga estancia,"2,29 €",18.0,9.0,12.0,57.0,sí,0.5483194738563101,14791.0,tarde,lunes,distrito 7,-99.0,1.0,3.0,27/06/2025
larga estancia,"1,46 €",34.0,14.0,4.0,128.0,sí,1.0711623932830538,6827.0,tarde,sábado,distrito 6,4.0,5.0,5.0,08/05/2025
  rotación media ,"2,92 €",24.0,11.0,12.0,139.0,sí,0.6121118454234403,20618.0,mañana,lunes,distrito 7,5.1,0.0,5.0,10/07/2025
rotación media,"1,38 €",33.0,16.0,23.0,64.0,no,1.7663870219900373,3934.0,tarde,sábado,distrito 3,1.4,1.0,4.0,06/06/2025
alta rotación,"2,52 €",10.0,3.0,7.0,24.0,sí,0.5274624475059346,8713.0,mediodía,lunes,distrito 5,4.7,3.0,5.0,27/09/2025
residentes,"1,76 €",40.0,13.0,15.0,91.0,no,1.53097680631466,11416.0,tarde,viernes,distrito 11,3.7,2.0,0.0,24/08/2025
ROTACIÓN MEDIA,"1,56 €",24.0,12.0,7.0,52.0,no,1.4441243552488425,15216.0,mañana,viernes,distrito 6,4.2,5.0,1.0,31/01/2025
rotación media,"1,30 €",47.0,12.0,7.0,37.0,sí,0.858265550174315,17630.0,mediodía,martes,distrito 6,0.8,0.0,8.0,28/04/2025
  rotación media ,"3,39 €",42.0,15.0,24.0,152.0,sí,0.7924793212846716,8185.0,mediodía,lunes,distrito 9,4.7,2.0,0.0,25/01/2025
rotación media,"3,02 €",26.0,7.0,5.0,11.0,sí,0.45132095759664803,8130.0,mediodía,viernes,distrito 11,5.8,3.0,1.0,24/07/2025
rotación media,"1,46 €",32.0,5.0,0.0,25.0,no,0.8442249778933346,6458.0,mediodía,lunes,distrito 7,4.8,2.0,4.0,11/07/2025
larga estancia,"1,92 €",9.0,1.0,4.0,50.0,sí,0.3640969561313389,22438.0,mediodía,miércoles,distrito 4,4.9,5.0,6.0,30/07/2025
larga estancia,"2,19 €",30.0,23.0,14.0,73.0,sí,0.9698934735078595,4200.0,mañana,miércoles,distrito 11,4.3,1.0,7.0,10/04/2025
alta rotación,"1,41 €",48.0,21.0,7.0,20.0,no,1.779515466185349,10545.0,tarde,viernes,distrito 5,1.8,2.0,0.0,18/01/2025
rotación media,"0,87 €",53.0,11.0,4.0,14.0,no,1.2922281311653065,7259.0,tarde,jueves,distrito 11,3.2,5.0,0.0,29/08/2025
alta rotación,"2,43 €",41.0,33.0,10.0,28.0,sí,1.1427544455396645,2308.0,mañana,sábado,distrito 3,-99.0,2.0,6.0,07/05/2025
larga estancia,"2,49 €",41.0,25.0,8.0,58.0,sí,0.7855876000339512,6852.0,tarde,lunes,distrito 4,3.3,1.0,2.0,24/04/2025
residentes,"2,80 €",36.0,2.0,8.0,79.0,sí,0.3665262476889213,7202.0,mañana,martes,distrito 7,2.8,0.0,7.0,23/09/2025
larga estancia,"2,88 €",36.0,65.0,4.0,21.0,sí,1.0285266444392638,5150.0,tarde,martes,distrito 6,3.2,0.0,2.0,03/09/2025
larga estancia,"1,77 €",51.0,11.0,8.0,7.0,no,1.2386388478466628,7407.0,mediodía,sábado,distrito 7,0.8,2.0,8.0,19/07/2025
rotación media,"2,01 €",32.0,35.0,23.0,57.0,no,1.7127910509822748,9374.0,mediodía,sábado,distrito 4,1.2,4.0,6.0,20/10/2025
residentes,"1,67 €",29.0,21.0,4.0,10.0,sí,1.1915951900212645,12460.0,mañana,sábado,distrito 4,4.2,4.0,5.0,23/07/2025
LARGA ESTANCIA,"2,23 €",25.0,53.0,1.0,66.0,no,0.8443341546564144,5309.0,mediodía,lunes,distrito 7,4.0,5.0,8.0,29/04/2025
larga estancia,"1,67 €",12.0,14.0,45.0,13.0,sí,1.6079222063170384,10441.0,tarde,jueves,distrito 2,2.9,1.0,3.0,26/07/2025
rotación media,"2,25 €",35.0,17.0,5.0,121.0,sí,0.6468120191912182,8149.0,mañana,martes,distrito 7,3.2,4.0,2.0,26/08/2025
alta rotación,"1,34 €",29.0,21.0,20.0,15.0,sí,1.6592569572682714,10295.0,tarde,viernes,distrito 4,3.3,2.0,8.0,05/06/2025
alta rotación,"1,00 €",15.0,66.0,8.0,68.0,sí,1.9682349954750014,30440.0,mediodía,viernes,distrito 9,0.8,4.0,5.0,15/06/2025
LARGA ESTANCIA,"1,73 €",29.0,19.0,5.0,42.0,no,1.0513446469298477,6955.0,mañana,martes,distrito 6,2.2,5.0,7.0,12/06/2025
rotación media,"0,86 €",24.0,9.0,12.0,177.0,no,1.5137755099232617,3748.0,tarde,miércoles,distrito 1,4.4,5.0,4.0,29/09/2025
ALTA ROTACIÓN,"3,01 €",49.0,10.0,1.0,77.0,no,0.529822787537765,12679.0,mañana,jueves,distrito 10,3.6,1.0,6.0,23/01/2025
residentes,"2,23 €",12.0,15.0,11.0,28.0,sí,0.5713438503963973,9676.0,mañana,jueves,distrito 6,3.6,5.0,3.0,06/04/2025
residentes,"1,92 €",8.0,17.0,12.0,24.0,no,1.5618035227485934,6823.0,mañana,jueves,distrito 5,2.4,2.0,4.0,26/07/2025
alta rotación,"1,15 €",17.0,15.0,3.0,13.0,sí,1.1366084904710085,13514.0,mediodía,lunes,distrito 8,4.0,1.0,8.0,11/04/2025
ALTA ROTACIÓN,"1,98 €",41.0,41.0,13.0,59.0,sí,1.4078710313538756,10323.0,mediodía,miércoles,distrito 9,3.9,0.0,4.0,19/03/2025
larga estancia,"3,94 €",28.0,29.0,8.0,24.0,sí,0.944498130591238,16888.0,tarde,lunes,distrito 4,5.0,3.0,0.0,25/02/2025
alta rotación,"2,99 €",32.0,23.0,5.0,75.0,no,0.9562527669505171,7362.0,mediodía,martes,distrito 11,4.8,3.0,5.0,09/05/2025
  residentes ,"1,39 €",16.0,28.0,4.0,48.0,sí,0.93513021546722,9649.0,mediodía,miércoles,distrito 2,3.9,0.0,4.0,10/01/2025
larga estancia,"1,84 €",25.0,30.0,14.0,108.0,sí,1.199195865527815,8938.0,tarde,lunes,distrito 10,1.9,5.0,3.0,25/01/2025
RESIDENTES,"1,89 €",18.0,19.0,23.0,181.0,no,1.1415342599444542,13866.0,mañana,lunes,distrito 7,2.5,3.0,2.0,15/01/2025
residentes,"0,50 €",29.0,51.0,16.0,42.0,sí,2.303031717536923,5799.0,mediodía,martes,distrito 8,3.7,3.0,3.0,02/04/2025
alta rotación,"1,49 €",17.0,24.0,24.0,47.0,sí,1.356198245478788,6345.0,mañana,miércoles,distrito 10,5.5,2.0,5.0,20/01/2025
rotación media,"2,88 €",54.0,14.0,15.0,26.0,sí,0.7832110074021514,11887.0,mañana,lunes,distrito 3,1.8,4.0,5.0,09/03/2025
larga estancia,"2,74 €",11.0,15.0,4.0,37.0,sí,0.5668808810118597,8753.0,mañana,miércoles,distrito 11,6.5,0.0,8.0,11/10/2025
larga estancia,"1,13 €",55.0,3.0,22.0,38.0,sí,1.153057585669681,10404.0,mediodía,martes,distrito 6,1.4,6.0,6.0,15/06/2025
residentes,"1,32 €",16.0,34.0,19.0,0.0,sí,1.4102571423561365,6431.0,mediodía,martes,distrito 8,4.1,4.0,4.0,01/06/2025
alta rotación,"0,91 €",33.0,15.0,2.0,51.0,sí,1.3560180893214904,8759.0,mediodía,jueves,distrito 2,2.9,0.0,6.0,24/02/2025
larga estancia,"2,96 €",42.0,7.0,8.0,78.0,sí,0.29988647639436716,19832.0,mañana,lunes,distrito 10,4.2,6.0,7.0,23/03/2025
larga estancia,"1,18 €",60.0,30.0,7.0,108.0,no,1.4875967559672965,17751.0,tarde,sábado,distrito 6,1.5,0.0,8.0,17/04/2025
  rotación media ,"2,05 €",25.0,13.0,0.0,14.0,sí,0.5403022284763519,21596.0,mañana,jueves,distrito 4,5.3,1.0,0.0,05/03/2025
rotación media,"2,64 €",8.0,57.0,0.0,38.0,sí,0.4463587057538266,20703.0,tarde,martes,distrito 5,0.8,3.0,5.0,14/03/2025
alta rotación,"2,59 €",43.0,39.0,26.0,93.0,sí,1.1246233269835952,25810.0,tarde,lunes,distrito 4,3.4,0.0,6.0,07/07/2025
rotación media,"2,90 €",39.0,16.0,1.0,68.0,sí,0.4688090119414386,8858.0,mañana,jueves,distrito 10,3.5,5.0,6.0,10/01/2025
alta rotación,"3,11 €",47.0,21.0,31.0,113.0,no,0.968705791044798,12788.0,mañana,miércoles,distrito 3,2.6,1.0,2.0,11/07/2025
larga estancia,"2,37 €",52.0,19.0,13.0,18.0,sí,0.8075585091807713,7518.0,mañana,jueves,distrito 1,5.9,5.0,0.0,13/09/2025
larga estancia,"3,67 €",46.0,1.0,27.0,99.0,sí,0.05594177461138308,8901.0,tarde,jueves,distrito 2,4.6,4.0,0.0,24/09/2025
alta rotación,"2,99 €",18.0,19.0,19.0,259.0,sí,0.5698650133635073,13916.0,mañana,lunes,distrito 4,2.9,4.0,4.0,14/06/2025
larga estancia,"1,87 €",21.0,23.0,2.0,278.0,sí,1.113670671898915,15005.0,mediodía,jueves,distrito 5,6.0,3.0,8.0,23/07/2025
rotación media,"1,07 €",53.0,18.0,2.0,6.0,sí,1.132501529521559,2169.0,mañana,sábado,distrito 6,3.0,2.0,8.0,20/03/2025
larga estancia,"1,24 €",11.0,11.0,6.0,78.0,sí,0.9446563883961797,9238.0,mañana,miércoles,distrito 5,2.5,5.0,0.0,22/01/2025
ALTA ROTACIÓN,"1,17 €",56.0,7.0,1.0,30.0,sí,0.9191691398153222,7033.0,mañana,miércoles,distrito 11,1.7,0.0,8.0,29/01/2025
rotación media,"2,12 €",20.0,33.0,56.0,129.0,no,1.3792716201908177,11542.0,mediodía,lunes,distrito 8,0.8,2.0,3.0,17/09/2025
  larga estancia ,"2,51 €",17.0,20.0,22.0,130.0,sí,0.7672457917003652,5830.0,mediodía,sábado,distrito 11,2.8,0.0,1.0,12/10/2025
larga estancia,"2,60 €",53.0,29.0,0.0,34.0,sí,0.6340216005224247,6299.0,mañana,jueves,distrito 8,4.1,2.0,3.0,19/04/2025
rotación media,"2,90 €",46.0,8.0,6.0,150.0,sí,0.3112942397786489,3476.0,mañana,martes,distrito 6,4.7,2.0,7.0,12/10/2025
rotación media,"1,62 €",45.0,16.0,6.0,158.0,no,0.8009606180613426,10642.0,tarde,miércoles,distrito 8,3.3,5.0,1.0,17/02/2025
ROTACIÓN MEDIA,"2,52 €",47.0,31.0,9.0,110.0,sí,1.0385028104275538,12104.0,mediodía,miércoles,distrito 9,1.7,1.0,6.0,08/06/2025
residentes,"1,97 €",59.0,29.0,9.0,57.0,no,1.4360091467231515,8301.0,mañana,jueves,distrito 6,5.3,1.0,1.0,26/05/2025
  alta rotación ,"2,66 €",48.0,8.0,34.0,30.0,sí,0.9165705127644617,6920.0,tarde,martes,distrito 2,4.9,0.0,6.0,11/06/2025
alta rotación,"1,30 €",49.0,23.0,11.0,6.0,no,1.596063053821059,25654.0,mediodía,miércoles,distrito 3,3.9,5.0,8.0,28/09/2025
  alta rotación ,"2,26 €",24.0,19.0,5.0,58.0,no,0.7005401589670222,5203.0,mañana,martes,distrito 9,4.1,0.0,3.0,13/03/2025
larga estancia,"0,73 €",56.0,4.0,2.0,77.0,no,1.274932504627645,14080.0,mediodía,jueves,distrito 10,2.4,5.0,5.0,06/04/2025
alta rotación,"3,19 €",27.0,27.0,6.0,95.0,no,0.6097551498951426,7470.0,mediodía,miércoles,distrito 8,1.1,4.0,3.0,17/09/2025
rotación media,"1,84 €",48.0,9.0,10.0,134.0,sí,1.0916775352568284,10163.0,mañana,sábado,distrito 10,5.2,1.0,6.0,17/02/2025
residentes,"2,16 €",29.0,16.0,15.0,58.0,no,1.0987365430544513,7721.0,tarde,lunes,distrito 11,3.5,3.0,7.0,21/05/2025
alta rotación,"2,77 €",18.0,7.0,17.0,64.0,sí,1.205268771049273,12122.0,mediodía,viernes,distrito 10,2.7,3.0,4.0,17/05/2025
alta rotacion,"2,69 €",8.0,9.0,2.0,152.0,sí,0.20469155660843302,9267.0,mañana,jueves,distrito 8,3.3,3.0,3.0,04/09/2025
ROTACIÓN MEDIA,"1,90 €",59.0,8.0,19.0,51.0,sí,1.1261697244511841,17150.0,mediodía,viernes,distrito 8,2.7,4.0,7.0,02/04/2025
rotación media,"2,07 €",27.0,8.0,30.0,39.0,sí,1.1199700646681543,4889.0,mañana,martes,distrito 7,3.3,4.0,1.0,17/01/2025
  alta rotación ,"0,95 €",51.0,42.0,34.0,7.0,sí,1.5156606644126733,4603.0,mañana,viernes,distrito 8,3.8,5.0,3.0,02/08/2025
residentes,"1,81 €",29.0,11.0,28.0,82.0,sí,1.6124577771137487,6749.0,mediodía,viernes,distrito 11,3.8,1.0,2.0,12/07/2025
residentes,"3,16 €",59.0,17.0,4.0,133.0,sí,0.8593573827916262,6946.0,mañana,lunes,distrito 3,0.8,0.0,6.0,25/09/2025
  alta rotación ,"1,10 €",6.0,8.0,11.0,94.0,sí,1.395396592714842,8774.0,mediodía,martes,distrito 1,2.0,3.0,5.0,01/02/2025
rotación media,"1,68 €",58.0,24.0,8.0,50.0,no,1.0556687971939895,8221.0,mediodía,viernes,distrito 11,2.2,4.0,5.0,16/09/2025
rotacion media,"0,97 €",41.0,5.0,37.0,16.0,sí,1.482610588835098,9689.0,mañana,lunes,distrito 8,-99.0,4.0,1.0,14/09/2025
alta rotación,"3,76 €",41.0,27.0,2.0,91.0,sí,0.7626518002828294,2858.0,mañana,martes,distrito 8,4.8,2.0,7.0,20/06/2025
ROTACIÓN MEDIA,"4,20 €",35.0,73.0,3.0,28.0,no,0.7141225495877653,8820.0,mañana,jueves,distrito 8,4.4,2.0,1.0,11/07/2025
alta rotación,"2,32 €",23.0,22.0,28.0,102.0,sí,1.0169572858340128,8884.0,mañana,jueves,distrito 3,2.9,4.0,4.0,05/06/2025
rotación media,"2,45 €",39.0,19.0,3.0,152.0,sí,0.8135733173980926,11866.0,mañana,viernes,distrito 8,3.0,6.0,5.0,12/05/2025
LARGA ESTANCIA,"1,38 €",35.0,28.0,19.0,33.0,sí,1.2685245568123362,8856.0,mañana,sábado,distrito 10,1.8,4.0,8.0,11/01/2025
larga estancia,"1,48 €",37.0,5.0,10.0,25.0,sí,1.190108112756636,31400.0,tarde,sábado,distrito 7,2.3,1.0,4.0,06/05/2025
residentes,"1,74 €",12.0,27.0,32.0,44.0,no,1.5644986043000015,4159.0,mañana,viernes,distrito 8,-99.0,5.0,5.0,04/06/2025
rotación media,"1,58 €",40.0,3.0,0.0,158.0,no,0.7447635130975999,5387.0,tarde,sábado,distrito 8,3.6,1.0,2.0,24/09/2025
alta rotación,"2,26 €",43.0,36.0,37.0,147.0,sí,0.9766475083433798,4788.0,tarde,jueves,distrito 10,2.7,2.0,8.0,08/01/2025
larga estancia,"0,90 €",55.0,15.0,6.0,47.0,no,1.3836560740842658,5678.0,tarde,martes,distrito 6,1.2,2.0,5.0,07/05/2025
larga estancia,"1,78 €",30.0,44.0,3.0,73.0,no,0.9273631125688557,4724.0,mañana,martes,distrito 10,3.5,5.0,6.0,03/03/2025
residentes,"2,52 €",45.0,18.0,3.0,20.0,sí,1.2311546859439029,8003.0,mediodía,miércoles,distrito 5,3.0,3.0,3.0,20/05/2025
residentes,"1,84 €",6.0,13.0,3.0,163.0,no,1.3600042824986673,6522.0,mediodía,viernes,distrito 10,2.6,2.0,7.0,20/09/2025
alta rotación,"2,45 €",43.0,21.0,0.0,148.0,sí,0.8020562376828841,3155.0,tarde,viernes,distrito 8,2.1,1.0,7.0,05/10/2025
rotación media,"2,09 €",16.0,26.0,5.0,13.0,sí,1.2030820722319673,14490.0,mediodía,jueves,distrito 3,1.0,2.0,4.0,19/03/2025
rotación media,"2,57 €",28.0,4.0,28.0,90.0,sí,0.9692583200864238,13275.0,mañana,martes,distrito 8,0.8,1.0,4.0,31/03/2025
alta rotacion,"2,32 €",15.0,10.0,5.0,52.0,sí,0.9673151722751134,5706.0,mediodía,sábado,distrito 11,3.7,3.0,2.0,05/04/2025
  rotación media ,"1,49 €",41.0,9.0,15.0,9.0,sí,1.1057541269452085,6487.0,tarde,miércoles,distrito 9,2.5,1.0,2.0,15/01/2025
residentes,"2,45 €",8.0,76.0,1.0,17.0,sí,1.100481519975785,5100.0,mediodía,martes,distrito 7,5.8,1.0,5.0,12/01/2025
ROTACIÓN MEDIA,"1,70 €",33.0,0.0,6.0,92.0,sí,-0.036238369968048856,10972.0,mañana,jueves,distrito 5,4.2,0.0,8.0,13/04/2025
alta rotacion,"2,03 €",35.0,29.0,7.0,19.0,sí,1.299233605431144,12997.0,mañana,viernes,distrito 5,1.2,0.0,0.0,10/02/2025
rotación media,"1,91 €",46.0,58.0,21.0,70.0,sí,1.228813437460904,4618.0,tarde,viernes,distrito 7,7.0,6.0,8.0,18/06/2025
  rotación media ,"1,68 €",11.0,4.0,7.0,58.0,sí,0.6702838051612243,4391.0,mediodía,sábado,distrito 5,1.5,1.0,8.0,24/03/2025
rotación media,"1,19 €",24.0,22.0,25.0,178.0,sí,1.6244381802346766,8993.0,mediodía,sábado,distrito 2,3.2,6.0,1.0,11/07/2025
residentes,"1,23 €",51.0,15.0,5.0,8.0,sí,1.344228734911091,18617.0,mediodía,viernes,distrito 3,0.8,2.0,5.0,10/09/2025
rotación media,"2,19 €",57.0,13.0,12.0,4.0,sí,1.231225074237332,6666.0,mañana,lunes,distrito 10,2.9,2.0,6.0,06/07/2025
alta rotación,"1,68 €",8.0,2.0,11.0,135.0,no,0.9121481442250056,11224.0,mañana,sábado,distrito 2,4.5,1.0,5.0,18/04/2025
RESIDENTES,"1,91 €",33.0,48.0,12.0,15.0,sí,1.537026813349166,15684.0,mañana,jueves,distrito 6,3.3,2.0,0.0,25/07/2025
ROTACIÓN MEDIA,"1,50 €",14.0,3.0,1.0,71.0,sí,0.434966439645123,13349.0,tarde,martes,distrito 11,1.1,6.0,2.0,24/05/2025
residentes,"1,17 €",29.0,50.0,1.0,199.0,sí,1.2265182943329653,4305.0,tarde,martes,distrito 6,4.4,6.0,4.0,19/01/2025
rotación media,"2,24 €",36.0,10.0,2.0,75.0,sí,0.9186031451672615,6762.0,mañana,martes,distrito 7,2.3,6.0,5.0,04/10/2025
rotacion media,"1,90 €",29.0,26.0,11.0,171.0,sí,1.008356344430364,2878.0,mediodía,jueves,distrito 5,4.0,2.0,4.0,15/02/2025
LARGA ESTANCIA,"2,21 €",29.0,1.0,11.0,42.0,sí,0.26343349712818653,4718.0,mediodía,jueves,distrito 1,4.2,2.0,4.0,26/09/2025
  rotación media ,"2,81 €",9.0,23.0,12.0,67.0,sí,0.9340654834921752,11350.0,tarde,jueves,distrito 7,2.5,3.0,8.0,19/05/2025
residentes,"2,68 €",22.0,12.0,32.0,35.0,sí,0.8875539267251376,3597.0,tarde,lunes,distrito 5,3.7,0.0,2.0,14/06/2025
larga estancia,"1,50 €",39.0,3.0,4.0,19.0,sí,0.7046597344094552,11388.0,mediodía,sábado,distrito 4,1.1,6.0,3.0,08/04/2025
larga estancia,"2,57 €",53.0,18.0,4.0,38.0,no,0.7358765113202443,14159.0,mediodía,sábado,distrito 2,2.4,0.0,7.0,18/05/2025
rotación media,"1,78 €",12.0,47.0,18.0,161.0,no,1.8023569892317277,4942.0,mañana,jueves,distrito 8,3.8,0.0,6.0,15/10/2025
residentes,"1,92 €",9.0,18.0,12.0,64.0,sí,1.0890950680824523,4484.0,mediodía,viernes,distrito 3,2.6,6.0,2.0,20/07/2025
residentes,"1,92 €",49.0,16.0,0.0,154.0,sí,0.684083643463012,6628.0,mañana,miércoles,distrito 8,2.7,2.0,4.0,21/02/2025
LARGA ESTANCIA,"2,37 €",30.0,34.0,0.0,23.0,sí,0.7269628802184771,6468.0,tarde,sábado,distrito 1,2.6,0.0,5.0,02/02/2025
  alta rotación ,"2,51 €",20.0,26.0,12.0,36.0,sí,1.127664694892199,6115.0,mañana,sábado,distrito 4,4.6,3.0,3.0,24/05/2025
alta rotación,"1,35 €",7.0,34.0,0.0,46.0,sí,1.013652780309751,13295.0,tarde,viernes,distrito 7,-99.0,0.0,0.0,28/04/2025
alta rotación,"1,17 €",59.0,22.0,13.0,71.0,sí,1.6621223281618904,19077.0,mediodía,lunes,distrito 1,5.6,3.0,7.0,21/05/2025
  rotación media ,"0,90 €",57.0,25.0,17.0,26.0,sí,1.58782728387108,4748.0,mañana,viernes,distrito 10,4.3,2.0,1.0,06/05/2025
rotación media,"3,20 €",48.0,14.0,6.0,1.0,no,0.8504143475600923,12635.0,mediodía,sábado,distrito 2,2.9,3.0,1.0,04/06/2025
alta rotación,"1,67 €",55.0,13.0,1.0,101.0,sí,0.8889429980840952,27287.0,tarde,viernes,distrito 5,5.3,0.0,4.0,07/04/2025
residentes,"2,95 €",18.0,49.0,8.0,28.0,sí,0.8741882298651718,9605.0,tarde,jueves,distrito 2,3.0,4.0,2.0,14/06/2025
rotación media,"0,72 €",44.0,13.0,0.0,143.0,sí,0.8202611935067099,7622.0,mañana,sábado,distrito 6,3.2,6.0,6.0,26/07/2025
rotación media,"2,64 €",40.0,15.0,10.0,68.0,sí,1.1529835789352612,23126.0,mediodía,jueves,distrito 2,0.8,0.0,4.0,30/08/2025
alta rotación,"1,80 €",9.0,20.0,3.0,81.0,no,1.1063457371880294,5832.0,mediodía,lunes,distrito 6,2.1,4.0,4.0,10/04/2025
residentes,"3,42 €",23.0,6.0,3.0,37.0,no,0.48646990106799404,6507.0,tarde,viernes,distrito 9,1.6,6.0,1.0,12/09/2025
rotación media,"1,70 €",35.0,27.0,8.0,13.0,sí,0.99642988098979,14984.0,tarde,jueves,distrito 6,3.7,5.0,4.0,24/02/2025
larga estancia,"1,82 €",14.0,24.0,11.0,1.0,sí,1.4220037055734749,12335.0,tarde,lunes,distrito 1,4.3,2.0,2.0,23/08/2025
rotación media,"1,88 €",43.0,32.0,9.0,85.0,sí,1.3586179853247526,6142.0,mediodía,martes,distrito 2,3.4,1.0,4.0,16/01/2025
  larga estancia ,"3,30 €",31.0,3.0,4.0,67.0,no,0.1481172721074366,5089.0,tarde,sábado,distrito 2,4.9,4.0,8.0,15/08/2025
alta rotacion,"2,03 €",60.0,6.0,7.0,103.0,sí,0.8278569403740638,3866.0,mañana,martes,distrito 3,3.3,0.0,0.0,12/07/2025
alta rotación,"1,70 €",28.0,4.0,20.0,147.0,sí,0.4845277012538473,13604.0,mañana,jueves,distrito 10,5.4,6.0,3.0,18/04/2025
alta rotación,"1,89 €",42.0,18.0,3.0,149.0,sí,1.3829044649909383,8928.0,tarde,sábado,distrito 10,5.1,4.0,3.0,12/08/2025
larga estancia,"1,93 €",6.0,24.0,7.0,75.0,sí,1.0711800814328454,5121.0,mañana,jueves,distrito 3,1.5,2.0,7.0,03/07/2025
alta rotación,"1,38 €",13.0,11.0,18.0,46.0,sí,1.5568909187767157,5824.0,mediodía,miércoles,distrito 10,1.8,0.0,7.0,31/10/2025
larga estancia,"1,93 €",7.0,50.0,24.0,7.0,no,1.8816433719011698,2392.0,tarde,sábado,distrito 10,4.4,4.0,6.0,05/06/2025
  alta rotación ,"1,90 €",14.0,18.0,21.0,142.0,sí,1.044938889711341,23607.0,mediodía,miércoles,distrito 7,2.8,2.0,1.0,13/07/2025
rotación media,"1,51 €",9.0,9.0,23.0,6.0,sí,1.3846303852661332,12403.0,tarde,lunes,distrito 4,2.1,0.0,4.0,08/08/2025
alta rotación,"1,54 €",21.0,25.0,4.0,73.0,no,1.4473820389121765,14065.0,tarde,viernes,distrito 3,5.2,0.0,8.0,02/10/2025
rotación media,"3,02 €",50.0,20.0,7.0,36.0,sí,0.8268446998399397,16635.0,mediodía,lunes,distrito 7,4.3,0.0,3.0,06/04/2025
alta rotación,"2,68 €",49.0,8.0,3.0,49.0,sí,1.137284734226652,17550.0,tarde,jueves,distrito 5,6.8,6.0,5.0,25/03/2025
residentes,"1,91 €",45.0,99.0,19.0,211.0,sí,1.2438112942909605,8474.0,mediodía,lunes,distrito 2,4.1,5.0,4.0,08/06/2025
  rotación media ,"3,51 €",53.0,45.0,2.0,83.0,sí,0.8072211853297779,4461.0,tarde,sábado,distrito 9,1.8,3.0,4.0,13/08/2025
alta rotación,"3,28 €",39.0,13.0,8.0,15.0,sí,0.6960983736131182,6758.0,mañana,sábado,distrito 5,1.7,6.0,8.0,08/02/2025
rotación media,"0,94 €",42.0,22.0,1.0,91.0,sí,1.3736342042998335,9273.0,mañana,viernes,distrito 2,-99.0,2.0,7.0,06/09/2025
ROTACIÓN MEDIA,"1,92 €",11.0,6.0,8.0,72.0,sí,0.8084048230556947,3316.0,tarde,martes,distrito 3,3.6,6.0,3.0,06/05/2025
alta rotación,"3,05 €",55.0,26.0,11.0,98.0,sí,0.7471606279432361,7800.0,mañana,jueves,distrito 4,5.4,1.0,5.0,25/03/2025
ALTA ROTACIÓN,"2,68 €",55.0,49.0,16.0,29.0,sí,1.0198469086970048,15524.0,mediodía,jueves,distrito 7,2.5,4.0,4.0,21/06/2025
alta rotación,"4,01 €",6.0,12.0,3.0,45.0,sí,0.699377108574208,5668.0,mañana,miércoles,distrito 7,4.9,0.0,3.0,21/03/2025
larga estancia,"2,10 €",60.0,45.0,1.0,57.0,sí,0.8863918416903862,11263.0,mediodía,lunes,distrito 1,2.6,1.0,1.0,22/04/2025
larga estancia,"1,75 €",42.0,11.0,20.0,116.0,sí,0.7123162619127771,13287.0,mañana,sábado,distrito 7,2.6,2.0,2.0,03/02/2025
larga estancia,"1,29 €",44.0,21.0,8.0,57.0,no,1.341767047460321,21673.0,tarde,lunes,distrito 10,2.3,6.0,3.0,20/05/2025
alta rotación,"2,56 €",25.0,59.0,14.0,196.0,sí,0.9386548705133604,4827.0,tarde,jueves,distrito 2,3.8,3.0,2.0,28/02/2025
rotación media,"2,35 €",16.0,19.0,20.0,64.0,sí,1.1314828606410203,42773.0,mediodía,jueves,distrito 9,4.7,0.0,5.0,11/08/2025
larga estancia,"2,19 €",55.0,72.0,7.0,68.0,sí,0.9779312982176551,4482.0,mediodía,miércoles,distrito 2,4.0,2.0,8.0,15/03/2025
rotación media,"2,39 €",32.0,11.0,4.0,75.0,no,0.9694473421576298,8087.0,mediodía,lunes,distrito 8,3.7,5.0,0.0,09/01/2025
alta rotación,"2,12 €",48.0,26.0,1.0,47.0,sí,0.5067878668435029,6659.0,tarde,lunes,distrito 3,2.2,1.0,8.0,23/05/2025
  rotación media ,"1,85 €",29.0,34.0,0.0,167.0,sí,1.1549835640201114,19899.0,tarde,miércoles,distrito 7,4.1,5.0,2.0,14/03/2025
alta rotación,"2,56 €",48.0,13.0,6.0,60.0,sí,0.8804248209611024,9483.0,tarde,miércoles,distrito 11,4.0,0.0,3.0,28/04/2025
residentes,"1,83 €",26.0,17.0,7.0,20.0,no,1.4776949566816215,7091.0,mediodía,sábado,distrito 7,1.8,2.0,8.0,16/06/2025
rotación media,"0,89 €",47.0,22.0,19.0,29.0,sí,1.6990325002807052,12137.0,mañana,viernes,distrito 1,4.4,6.0,6.0,11/07/2025
LARGA ESTANCIA,"1,47 €",7.0,18.0,30.0,25.0,no,1.72154435846425,3890.0,mediodía,miércoles,distrito 5,2.7,6.0,8.0,11/08/2025
residentes,"0,50 €",55.0,24.0,18.0,12.0,sí,1.902646771952004,15031.0,mediodía,sábado,distrito 3,5.0,3.0,5.0,01/02/2025
rotacion media,"1,68 €",58.0,23.0,7.0,41.0,sí,0.9325908576210915,13174.0,mediodía,viernes,distrito 8,2.7,4.0,3.0,07/08/2025
rotación media,"2,69 €",39.0,14.0,5.0,156.0,sí,0.5042552181323552,17825.0,mediodía,sábado,distrito 10,2.8,1.0,3.0,28/09/2025
rotación media,"2,07 €",6.0,7.0,0.0,47.0,sí,0.5176804834037603,9634.0,tarde,viernes,distrito 6,3.5,5.0,5.0,30/03/2025
residentes,"3,25 €",17.0,21.0,3.0,48.0,sí,0.769083996880884,9658.0,tarde,lunes,distrito 7,2.7,3.0,3.0,09/02/2025
larga estancia,"3,10 €",35.0,39.0,2.0,79.0,no,0.756404315542575,6320.0,mañana,lunes,distrito 5,2.6,1.0,1.0,24/03/2025
  larga estancia ,"1,40 €",53.0,35.0,3.0,78.0,sí,1.4016821082288238,5220.0,mañana,lunes,distrito 3,4.2,3.0,1.0,09/08/2025
alta rotación,"2,29 €",58.0,29.0,2.0,92.0,sí,0.6889012859915141,10799.0,mañana,lunes,distrito 5,-99.0,5.0,2.0,25/08/2025
rotación media,"1,26 €",54.0,7.0,15.0,59.0,sí,1.211478280587223,12917.0,mañana,viernes,distrito 6,4.5,4.0,1.0,29/07/2025
rotacion media,"1,11 €",38.0,5.0,2.0,64.0,no,1.0283878272601128,6416.0,mañana,lunes,distrito 4,2.7,5.0,0.0,06/02/2025
larga estancia,"2,22 €",44.0,30.0,0.0,29.0,sí,0.528259999863198,5006.0,mañana,viernes,distrito 1,-99.0,3.0,6.0,15/02/2025
residentes,"2,39 €",25.0,2.0,31.0,26.0,no,0.9146128614808954,10283.0,tarde,lunes,distrito 10,2.3,6.0,8.0,09/07/2025
alta rotación,"1,18 €",47.0,10.0,11.0,65.0,sí,1.437378760588329,7293.0,tarde,miércoles,distrito 1,-99.0,3.0,5.0,11/01/2025
larga estancia,"2,44 €",25.0,13.0,24.0,59.0,sí,1.2104996247471267,3205.0,mañana,sábado,distrito 8,-99.0,5.0,8.0,20/05/2025
rotación media,"2,37 €",10.0,3.0,3.0,30.0,sí,0.9897957102943575,9240.0,mañana,lunes,distrito 7,1.4,0.0,2.0,12/04/2025
rotación media,"1,93 €",52.0,6.0,6.0,56.0,no,0.9412403592219204,7853.0,mediodía,jueves,distrito 11,3.6,1.0,8.0,04/10/2025
rotación media,"2,58 €",46.0,6.0,2.0,126.0,sí,0.7270433047449405,37032.0,tarde,lunes,distrito 11,2.1,5.0,4.0,31/05/2025
rotación media,"2,31 €",7.0,25.0,5.0,8.0,sí,1.2859703922427388,8493.0,mediodía,jueves,distrito 5,5.5,3.0,3.0,18/02/2025
larga estancia,"2,53 €",21.0,20.0,13.0,74.0,sí,0.7405596169129248,2623.0,tarde,lunes,distrito 1,3.4,1.0,7.0,30/06/2025
rotación media,"2,20 €",15.0,17.0,19.0,99.0,sí,1.0713613800074693,7224.0,tarde,viernes,distrito 4,3.3,5.0,6.0,19/05/2025
rotacion media,"0,50 €",36.0,12.0,24.0,40.0,sí,1.7339703593291191,10518.0,mañana,martes,distrito 7,4.1,3.0,6.0,11/05/2025
rotación media,"2,24 €",56.0,4.0,10.0,106.0,sí,0.7651011205963596,5063.0,tarde,martes,distrito 4,-99.0,1.0,3.0,06/10/2025
alta rotación,"1,52 €",59.0,37.0,13.0,27.0,sí,1.5518999263394306,7230.0,tarde,lunes,distrito 3,2.7,1.0,6.0,15/10/2025
alta rotación,"2,56 €",35.0,40.0,9.0,84.0,sí,1.0023226718203444,14535.0,tarde,sábado,distrito 9,3.1,1.0,7.0,24/02/2025
rotación media,"2,88 €",51.0,6.0,12.0,36.0,sí,0.9075051920616692,4805.0,mañana,miércoles,distrito 11,3.6,2.0,0.0,28/01/2025
ALTA ROTACIÓN,"0,94 €",36.0,19.0,1.0,167.0,no,1.1212635909511621,14277.0,mediodía,viernes,distrito 9,4.1,0.0,3.0,21/03/2025
rotacion media,"0,57 €",14.0,45.0,7.0,29.0,sí,1.758628782312345,11213.0,tarde,martes,distrito 4,3.0,5.0,3.0,08/02/2025
alta rotación,"1,58 €",43.0,14.0,8.0,48.0,sí,0.9194963968172567,21245.0,mediodía,jueves,distrito 1,3.4,4.0,2.0,30/10/2025
larga estancia,"1,36 €",15.0,16.0,21.0,127.0,sí,0.9801678054972465,13404.0,mediodía,lunes,distrito 7,3.1,1.0,6.0,09/01/2025
alta rotación,"1,94 €",6.0,8.0,11.0,86.0,sí,1.0021393608144762,4654.0,tarde,jueves,distrito 4,1.2,6.0,0.0,21/07/2025
larga estancia,"2,27 €",39.0,37.0,1.0,160.0,no,1.0256394805323699,3057.0,mañana,sábado,distrito 4,2.9,2.0,5.0,07/01/2025
ROTACIÓN MEDIA,"1,31 €",53.0,12.0,0.0,119.0,sí,1.1368002296277957,6400.0,mediodía,sábado,distrito 1,-99.0,3.0,8.0,30/07/2025
  residentes ,"2,16 €",12.0,29.0,11.0,11.0,no,1.5773194759843763,28798.0,tarde,jueves,distrito 10,3.8,0.0,2.0,30/08/2025
alta rotación,"2,36 €",32.0,43.0,5.0,42.0,sí,1.0217247234079554,16550.0,tarde,sábado,distrito 3,3.8,3.0,8.0,05/10/2025
rotación media,"1,76 €",55.0,59.0,5.0,50.0,sí,1.1036136077594252,10011.0,mañana,sábado,distrito 3,3.0,4.0,1.0,18/08/2025
alta rotación,"2,02 €",6.0,16.0,5.0,44.0,sí,0.7101300952383802,6296.0,mañana,jueves,distrito 7,1.2,1.0,8.0,23/08/2025
rotación media,"1,75 €",34.0,4.0,2.0,34.0,sí,0.8721247797941035,24331.0,mañana,jueves,distrito 3,1.8,1.0,6.0,09/07/2025
alta rotación,"1,79 €",45.0,44.0,27.0,113.0,sí,1.4338617202296993,5485.0,tarde,viernes,distrito 8,0.8,3.0,5.0,26/09/2025
larga estancia,"1,53 €",42.0,18.0,6.0,39.0,sí,1.2926239940533724,3135.0,mañana,miércoles,distrito 6,-99.0,2.0,3.0,17/10/2025
rotación media,"1,04 €",59.0,13.0,20.0,126.0,sí,1.0009009720419606,14428.0,mediodía,martes,distrito 4,3.5,0.0,5.0,18/02/2025
residentes,"1,70 €",20.0,7.0,1.0,57.0,no,0.860662613620558,2432.0,tarde,martes,distrito 1,4.0,4.0,5.0,02/09/2025
larga estancia,"2,27 €",8.0,11.0,16.0,63.0,no,1.3095672493153578,6391.0,tarde,miércoles,distrito 1,1.3,6.0,2.0,15/10/2025
larga estancia,"0,73 €",32.0,23.0,4.0,218.0,sí,1.197496419398638,7996.0,tarde,sábado,distrito 10,-99.0,1.0,1.0,04/08/2025
rotación media,"2,11 €",43.0,19.0,8.0,37.0,sí,0.7913846536221487,12685.0,mediodía,viernes,distrito 7,2.6,6.0,1.0,25/09/2025
residentes,"2,55 €",16.0,13.0,12.0,36.0,no,1.2492282529665866,3836.0,mediodía,viernes,distrito 3,-99.0,5.0,0.0,22/05/2025
larga estancia,"2,61 €",37.0,65.0,17.0,18.0,sí,1.398185715422657,5310.0,mañana,viernes,distrito 3,1.3,2.0,6.0,14/09/2025
alta rotación,"2,17 €",40.0,18.0,8.0,22.0,sí,0.4848539006569015,6702.0,mediodía,martes,distrito 11,4.5,2.0,2.0,21/08/2025
rotación media,"1,73 €",43.0,28.0,0.0,69.0,sí,0.993147171074088,15373.0,mañana,jueves,distrito 5,3.9,5.0,0.0,19/06/2025
rotación media,"1,59 €",22.0,38.0,13.0,58.0,sí,1.314093462795031,9118.0,tarde,miércoles,distrito 9,2.8,4.0,1.0,14/08/2025
alta rotación,"1,55 €",51.0,22.0,11.0,35.0,sí,1.4132388730551795,4287.0,tarde,viernes,distrito 5,3.6,2.0,2.0,12/06/2025
rotación media,"2,88 €",37.0,10.0,2.0,105.0,sí,0.359329907881551,6133.0,tarde,viernes,distrito 6,0.8,1.0,5.0,11/08/2025
residentes,"2,15 €",15.0,4.0,4.0,12.0,sí,1.0317059458531006,7458.0,mediodía,martes,distrito 8,4.2,1.0,5.0,22/04/2025
rotacion media,"2,82 €",25.0,25.0,11.0,46.0,sí,0.8798694055674255,14661.0,tarde,viernes,distrito 8,4.0,2.0,5.0,07/04/2025
alta rotación,"1,68 €",54.0,3.0,22.0,28.0,sí,1.1327897695866367,4013.0,mañana,sábado,distrito 11,5.4,1.0,1.0,03/04/2025
residentes,"2,59 €",26.0,17.0,12.0,41.0,sí,1.1027943093868,4188.0,mañana,martes,distrito 2,1.6,4.0,5.0,21/03/2025
residentes,"2,46 €",17.0,14.0,11.0,17.0,sí,0.8774265202805425,10889.0,mañana,miércoles,distrito 5,0.8,4.0,6.0,10/02/2025
larga estancia,"1,25 €",16.0,4.0,15.0,86.0,sí,0.9692321532040082,14607.0,mañana,jueves,distrito 11,1.4,0.0,3.0,09/05/2025
alta rotación,"1,50 €",56.0,24.0,0.0,67.0,sí,0.9886489967225932,6472.0,tarde,miércoles,distrito 9,2.8,2.0,6.0,21/07/2025
rotación media,"1,77 €",6.0,7.0,3.0,62.0,no,0.8923066654238277,12735.0,mañana,sábado,distrito 11,3.4,3.0,7.0,09/03/2025
rotacion media,"1,00 €",24.0,21.0,4.0,31.0,sí,1.4807821764557536,15796.0,tarde,lunes,distrito 3,3.4,6.0,0.0,24/10/2025
residentes,"3,02 €",49.0,10.0,21.0,149.0,sí,0.8885811991249941,9983.0,mediodía,martes,distrito 2,-99.0,4.0,6.0,13/07/2025
rotación media,"0,93 €",15.0,10.0,9.0,172.0,sí,1.393608410552572,4041.0,mediodía,lunes,distrito 4,4.8,3.0,4.0,27/06/2025
alta rotación,"1,71 €",19.0,2.0,35.0,77.0,no,1.090978896363661,6094.0,mediodía,viernes,distrito 9,4.7,3.0,5.0,22/08/2025
alta rotación,"2,11 €",18.0,25.0,4.0,174.0,sí,1.2235298175402,4709.0,tarde,sábado,distrito 4,3.1,3.0,7.0,10/03/2025
  alta rotación ,"3,17 €",54.0,8.0,8.0,39.0,sí,0.7185781164084581,7789.0,mediodía,martes,distrito 9,3.2,6.0,6.0,09/02/2025
larga estancia,"1,03 €",11.0,15.0,5.0,142.0,sí,1.262106975885414,4034.0,mediodía,viernes,distrito 11,2.5,6.0,3.0,20/10/2025
rotación media,"2,46 €",32.0,60.0,1.0,9.0,no,1.4372988628480217,10506.0,mañana,miércoles,distrito 4,2.9,3.0,6.0,08/09/2025
larga estancia,"3,92 €",24.0,24.0,0.0,39.0,sí,-0.1408197341969636,10434.0,mañana,miércoles,distrito 10,2.3,2.0,6.0,17/10/2025
alta rotación,"1,95 €",16.0,44.0,4.0,42.0,sí,1.3540706523796073,3570.0,mediodía,martes,distrito 8,3.0,3.0,0.0,06/04/2025
alta rotación,"1,63 €",16.0,40.0,13.0,49.0,no,1.3436793711850628,9867.0,mañana,lunes,distrito 4,5.3,2.0,0.0,16/02/2025
alta rotacion,"3,25 €",35.0,11.0,10.0,52.0,sí,0.8054667095492922,7602.0,mediodía,viernes,distrito 7,1.9,5.0,6.0,23/03/2025
alta rotacion,"2,92 €",11.0,13.0,6.0,27.0,sí,0.5767834481320155,13361.0,tarde,viernes,distrito 5,2.7,5.0,1.0,27/01/2025
rotación media,"2,46 €",53.0,9.0,8.0,67.0,no,0.8655862172094683,7605.0,tarde,sábado,distrito 3,1.7,1.0,4.0,14/07/2025
residentes,"2,41 €",42.0,19.0,10.0,53.0,sí,1.066200017155935,2738.0,tarde,lunes,distrito 7,1.1,0.0,4.0,11/10/2025
larga estancia,"0,50 €",16.0,23.0,13.0,13.0,sí,1.7720364128962944,10437.0,mediodía,lunes,distrito 6,1.9,5.0,2.0,27/09/2025
alta rotación,"1,54 €",29.0,9.0,10.0,18.0,sí,1.4842689850735682,10888.0,tarde,jueves,distrito 5,3.8,3.0,6.0,21/09/2025
alta rotación,"2,32 €",58.0,18.0,4.0,58.0,no,0.8620225647564241,15770.0,tarde,miércoles,distrito 1,3.4,1.0,5.0,21/03/2025
alta rotación,"2,12 €",52.0,14.0,5.0,219.0,sí,1.0999963137917228,6922.0,tarde,martes,distrito 6,1.3,4.0,4.0,31/05/2025
larga estancia,"0,91 €",57.0,37.0,23.0,99.0,sí,1.094625831779667,3389.0,tarde,miércoles,distrito 11,4.8,6.0,6.0,21/01/2025
larga estancia,"1,51 €",38.0,25.0,19.0,78.0,sí,1.485463124747888,10364.0,tarde,lunes,distrito 6,1.6,1.0,2.0,10/09/2025
rotación media,"2,58 €",32.0,16.0,17.0,33.0,no,0.865425861797114,6347.0,mediodía,viernes,distrito 5,2.9,4.0,8.0,23/04/2025
LARGA ESTANCIA,"1,77 €",60.0,27.0,3.0,67.0,sí,0.8271733492790193,11846.0,mañana,lunes,distrito 1,5.6,2.0,1.0,28/01/2025
rotación media,"2,03 €",43.0,12.0,8.0,24.0,sí,1.0380023983177005,6525.0,mediodía,lunes,distrito 8,4.1,6.0,1.0,12/06/2025
residentes,"2,34 €",47.0,10.0,3.0,11.0,sí,1.0214764393004734,5447.0,tarde,miércoles,distrito 10,3.3,5.0,1.0,20/02/2025
residentes,"3,55 €",56.0,78.0,1.0,41.0,sí,1.251860518791563,10693.0,tarde,miércoles,distrito 6,3.6,0.0,5.0,12/04/2025
larga estancia,"1,54 €",26.0,32.0,8.0,52.0,sí,1.2098188906571563,6882.0,mañana,martes,distrito 10,3.2,5.0,6.0,10/01/2025
  residentes ,"2,21 €",38.0,23.0,4.0,17.0,no,1.3927399331811972,20181.0,mediodía,martes,distrito 2,2.6,2.0,5.0,25/03/2025
alta rotación,"1,55 €",32.0,11.0,3.0,62.0,sí,1.1294382500099704,5021.0,mañana,miércoles,distrito 1,2.8,2.0,6.0,22/02/2025
residentes,"1,80 €",45.0,30.0,6.0,45.0,sí,1.3290702353450508,7713.0,mediodía,jueves,distrito 2,6.4,0.0,5.0,15/07/2025
larga estancia,"2,13 €",60.0,16.0,15.0,33.0,sí,0.8988653287751391,3899.0,tarde,sábado,distrito 11,4.0,3.0,7.0,18/06/2025
alta rotación,"1,76 €",9.0,42.0,9.0,42.0,sí,1.3970096667334686,9680.0,mañana,jueves,distrito 3,1.6,2.0,2.0,16/05/2025
rotación media,"1,83 €",46.0,9.0,4.0,109.0,sí,0.8859955559243231,3928.0,mediodía,jueves,distrito 8,2.0,2.0,8.0,02/03/2025
alta rotacion,"1,44 €",56.0,11.0,9.0,30.0,sí,1.6239103322855044,5480.0,mediodía,viernes,distrito 6,2.5,6.0,1.0,11/09/2025
ROTACIÓN MEDIA,"2,12 €",13.0,1.0,4.0,26.0,sí,0.6663464603306909,15888.0,tarde,martes,distrito 6,1.8,4.0,0.0,12/08/2025
rotación media,"1,88 €",43.0,26.0,32.0,17.0,sí,1.4824579266470272,4476.0,mañana,jueves,distrito 4,2.4,3.0,7.0,06/02/2025
residentes,"2,35 €",50.0,19.0,10.0,39.0,sí,1.2686999522352138,5039.0,tarde,martes,distrito 3,4.6,4.0,7.0,08/10/2025
larga estancia,"2,07 €",33.0,1.0,1.0,12.0,no,0.43949358159113455,3072.0,tarde,viernes,distrito 3,0.8,4.0,4.0,29/05/2025
larga estancia,"1,68 €",22.0,14.0,20.0,5.0,sí,1.4160023923391154,3924.0,mañana,viernes,distrito 9,3.2,5.0,4.0,13/09/2025
alta rotacion,"2,38 €",34.0,60.0,0.0,37.0,no,0.9894527345188358,6941.0,mañana,viernes,distrito 2,3.6,0.0,5.0,16/10/2025
larga estancia,"3,03 €",41.0,24.0,4.0,63.0,sí,0.8113676270794976,14450.0,mañana,jueves,distrito 5,1.8,3.0,4.0,08/01/2025
ALTA ROTACIÓN,"1,95 €",41.0,17.0,5.0,213.0,no,1.1733325774398606,12930.0,tarde,martes,distrito 7,3.3,2.0,1.0,18/03/2025
larga estancia,"0,57 €",28.0,8.0,11.0,58.0,sí,1.1897381538488419,23591.0,mañana,martes,distrito 9,4.4,4.0,2.0,11/06/2025
rotación media,"1,51 €",44.0,13.0,4.0,74.0,no,0.878952249510994,15887.0,mediodía,jueves,distrito 1,0.8,0.0,6.0,24/03/2025
alta rotación,"1,77 €",32.0,30.0,10.0,172.0,sí,1.1370334508545439,15122.0,mediodía,jueves,distrito 11,3.8,3.0,3.0,10/05/2025
rotación media,"2,39 €",36.0,21.0,10.0,88.0,sí,1.0392362906194212,3911.0,mediodía,lunes,distrito 7,4.3,1.0,5.0,18/10/2025
larga estancia,"1,77 €",52.0,25.0,22.0,46.0,no,1.658900728896524,9860.0,mañana,miércoles,distrito 7,1.0,3.0,4.0,10/02/2025
rotación media,"0,50 €",7.0,14.0,7.0,69.0,sí,1.594506787988472,24065.0,mañana,miércoles,distrito 1,3.0,5.0,0.0,20/10/2025
alta rotación,"2,50 €",60.0,27.0,7.0,236.0,sí,0.9518849927421869,12981.0,mediodía,martes,distrito 6,0.8,3.0,4.0,31/03/2025
ROTACIÓN MEDIA,"1,67 €",39.0,30.0,15.0,41.0,sí,1.3108171060221883,9037.0,mediodía,lunes,distrito 5,4.6,4.0,3.0,15/05/2025
alta rotación,"2,94 €",41.0,26.0,14.0,49.0,no,1.308102874891539,5545.0,mañana,martes,distrito 2,4.5,0.0,8.0,17/10/2025
alta rotación,"2,07 €",32.0,3.0,11.0,19.0,sí,0.867488159070768,10615.0,mediodía,jueves,distrito 5,4.0,2.0,6.0,17/03/2025
  residentes ,"2,26 €",29.0,28.0,30.0,85.0,no,1.4610935883838136,8016.0,mañana,miércoles,distrito 5,4.5,2.0,6.0,23/05/2025
rotación media,"1,15 €",39.0,28.0,6.0,34.0,no,1.4471837116585347,7363.0,tarde,lunes,distrito 9,2.2,6.0,0.0,30/06/2025
rotación media,"2,83 €",6.0,49.0,10.0,43.0,sí,1.2583191231264719,12061.0,mañana,miércoles,distrito 5,4.9,6.0,0.0,13/10/2025
larga estancia,"2,37 €",37.0,36.0,48.0,51.0,sí,0.9306277436675758,7188.0,tarde,sábado,distrito 3,2.1,2.0,4.0,14/10/2025
  residentes ,"2,08 €",39.0,17.0,1.0,82.0,sí,1.0955919618571213,6282.0,tarde,viernes,distrito 6,2.6,6.0,4.0,25/08/2025
alta rotación,"2,46 €",52.0,16.0,9.0,27.0,sí,0.665751606788371,2693.0,mañana,martes,distrito 10,4.7,3.0,3.0,17/08/2025
residentes,"1,13 €",60.0,12.0,33.0,38.0,sí,1.0111119713343621,5985.0,mañana,viernes,distrito 4,2.9,2.0,5.0,20/06/2025
larga estancia,"2,91 €",12.0,24.0,10.0,44.0,no,0.8743187686089419,13016.0,tarde,jueves,distrito 11,1.6,3.0,0.0,01/08/2025
rotacion media,"2,02 €",51.0,19.0,12.0,195.0,sí,1.2117750502253155,6356.0,mediodía,sábado,distrito 1,4.6,0.0,0.0,13/07/2025
rotación media,"2,27 €",22.0,18.0,12.0,36.0,no,0.8810856963132742,13027.0,mañana,sábado,distrito 11,4.6,0.0,8.0,04/08/2025
larga estancia,"2,18 €",55.0,34.0,3.0,225.0,no,1.1659190609502643,18048.0,tarde,lunes,distrito 1,3.0,6.0,7.0,04/04/2025
alta rotación,"2,13 €",7.0,6.0,7.0,165.0,sí,0.855334416906623,10670.0,mañana,martes,distrito 6,0.8,4.0,5.0,23/02/2025
alta rotación,"0,83 €",21.0,24.0,1.0,3.0,no,1.699700433463621,12349.0,mediodía,jueves,distrito 10,3.5,2.0,1.0,29/04/2025
larga estancia,"0,96 €",22.0,14.0,2.0,93.0,sí,1.2200548216001836,12932.0,mediodía,martes,distrito 7,2.6,3.0,7.0,25/09/2025
alta rotación,"1,00 €",49.0,5.0,11.0,10.0,no,1.1165253453026,22471.0,tarde,miércoles,distrito 8,4.5,1.0,5.0,19/06/2025
  alta rotación ,"1,39 €",48.0,47.0,8.0,21.0,no,1.8164301851863498,13209.0,mediodía,lunes,distrito 1,2.6,2.0,5.0,27/05/2025
ALTA ROTACIÓN,"2,36 €",31.0,3.0,4.0,159.0,sí,0.3524693560771859,7878.0,mañana,lunes,distrito 11,4.5,5.0,3.0,25/04/2025
alta rotación,"1,39 €",16.0,23.0,0.0,103.0,sí,0.9450744001310593,3687.0,tarde,martes,distrito 2,2.7,0.0,7.0,30/05/2025
ALTA ROTACIÓN,"1,64 €",54.0,7.0,10.0,101.0,sí,0.643870777791494,9242.0,mediodía,miércoles,distrito 5,2.7,1.0,8.0,11/07/2025
alta rotación,"2,08 €",53.0,11.0,2.0,22.0,sí,0.9820170174561911,15285.0,tarde,martes,distrito 10,3.8,5.0,6.0,19/05/2025
larga estancia,"2,03 €",48.0,20.0,3.0,255.0,sí,1.1200303626981176,14668.0,mediodía,jueves,distrito 8,3.2,5.0,1.0,17/08/2025
residentes,"1,35 €",10.0,48.0,35.0,171.0,sí,1.7475309375566845,8856.0,tarde,sábado,distrito 6,2.8,1.0,4.0,19/01/2025
residentes,"1,91 €",25.0,15.0,0.0,54.0,no,1.3523977878169107,22029.0,mañana,lunes,distrito 3,0.8,5.0,7.0,19/06/2025
larga estancia,"2,78 €",59.0,2.0,2.0,46.0,sí,0.5306061679584473,12019.0,mediodía,miércoles,distrito 9,2.4,3.0,8.0,24/04/2025
rotación media,"1,94 €",8.0,24.0,18.0,30.0,sí,1.374125181605457,14693.0,tarde,viernes,distrito 10,-99.0,4.0,8.0,28/06/2025
alta rotación,"2,31 €",8.0,35.0,2.0,80.0,sí,1.125247145391711,27195.0,mañana,jueves,distrito 7,4.0,6.0,1.0,22/04/2025
alta rotación,"3,28 €",25.0,13.0,10.0,240.0,sí,0.3424960097668345,10711.0,mañana,lunes,distrito 4,0.8,5.0,1.0,28/02/2025
larga estancia,"2,49 €",58.0,20.0,1.0,249.0,sí,0.5376452322625428,10032.0,tarde,viernes,distrito 5,3.7,1.0,0.0,04/05/2025
rotación media,"2,48 €",37.0,6.0,0.0,79.0,sí,0.3992488638634793,9228.0,mañana,sábado,distrito 7,4.8,3.0,4.0,03/07/2025
LARGA ESTANCIA,"1,41 €",39.0,57.0,1.0,216.0,sí,1.1063905226687039,10498.0,mañana,lunes,distrito 9,3.7,6.0,3.0,15/05/2025
ALTA ROTACIÓN,"1,76 €",21.0,4.0,8.0,26.0,sí,1.2900636922267883,11869.0,mediodía,lunes,distrito 9,1.2,3.0,3.0,15/02/2025
rotación media,"0,72 €",14.0,28.0,5.0,34.0,no,1.8564895685195484,5329.0,mañana,miércoles,distrito 3,1.2,1.0,4.0,10/07/2025
alta rotacion,"2,05 €",19.0,10.0,31.0,61.0,sí,1.1596204917234973,5758.0,mañana,viernes,distrito 4,2.3,2.0,0.0,20/06/2025
larga estancia,"1,37 €",28.0,1.0,0.0,65.0,no,0.46862687842676876,2733.0,mañana,jueves,distrito 3,1.2,2.0,4.0,20/09/2025
ROTACIÓN MEDIA,"1,05 €",14.0,26.0,11.0,21.0,sí,1.4218512705291078,14047.0,mediodía,viernes,distrito 9,2.7,1.0,3.0,10/07/2025
rotación media,"2,50 €",49.0,38.0,17.0,157.0,no,1.443386973333419,8187.0,tarde,lunes,distrito 7,2.5,4.0,8.0,17/08/2025
LARGA ESTANCIA,"3,06 €",37.0,5.0,2.0,56.0,no,0.5665009277945672,9761.0,mañana,miércoles,distrito 10,3.9,5.0,6.0,21/08/2025
larga estancia,"1,87 €",55.0,21.0,2.0,30.0,no,0.8685587643030777,3895.0,mediodía,jueves,distrito 2,3.3,2.0,1.0,16/02/2025
larga estancia,"1,21 €",21.0,30.0,25.0,124.0,sí,1.4150256889309152,4710.0,mañana,lunes,distrito 9,4.3,4.0,7.0,04/08/2025
alta rotación,"2,30 €",28.0,45.0,5.0,128.0,sí,0.9568740930908484,7627.0,tarde,martes,distrito 1,0.8,5.0,7.0,01/10/2025
residentes,"2,92 €",30.0,18.0,11.0,55.0,sí,0.7745133754858188,14840.0,mediodía,miércoles,distrito 5,2.7,6.0,7.0,28/02/2025
rotación media,"0,62 €",40.0,16.0,7.0,82.0,sí,1.349898406088443,13062.0,mediodía,jueves,distrito 5,4.4,4.0,6.0,18/01/2025
alta rotación,"2,39 €",13.0,16.0,3.0,109.0,no,0.9529337562920683,12618.0,tarde,miércoles,distrito 6,-99.0,2.0,0.0,26/10/2025
ALTA ROTACIÓN,"1,83 €",20.0,35.0,4.0,29.0,sí,1.0725541138180341,11081.0,tarde,jueves,distrito 7,3.5,3.0,2.0,29/03/2025
alta rotación,"1,49 €",41.0,21.0,17.0,35.0,sí,1.1451369937105635,10040.0,mediodía,jueves,distrito 7,-99.0,4.0,6.0,03/08/2025
residentes,"3,81 €",44.0,13.0,18.0,71.0,no,0.8396467658309479,8650.0,mañana,sábado,distrito 11,2.5,4.0,2.0,15/05/2025
larga estancia,"3,45 €",44.0,37.0,4.0,61.0,sí,0.5141762871672017,5580.0,mañana,miércoles,distrito 7,3.8,5.0,7.0,30/04/2025
alta rotación,"1,13 €",11.0,21.0,9.0,204.0,sí,1.4120254278107371,8138.0,mañana,viernes,distrito 1,-99.0,3.0,5.0,02/03/2025
rotación media,"2,73 €",31.0,33.0,32.0,4.0,sí,1.2271076412910311,8417.0,mañana,sábado,distrito 10,2.1,3.0,6.0,08/03/2025
larga estancia,"1,62 €",37.0,35.0,9.0,5.0,sí,1.1529253932863486,8020.0,mañana,martes,distrito 11,2.7,1.0,1.0,04/07/2025
alta rotación,"3,44 €",26.0,15.0,12.0,49.0,sí,0.9147069732767649,23346.0,tarde,sábado,distrito 11,3.7,2.0,6.0,12/08/2025
LARGA ESTANCIA,"1,89 €",33.0,38.0,36.0,59.0,sí,1.3153783926137725,23369.0,tarde,lunes,distrito 1,2.6,6.0,2.0,01/02/2025
ROTACIÓN MEDIA,"3,51 €",55.0,25.0,30.0,72.0,sí,0.9029094946956863,5821.0,mañana,sábado,distrito 1,2.7,6.0,3.0,07/01/2025
alta rotacion,"1,79 €",19.0,12.0,13.0,18.0,sí,1.017674405133117,4567.0,mañana,lunes,distrito 5,3.1,5.0,4.0,22/08/2025
residentes,"2,50 €",25.0,50.0,14.0,31.0,sí,1.2715561403780324,11183.0,mañana,sábado,distrito 6,1.6,6.0,6.0,29/08/2025
ROTACIÓN MEDIA,"2,49 €",54.0,7.0,3.0,101.0,sí,0.618606991300728,9432.0,tarde,viernes,distrito 1,2.5,3.0,7.0,07/05/2025
  alta rotación ,"1,20 €",53.0,6.0,18.0,61.0,sí,1.0054210943834359,5876.0,mediodía,jueves,distrito 2,4.0,4.0,7.0,16/01/2025
alta rotación,"1,25 €",10.0,44.0,31.0,29.0,sí,1.9590141200693418,7632.0,tarde,lunes,distrito 6,-99.0,1.0,2.0,17/04/2025
alta rotación,"2,89 €",60.0,22.0,8.0,102.0,sí,0.6517584831212493,10231.0,mediodía,martes,distrito 4,2.8,5.0,0.0,27/07/2025
rotación media,"2,54 €",14.0,24.0,2.0,104.0,sí,0.8039969241477366,5555.0,mañana,martes,distrito 8,0.8,5.0,8.0,27/05/2025
rotación media,"2,82 €",35.0,14.0,18.0,304.0,sí,0.5346906497020099,8858.0,mañana,viernes,distrito 11,4.0,2.0,2.0,02/11/2025
rotación media,"2,70 €",34.0,28.0,8.0,104.0,sí,0.7122377976462916,53454.0,tarde,martes,distrito 8,1.3,1.0,8.0,12/03/2025
rotación media,"1,77 €",20.0,6.0,15.0,39.0,sí,0.9802501072233758,5528.0,mañana,viernes,distrito 8,3.9,2.0,0.0,29/10/2025
rotación media,"1,63 €",36.0,33.0,5.0,186.0,sí,1.2037342541468448,2348.0,mañana,viernes,distrito 8,4.3,3.0,3.0,12/09/2025
rotacion media,"1,59 €",17.0,11.0,2.0,28.0,sí,0.9729684044109819,26235.0,mediodía,jueves,distrito 9,5.4,0.0,7.0,11/03/2025
  alta rotación ,"1,92 €",15.0,12.0,0.0,146.0,sí,0.36666606465476664,4602.0,tarde,viernes,distrito 10,2.8,5.0,1.0,29/03/2025
rotacion media,"1,87 €",21.0,3.0,0.0,54.0,no,0.8199547909198215,14007.0,tarde,lunes,distrito 11,0.8,4.0,6.0,01/05/2025
larga estancia,"2,20 €",60.0,10.0,13.0,64.0,no,1.4457927094520842,7995.0,tarde,lunes,distrito 8,-99.0,2.0,7.0,06/06/2025
rotación media,"1,28 €",16.0,5.0,2.0,27.0,sí,0.8578413413015691,10013.0,mediodía,viernes,distrito 7,2.9,2.0,6.0,25/09/2025
  rotación media ,"1,78 €",27.0,13.0,2.0,18.0,sí,0.5347862281577542,13007.0,mediodía,viernes,distrito 6,3.5,3.0,7.0,16/04/2025
  rotación media ,"1,84 €",42.0,41.0,6.0,6.0,sí,1.838792470666568,8848.0,mediodía,miércoles,distrito 11,3.9,5.0,3.0,21/07/2025
  residentes ,"1,68 €",17.0,69.0,7.0,66.0,sí,1.2037521277674201,5486.0,mediodía,jueves,distrito 4,3.5,4.0,5.0,09/01/2025
  residentes ,"1,33 €",16.0,16.0,0.0,267.0,sí,1.0815949243162861,3041.0,mañana,lunes,distrito 11,5.9,0.0,7.0,19/02/2025
alta rotación,"3,33 €",41.0,43.0,3.0,57.0,sí,1.0542867546162356,10974.0,mediodía,miércoles,distrito 8,2.3,4.0,7.0,23/08/2025
residentes,"2,13 €",50.0,13.0,8.0,46.0,sí,1.1744220290801826,10416.0,tarde,jueves,distrito 3,6.1,3.0,5.0,05/03/2025
alta rotación,"2,69 €",9.0,10.0,12.0,19.0,no,0.9386523580537897,5044.0,tarde,sábado,distrito 5,1.9,4.0,2.0,27/07/2025
rotación media,"0,64 €",49.0,26.0,4.0,41.0,sí,1.4270462112153226,15007.0,tarde,lunes,distrito 6,2.9,1.0,8.0,18/09/2025
rotación media,"1,73 €",9.0,7.0,0.0,35.0,sí,0.5895787437240941,4296.0,mañana,jueves,distrito 3,3.7,0.0,0.0,28/03/2025
rotacion media,"1,90 €",29.0,42.0,2.0,48.0,sí,1.1854348084009136,14531.0,mediodía,lunes,distrito 3,3.0,2.0,7.0,28/02/2025
alta rotación,"2,16 €",25.0,63.0,27.0,36.0,sí,1.295257807728043,7544.0,mañana,sábado,distrito 7,4.8,1.0,3.0,28/04/2025
larga estancia,"1,11 €",28.0,22.0,41.0,56.0,sí,1.5378591840384093,5223.0,mañana,miércoles,distrito 9,4.7,0.0,0.0,23/10/2025
rotacion media,"1,56 €",8.0,32.0,1.0,76.0,sí,0.7879224820228292,4659.0,mediodía,sábado,distrito 9,4.9,0.0,5.0,26/03/2025
residentes,"1,76 €",51.0,11.0,2.0,15.0,no,1.1709505974282726,7051.0,mañana,martes,distrito 2,4.6,1.0,1.0,19/01/2025
  rotación media ,"0,60 €",26.0,47.0,2.0,112.0,sí,1.6542621396228987,9318.0,tarde,lunes,distrito 8,3.5,1.0,3.0,25/04/2025
  rotación media ,"2,37 €",17.0,23.0,10.0,81.0,sí,0.7952998077585081,18238.0,mediodía,sábado,distrito 1,3.6,6.0,6.0,04/04/2025
  alta rotación ,"2,08 €",52.0,40.0,4.0,115.0,sí,1.1228587541727286,15306.0,mañana,miércoles,distrito 2,0.8,3.0,8.0,12/05/2025
alta rotación,"2,38 €",23.0,16.0,4.0,316.0,no,0.913658253986455,9707.0,mediodía,lunes,distrito 6,2.6,0.0,1.0,27/10/2025
larga estancia,"2,69 €",46.0,17.0,10.0,57.0,sí,1.0218474840130316,6364.0,mañana,sábado,distrito 2,2.6,6.0,1.0,31/10/2025
rotación media,"1,23 €",49.0,23.0,2.0,65.0,sí,1.2332895245423932,8094.0,tarde,martes,distrito 6,3.8,0.0,4.0,06/08/2025
larga estancia,"2,11 €",13.0,44.0,5.0,63.0,sí,0.7601292472526728,8571.0,mañana,viernes,distrito 1,2.6,4.0,4.0,20/10/2025
alta rotación,"1,46 €",37.0,15.0,2.0,65.0,sí,0.9151056455866816,7776.0,mañana,lunes,distrito 6,3.0,1.0,5.0,26/03/2025
alta rotación,"2,30 €",30.0,16.0,1.0,58.0,sí,0.577934877333278,2881.0,mediodía,miércoles,distrito 11,3.8,0.0,1.0,26/02/2025
  residentes ,"2,68 €",41.0,5.0,7.0,34.0,sí,0.7501730670540663,12638.0,mañana,viernes,distrito 7,-99.0,4.0,6.0,10/04/2025
larga estancia,"2,83 €",56.0,9.0,3.0,87.0,no,0.6949351057861325,5729.0,mediodía,jueves,distrito 1,2.3,2.0,0.0,30/08/2025
rotación media,"1,73 €",47.0,29.0,16.0,38.0,sí,1.1864446108747198,2871.0,mañana,martes,distrito 8,3.8,6.0,2.0,11/07/2025
rotación media,"2,07 €",59.0,24.0,10.0,43.0,sí,1.1620364723809298,8422.0,tarde,miércoles,distrito 2,1.1,4.0,2.0,11/09/2025
rotación media,"1,55 €",26.0,23.0,21.0,111.0,sí,0.7385426190584026,5962.0,tarde,miércoles,distrito 3,2.8,1.0,1.0,16/03/2025
rotación media,"1,50 €",7.0,33.0,1.0,106.0,no,1.1214626626491397,9485.0,mediodía,viernes,distrito 1,5.2,6.0,7.0,07/09/2025
residentes,"3,10 €",47.0,11.0,1.0,38.0,sí,0.6476768253463377,21621.0,mañana,miércoles,distrito 1,1.8,2.0,1.0,06/09/2025
alta rotación,"3,26 €",57.0,31.0,3.0,21.0,no,1.279773172626336,2240.0,tarde,viernes,distrito 4,0.8,5.0,3.0,28/07/2025
LARGA ESTANCIA,"2,50 €",40.0,9.0,2.0,102.0,sí,0.5384071753634697,12372.0,tarde,miércoles,distrito 3,3.5,0.0,1.0,08/01/2025
larga estancia,"1,92 €",34.0,12.0,19.0,1.0,sí,1.2212760348386795,5539.0,mañana,martes,distrito 10,4.2,3.0,7.0,03/07/2025
residentes,"3,40 €",10.0,12.0,18.0,84.0,sí,1.3277640980973762,13877.0,tarde,viernes,distrito 10,2.6,5.0,8.0,22/07/2025
rotación media,"1,33 €",33.0,19.0,9.0,35.0,sí,1.1925150693613396,18325.0,tarde,miércoles,distrito 7,3.5,0.0,2.0,07/09/2025
residentes,"2,28 €",32.0,42.0,0.0,75.0,no,0.8999029758785496,25612.0,mañana,jueves,distrito 6,2.6,0.0,1.0,26/04/2025
alta rotación,"2,89 €",15.0,7.0,18.0,69.0,no,0.7983364378856594,7027.0,tarde,sábado,distrito 5,3.7,4.0,0.0,30/01/2025
rotación media,"3,72 €",14.0,12.0,14.0,30.0,sí,0.7472958231807203,13946.0,tarde,sábado,distrito 10,2.3,0.0,6.0,22/05/2025
alta rotación,"1,77 €",12.0,11.0,11.0,9.0,sí,1.041011232302328,7494.0,mañana,viernes,distrito 3,4.3,6.0,7.0,02/09/2025
alta rotación,"1,85 €",11.0,27.0,7.0,17.0,sí,0.8751682574420427,5442.0,tarde,sábado,distrito 8,2.7,3.0,2.0,17/02/2025
ALTA ROTACIÓN,"0,50 €",35.0,52.0,18.0,35.0,sí,1.7820878463761898,16558.0,mediodía,sábado,distrito 11,5.1,0.0,3.0,29/10/2025
rotacion media,"1,70 €",27.0,20.0,4.0,98.0,sí,0.8714861693941045,19266.0,mañana,sábado,distrito 3,1.3,5.0,7.0,27/08/2025
rotacion media,"1,35 €",13.0,71.0,16.0,90.0,sí,1.461108832760966,13554.0,mañana,jueves,distrito 8,3.9,3.0,1.0,24/05/2025
residentes,"2,24 €",40.0,18.0,14.0,68.0,sí,1.2972461776333082,16308.0,mediodía,sábado,distrito 6,2.1,6.0,6.0,06/02/2025
larga estancia,"1,61 €",46.0,19.0,9.0,52.0,sí,1.163498846524766,16045.0,mediodía,jueves,distrito 8,3.6,0.0,2.0,21/05/2025
residentes,"2,52 €",48.0,28.0,3.0,16.0,sí,0.9262083908481575,14408.0,mañana,miércoles,distrito 10,2.3,3.0,7.0,21/04/2025
larga estancia,"3,05 €",52.0,16.0,4.0,64.0,sí,0.7312677572893549,3584.0,tarde,lunes,distrito 2,2.2,5.0,5.0,22/04/2025
LARGA ESTANCIA,"1,69 €",40.0,11.0,1.0,126.0,no,0.77825351922713,7786.0,mañana,viernes,distrito 5,5.3,4.0,2.0,09/07/2025
rotación media,"1,61 €",18.0,8.0,2.0,29.0,sí,0.7280142121975033,35493.0,tarde,sábado,distrito 3,2.7,5.0,1.0,15/10/2025
alta rotación,"2,83 €",23.0,86.0,10.0,11.0,sí,1.131124162108092,3771.0,tarde,martes,distrito 2,1.4,2.0,2.0,18/09/2025
alta rotación,"1,35 €",15.0,4.0,6.0,32.0,sí,0.9760439824685336,17458.0,mediodía,lunes,distrito 8,3.5,6.0,2.0,26/05/2025
  residentes ,"2,95 €",29.0,34.0,1.0,40.0,sí,0.6779165073753324,7213.0,mañana,miércoles,distrito 8,-99.0,0.0,2.0,22/07/2025
alta rotacion,"2,84 €",51.0,12.0,4.0,88.0,sí,0.4151707127674157,5450.0,tarde,miércoles,distrito 7,1.1,0.0,4.0,21/04/2025
alta rotación,"2,46 €",30.0,13.0,3.0,55.0,sí,0.5240742723566962,17984.0,mañana,sábado,distrito 4,5.2,3.0,4.0,25/03/2025
RESIDENTES,"2,64 €",29.0,3.0,8.0,51.0,no,0.8974897232825925,18438.0,mediodía,martes,distrito 6,5.2,5.0,0.0,28/04/2025
rotación media,"1,44 €",16.0,42.0,3.0,42.0,sí,1.0266681816215233,8829.0,mediodía,viernes,distrito 5,4.1,4.0,5.0,14/03/2025
rotación media,"1,68 €",38.0,42.0,73.0,9.0,sí,1.8037178685369326,12621.0,mañana,martes,distrito 6,2.9,6.0,4.0,19/02/2025
RESIDENTES,"2,68 €",13.0,4.0,6.0,51.0,sí,0.6513893812158482,19810.0,mediodía,viernes,distrito 9,3.0,0.0,8.0,13/07/2025
rotación media,"1,15 €",6.0,21.0,2.0,147.0,sí,1.3369744252238684,4580.0,tarde,sábado,distrito 2,5.8,6.0,4.0,07/07/2025
alta rotación,"1,83 €",40.0,14.0,11.0,33.0,sí,0.9714204785021529,4182.0,mediodía,miércoles,distrito 2,2.0,0.0,5.0,23/10/2025
alta rotacion,"2,22 €",59.0,19.0,19.0,41.0,sí,0.9916726457089419,9802.0,tarde,jueves,distrito 3,5.6,2.0,0.0,08/01/2025
alta rotación,"1,68 €",59.0,0.0,10.0,134.0,sí,0.7185175626837013,38202.0,mañana,viernes,distrito 4,2.3,0.0,0.0,19/10/2025
larga estancia,"2,75 €",45.0,14.0,9.0,59.0,sí,0.6639425277815573,6669.0,tarde,miércoles,distrito 9,3.6,4.0,5.0,16/02/2025
alta rotación,"2,70 €",23.0,17.0,1.0,23.0,no,1.1624579043088503,4005.0,mediodía,viernes,distrito 2,3.0,0.0,1.0,13/08/2025
larga estancia,"3,76 €",35.0,28.0,2.0,37.0,sí,0.35641161464088866,9638.0,tarde,martes,distrito 10,6.0,4.0,8.0,26/08/2025
alta rotación,"2,44 €",11.0,33.0,15.0,235.0,sí,0.7941004563398584,11133.0,mañana,lunes,distrito 9,2.9,3.0,8.0,18/09/2025
alta rotación,"2,30 €",8.0,24.0,9.0,48.0,no,1.3226643647867373,7806.0,tarde,jueves,distrito 3,0.8,3.0,6.0,21/06/2025
  larga estancia ,"2,16 €",38.0,20.0,1.0,45.0,sí,0.49196350742026773,6219.0,mañana,jueves,distrito 4,4.1,3.0,4.0,08/08/2025
ALTA ROTACIÓN,"2,61 €",21.0,37.0,13.0,159.0,sí,0.7277107768623048,4749.0,mediodía,sábado,distrito 1,2.1,0.0,0.0,24/05/2025
rotación media,"1,50 €",25.0,8.0,1.0,4.0,no,0.8726132020803891,6965.0,tarde,lunes,distrito 8,4.1,3.0,7.0,17/08/2025
larga estancia,"0,80 €",41.0,18.0,2.0,36.0,sí,1.222041340694673,15512.0,mediodía,sábado,distrito 9,-99.0,3.0,5.0,14/04/2025
larga estancia,"2,17 €",59.0,34.0,3.0,24.0,no,0.9098708070240924,10696.0,mediodía,miércoles,distrito 2,2.2,5.0,7.0,21/06/2025
rotación media,"2,72 €",28.0,10.0,0.0,19.0,no,0.6996823598565681,7742.0,mediodía,jueves,distrito 9,1.1,4.0,1.0,25/05/2025
larga estancia,"2,57 €",58.0,14.0,4.0,96.0,sí,0.6112400502505386,5740.0,mañana,jueves,distrito 4,2.1,0.0,5.0,20/08/2025
larga estancia,"3,03 €",19.0,36.0,5.0,57.0,sí,0.6923959475851901,5136.0,mediodía,jueves,distrito 9,4.2,6.0,7.0,07/03/2025
  alta rotación ,"2,17 €",43.0,1.0,7.0,2.0,no,0.9050138151501461,10846.0,mañana,miércoles,distrito 10,3.7,1.0,4.0,25/01/2025
larga estancia,"1,47 €",53.0,26.0,6.0,105.0,sí,0.8021890133127374,12397.0,tarde,viernes,distrito 4,3.1,2.0,0.0,05/03/2025
alta rotación,"2,90 €",37.0,26.0,30.0,84.0,sí,0.8532606224537573,6528.0,tarde,martes,distrito 8,3.8,5.0,4.0,08/06/2025
alta rotación,"1,32 €",22.0,20.0,0.0,70.0,sí,0.8571067739431518,13381.0,mañana,jueves,distrito 9,1.4,5.0,0.0,08/04/2025
ALTA ROTACIÓN,"2,44 €",35.0,9.0,4.0,139.0,sí,0.22367468839529708,15229.0,tarde,lunes,distrito 1,1.9,3.0,2.0,31/03/2025
rotación media,"1,81 €",9.0,49.0,3.0,65.0,sí,0.9970520305675457,8344.0,mañana,viernes,distrito 1,3.6,2.0,3.0,12/05/2025
rotación media,"2,84 €",51.0,129.0,8.0,12.0,sí,1.2731882760758686,5997.0,mediodía,martes,distrito 7,0.8,5.0,0.0,26/09/2025
rotación media,"1,88 €",43.0,90.0,2.0,34.0,sí,1.0014719349152943,21594.0,mañana,jueves,distrito 1,2.2,5.0,7.0,18/06/2025
rotación media,"0,50 €",42.0,15.0,17.0,7.0,sí,1.7896434728203698,2808.0,mañana,sábado,distrito 1,1.3,2.0,5.0,07/07/2025
rotación media,"1,85 €",46.0,14.0,1.0,115.0,sí,0.9728360260209734,23014.0,tarde,lunes,distrito 2,3.8,3.0,3.0,27/05/2025
RESIDENTES,"1,84 €",41.0,15.0,10.0,71.0,sí,1.142412280019052,7154.0,mañana,martes,distrito 1,2.7,2.0,1.0,29/03/2025
larga estancia,"2,08 €",41.0,15.0,5.0,6.0,sí,0.9833608151548292,11009.0,tarde,miércoles,distrito 7,4.7,4.0,8.0,09/03/2025
alta rotación,"2,86 €",54.0,6.0,31.0,10.0,no,1.279329654808857,9182.0,mañana,miércoles,distrito 8,3.3,2.0,5.0,18/01/2025
alta rotacion,"1,87 €",47.0,11.0,7.0,53.0,no,0.7721302964225627,9183.0,mañana,miércoles,distrito 1,1.0,1.0,7.0,23/05/2025
rotación media,"2,06 €",46.0,10.0,7.0,9.0,no,1.5418722201825341,5711.0,mediodía,viernes,distrito 1,4.1,6.0,3.0,29/01/2025
rotacion media,"2,63 €",23.0,11.0,5.0,112.0,no,0.5541831761864626,23630.0,tarde,jueves,distrito 1,2.2,6.0,8.0,01/09/2025
residentes,"1,28 €",46.0,3.0,5.0,158.0,sí,0.667814086844649,25485.0,mediodía,lunes,distrito 2,1.1,2.0,5.0,16/03/2025
larga estancia,"3,28 €",39.0,49.0,0.0,87.0,sí,0.48108251023193105,7154.0,mañana,lunes,distrito 2,5.1,6.0,1.0,08/02/2025
residentes,"1,16 €",9.0,24.0,17.0,68.0,sí,1.517330928171581,7200.0,mañana,miércoles,distrito 4,2.4,3.0,5.0,18/03/2025
alta rotación,"2,29 €",11.0,16.0,7.0,16.0,sí,0.8979797713436565,10472.0,mañana,jueves,distrito 10,4.8,0.0,8.0,28/01/2025
alta rotación,"1,44 €",25.0,11.0,19.0,48.0,no,1.5281717626335964,2238.0,tarde,sábado,distrito 5,6.0,5.0,7.0,09/01/2025
rotación media,"2,32 €",7.0,22.0,2.0,239.0,no,0.8454953036427075,8961.0,mañana,jueves,distrito 1,-99.0,1.0,4.0,26/06/2025
rotación media,"1,76 €",14.0,2.0,3.0,9.0,no,0.6762903001507027,4477.0,tarde,martes,distrito 6,3.9,2.0,0.0,30/07/2025
  larga estancia ,"1,93 €",25.0,11.0,1.0,50.0,sí,0.694310926101803,4915.0,mañana,lunes,distrito 3,-99.0,5.0,0.0,29/03/2025
residentes,"3,09 €",59.0,31.0,6.0,18.0,sí,0.8440866397062913,5302.0,mañana,martes,distrito 11,3.2,2.0,6.0,12/02/2025
larga estancia,"1,93 €",27.0,7.0,19.0,55.0,no,1.3055503516319527,31577.0,mañana,sábado,distrito 2,2.1,1.0,8.0,15/09/2025
rotación media,"3,24 €",43.0,39.0,33.0,220.0,sí,1.2191167758247743,11286.0,mañana,viernes,distrito 6,2.9,3.0,1.0,25/08/2025
alta rotación,"2,85 €",58.0,45.0,0.0,25.0,no,0.8647312103614213,7149.0,tarde,sábado,distrito 1,4.3,1.0,4.0,26/05/2025
larga estancia,"2,45 €",46.0,42.0,9.0,95.0,sí,0.9382378770829782,8401.0,mañana,martes,distrito 10,2.5,5.0,4.0,17/08/2025
rotación media,"3,12 €",46.0,49.0,4.0,70.0,sí,1.034381754844473,29390.0,tarde,jueves,distrito 6,3.6,4.0,2.0,28/02/2025
residentes,"3,16 €",41.0,13.0,8.0,190.0,no,1.2288852959970622,11987.0,tarde,viernes,distrito 2,1.9,5.0,3.0,18/02/2025
larga estancia,"1,03 €",48.0,36.0,12.0,30.0,sí,1.2713606775385657,8032.0,mañana,miércoles,distrito 10,4.0,6.0,0.0,31/03/2025
rotación media,"2,26 €",60.0,27.0,3.0,39.0,sí,0.694392735658078,10972.0,mañana,martes,distrito 6,1.8,2.0,8.0,20/05/2025
alta rotación,"2,31 €",27.0,11.0,5.0,51.0,sí,0.5185190404376028,25439.0,tarde,jueves,distrito 3,2.2,2.0,5.0,24/05/2025
  alta rotación ,"1,27 €",27.0,12.0,27.0,75.0,no,2.188143657764903,24297.0,mañana,martes,distrito 11,-99.0,4.0,1.0,26/02/2025
residentes,"1,80 €",49.0,62.0,7.0,79.0,sí,1.5824534012286984,2928.0,mediodía,jueves,distrito 4,3.8,2.0,4.0,30/08/2025
rotacion media,"3,79 €",29.0,10.0,1.0,23.0,sí,0.7343716661018338,7181.0,mañana,miércoles,distrito 4,2.4,6.0,5.0,11/07/2025
rotación media,"2,72 €",27.0,26.0,5.0,113.0,no,0.8468815344613836,7804.0,mañana,miércoles,distrito 1,2.1,6.0,5.0,19/04/2025
rotación media,"1,53 €",41.0,29.0,1.0,0.0,sí,1.3944864077006234,15883.0,mañana,miércoles,distrito 9,3.6,5.0,8.0,25/04/2025
alta rotación,"2,61 €",54.0,11.0,1.0,211.0,sí,0.2482535689129188,5421.0,tarde,miércoles,distrito 9,2.3,4.0,8.0,15/04/2025
alta rotación,"1,62 €",6.0,4.0,4.0,149.0,no,1.1139537755301974,13946.0,mañana,viernes,distrito 4,2.5,4.0,7.0,08/07/2025
rotación media,"1,58 €",11.0,2.0,2.0,21.0,sí,0.6377993827284556,9406.0,tarde,miércoles,distrito 5,2.4,5.0,6.0,02/11/2025
residentes,"2,87 €",31.0,38.0,3.0,52.0,sí,0.5397577963053268,3876.0,mediodía,sábado,distrito 3,6.4,3.0,6.0,25/05/2025
rotación media,"2,48 €",42.0,23.0,2.0,58.0,sí,0.9351013935050979,19239.0,mañana,sábado,distrito 1,2.3,6.0,2.0,08/04/2025
residentes,"2,82 €",44.0,35.0,21.0,78.0,sí,1.2117698653937239,11390.0,mañana,sábado,distrito 4,3.7,0.0,6.0,16/04/2025
larga estancia,"1,95 €",33.0,12.0,2.0,73.0,no,0.756859821572611,16634.0,tarde,jueves,distrito 1,3.6,2.0,1.0,09/03/2025
residentes,"2,23 €",60.0,26.0,11.0,69.0,no,1.4226606670556299,8646.0,mediodía,viernes,distrito 5,2.7,1.0,0.0,06/05/2025
larga estancia,"0,90 €",18.0,2.0,2.0,69.0,sí,1.243618805563258,8529.0,mediodía,miércoles,distrito 8,3.8,0.0,7.0,03/08/2025
alta rotación,"2,71 €",54.0,11.0,22.0,19.0,no,1.3022464717279396,11742.0,mediodía,jueves,distrito 3,3.7,3.0,1.0,07/04/2025
LARGA ESTANCIA,"1,92 €",57.0,16.0,25.0,25.0,sí,1.2284843139637323,5527.0,tarde,viernes,distrito 4,0.8,0.0,1.0,15/06/2025
rotación media,"1,97 €",53.0,26.0,21.0,26.0,sí,1.4589676779403296,9690.0,mediodía,sábado,distrito 9,2.3,4.0,1.0,14/09/2025
RESIDENTES,"3,11 €",50.0,17.0,27.0,95.0,sí,0.9049488552659058,4993.0,mañana,martes,distrito 8,1.7,6.0,0.0,29/05/2025
alta rotación,"1,48 €",17.0,24.0,5.0,34.0,sí,0.9582162529544647,16496.0,mediodía,jueves,distrito 4,0.8,6.0,2.0,16/08/2025
rotación media,"2,66 €",24.0,70.0,8.0,35.0,sí,1.2195173882740384,6704.0,mañana,jueves,distrito 10,0.8,5.0,7.0,10/04/2025
residentes,"1,77 €",31.0,49.0,0.0,90.0,sí,1.2323558344677974,12012.0,mañana,jueves,distrito 9,4.7,5.0,7.0,05/07/2025
rotación media,"1,86 €",15.0,37.0,10.0,74.0,sí,1.0240706772081298,13195.0,mediodía,martes,distrito 8,3.9,3.0,6.0,20/05/2025
alta rotacion,"1,66 €",59.0,22.0,1.0,59.0,sí,0.4771316317056694,11004.0,mediodía,miércoles,distrito 8,5.0,3.0,1.0,14/03/2025
residentes,"1,77 €",34.0,15.0,0.0,42.0,sí,0.8428364075198879,32482.0,mediodía,martes,distrito 11,3.9,0.0,1.0,15/03/2025
alta rotación,"2,11 €",29.0,38.0,0.0,11.0,no,0.9292655406414013,7653.0,mediodía,miércoles,distrito 3,-99.0,6.0,2.0,27/02/2025
ROTACIÓN MEDIA,"2,80 €",6.0,50.0,13.0,196.0,sí,0.9261787172149106,3024.0,mañana,martes,distrito 8,-99.0,5.0,6.0,08/04/2025
residentes,"0,70 €",27.0,27.0,11.0,31.0,sí,1.5560535464590377,14229.0,mañana,miércoles,distrito 7,1.7,3.0,7.0,05/09/2025
LARGA ESTANCIA,"2,66 €",20.0,22.0,9.0,59.0,sí,0.8727503200867838,17123.0,tarde,martes,distrito 6,2.9,6.0,0.0,23/09/2025
rotacion media,"2,11 €",55.0,28.0,12.0,121.0,sí,0.8565046919181617,7681.0,mediodía,jueves,distrito 8,0.8,0.0,0.0,03/03/2025
  rotación media ,"2,51 €",25.0,16.0,1.0,87.0,sí,0.6110599420584895,15228.0,mediodía,martes,distrito 3,6.5,6.0,5.0,16/07/2025
larga estancia,"1,97 €",48.0,24.0,3.0,27.0,sí,0.7955937352026325,10936.0,mediodía,lunes,distrito 8,3.8,4.0,7.0,17/09/2025
rotación media,"1,90 €",38.0,13.0,5.0,39.0,no,0.9318824754248125,11153.0,mediodía,miércoles,distrito 4,3.1,0.0,8.0,26/05/2025
alta rotación,"2,99 €",52.0,22.0,40.0,258.0,no,0.44324010284148596,2320.0,tarde,sábado,distrito 4,2.8,2.0,7.0,26/03/2025
larga estancia,"1,68 €",35.0,24.0,6.0,83.0,no,1.0308125596229525,6505.0,mañana,miércoles,distrito 7,3.3,2.0,8.0,26/01/2025
larga estancia,"0,50 €",50.0,40.0,12.0,16.0,sí,2.008740036563582,48813.0,mañana,lunes,distrito 4,3.6,1.0,8.0,08/09/2025
residentes,"2,05 €",58.0,18.0,5.0,79.0,no,0.9385583313224339,6226.0,tarde,sábado,distrito 11,4.5,1.0,5.0,10/08/2025
residentes,"2,57 €",20.0,21.0,8.0,119.0,no,1.147551468542562,23750.0,mediodía,jueves,distrito 1,1.8,4.0,2.0,17/05/2025
rotacion media,"1,83 €",14.0,26.0,3.0,82.0,no,1.10371723477688,27037.0,mañana,viernes,distrito 6,2.8,4.0,6.0,01/06/2025
larga estancia,"2,87 €",50.0,12.0,3.0,81.0,no,0.025519764997101846,13936.0,mañana,viernes,distrito 5,-99.0,6.0,8.0,15/05/2025
  alta rotación ,"2,38 €",25.0,6.0,2.0,125.0,sí,0.7345154621621108,7988.0,mañana,martes,distrito 3,2.9,4.0,0.0,17/08/2025
larga estancia,"3,04 €",54.0,23.0,11.0,62.0,sí,0.3498769417632715,2668.0,tarde,viernes,distrito 9,3.4,5.0,8.0,15/09/2025
larga estancia,"0,67 €",36.0,68.0,9.0,70.0,sí,1.7533009222806468,4841.0,mañana,sábado,distrito 11,2.1,5.0,7.0,13/02/2025
larga estancia,"1,76 €",52.0,5.0,22.0,171.0,no,0.6622072560274559,14243.0,mañana,martes,distrito 4,3.4,2.0,5.0,12/02/2025
rotación media,"1,48 €",18.0,9.0,1.0,88.0,sí,1.0654008266471553,7096.0,mañana,viernes,distrito 9,2.6,5.0,3.0,16/02/2025
rotación media,"2,29 €",22.0,16.0,0.0,97.0,sí,0.6022767739735739,8147.0,mediodía,lunes,distrito 10,3.1,3.0,7.0,01/06/2025
larga estancia,"2,70 €",8.0,21.0,11.0,45.0,sí,0.9172098885444719,5010.0,mañana,miércoles,distrito 5,4.2,3.0,1.0,19/02/2025
alta rotación,"1,66 €",50.0,28.0,15.0,32.0,no,1.4674402690838968,9370.0,mediodía,miércoles,distrito 10,4.2,1.0,1.0,13/04/2025
rotación media,"2,38 €",30.0,1.0,0.0,23.0,sí,0.2950926095364827,7550.0,mañana,martes,distrito 3,2.2,0.0,7.0,27/08/2025
residentes,"2,27 €",51.0,26.0,3.0,98.0,sí,1.2078941984069245,8395.0,mediodía,viernes,distrito 1,4.3,1.0,3.0,12/05/2025
rotación media,"2,23 €",18.0,43.0,9.0,83.0,sí,0.886768949981017,5701.0,mediodía,viernes,distrito 3,4.7,6.0,0.0,11/06/2025
larga estancia,"1,67 €",51.0,17.0,8.0,121.0,sí,1.3758620938237056,17215.0,tarde,lunes,distrito 3,3.7,1.0,3.0,01/09/2025
larga estancia,"1,19 €",30.0,26.0,13.0,2.0,sí,1.466077364975386,4410.0,mediodía,sábado,distrito 10,2.8,4.0,4.0,31/05/2025
alta rotación,"2,06 €",19.0,37.0,11.0,27.0,sí,1.2590841735285165,5484.0,tarde,sábado,distrito 4,3.8,4.0,8.0,16/03/2025
alta rotación,"2,57 €",35.0,37.0,3.0,205.0,no,0.9432751852291261,11253.0,mediodía,miércoles,distrito 11,1.6,4.0,8.0,09/02/2025
rotación media,"2,25 €",23.0,30.0,25.0,135.0,sí,0.9434894266900284,30871.0,tarde,jueves,distrito 8,5.5,5.0,3.0,01/02/2025
alta rotación,"1,00 €",38.0,28.0,14.0,9.0,no,1.373779641085167,24938.0,tarde,lunes,distrito 7,-99.0,6.0,8.0,04/06/2025
alta rotación,"1,19 €",50.0,2.0,28.0,43.0,sí,1.5838420927805796,16524.0,mediodía,lunes,distrito 2,5.8,0.0,1.0,05/05/2025
ROTACIÓN MEDIA,"2,22 €",6.0,6.0,3.0,34.0,sí,0.6644339350911279,8764.0,mediodía,jueves,distrito 8,4.7,2.0,7.0,26/08/2025
alta rotación,"2,97 €",8.0,42.0,11.0,103.0,sí,0.807541952297706,9058.0,mañana,lunes,distrito 1,1.1,3.0,6.0,19/10/2025
residentes,"1,83 €",16.0,26.0,18.0,16.0,no,1.7315176085154256,5009.0,mediodía,miércoles,distrito 7,2.9,1.0,8.0,23/10/2025
larga estancia,"2,99 €",8.0,21.0,2.0,37.0,no,0.7995512383764528,12009.0,mañana,sábado,distrito 9,2.2,6.0,3.0,22/05/2025
residentes,"2,19 €",26.0,42.0,9.0,11.0,sí,1.0222233573557826,14515.0,mañana,martes,distrito 9,3.5,6.0,8.0,16/10/2025
  alta rotación ,"1,45 €",9.0,19.0,7.0,169.0,sí,0.8127767944146478,4439.0,tarde,miércoles,distrito 4,2.1,0.0,6.0,07/02/2025
rotación media,"1,82 €",23.0,57.0,13.0,126.0,sí,1.170320935301696,21492.0,mediodía,sábado,distrito 5,2.4,6.0,2.0,21/04/2025
  alta rotación ,"2,33 €",57.0,7.0,23.0,29.0,sí,0.82802708223942,20877.0,mediodía,lunes,distrito 3,1.3,0.0,5.0,07/08/2025
residentes,"2,20 €",24.0,47.0,15.0,74.0,sí,1.3641147335853019,6598.0,mediodía,viernes,distrito 7,3.1,4.0,3.0,11/08/2025
rotación media,"1,04 €",34.0,8.0,5.0,104.0,no,0.9826627847789497,7968.0,mañana,sábado,distrito 11,3.1,5.0,7.0,17/03/2025
rotación media,"1,60 €",42.0,7.0,0.0,284.0,sí,0.6659312705488679,7518.0,mediodía,miércoles,distrito 7,1.3,6.0,8.0,02/11/2025
alta rotación,"2,73 €",49.0,23.0,23.0,69.0,sí,0.9856794282264373,7990.0,mañana,martes,distrito 6,4.6,2.0,1.0,18/02/2025
rotación media,"2,10 €",12.0,10.0,2.0,68.0,sí,0.8945149650187452,3868.0,mañana,sábado,distrito 9,2.0,4.0,3.0,02/08/2025
alta rotación,"2,26 €",25.0,78.0,1.0,73.0,sí,1.0397243220773946,4001.0,tarde,lunes,distrito 8,6.1,5.0,7.0,11/06/2025
alta rotación,"1,85 €",48.0,10.0,0.0,46.0,no,0.8288118531690035,12950.0,mediodía,lunes,distrito 6,1.5,3.0,2.0,08/10/2025
larga estancia,"1,68 €",28.0,37.0,18.0,24.0,no,1.3903116702507596,10551.0,mediodía,lunes,distrito 3,4.3,1.0,2.0,07/05/2025
alta rotación,"2,36 €",53.0,1.0,2.0,11.0,sí,0.052666786803076016,32483.0,tarde,jueves,distrito 1,4.0,2.0,0.0,16/01/2025
residentes,"2,38 €",47.0,28.0,3.0,95.0,sí,1.1541204927379705,18894.0,tarde,miércoles,distrito 9,4.6,4.0,3.0,05/04/2025
ALTA ROTACIÓN,"2,31 €",52.0,24.0,8.0,150.0,sí,1.13350013963196,4884.0,mediodía,sábado,distrito 2,4.1,3.0,1.0,29/06/2025
larga estancia,"1,98 €",19.0,6.0,6.0,26.0,no,0.9113099520800869,2715.0,mañana,lunes,distrito 6,3.8,2.0,7.0,02/03/2025
rotación media,"2,48 €",60.0,26.0,5.0,62.0,sí,0.9426066729424467,14086.0,mañana,viernes,distrito 4,2.8,0.0,2.0,21/08/2025
  larga estancia ,"3,28 €",42.0,31.0,15.0,105.0,sí,0.9960716244163191,7014.0,tarde,miércoles,distrito 2,3.7,4.0,0.0,13/07/2025
rotación media,"1,01 €",46.0,4.0,11.0,13.0,sí,1.2508901857650534,12019.0,tarde,viernes,distrito 5,3.2,5.0,0.0,07/10/2025
ROTACIÓN MEDIA,"0,96 €",48.0,16.0,17.0,41.0,sí,1.3473520258945637,5029.0,mediodía,martes,distrito 9,2.8,5.0,8.0,13/01/2025
rotación media,"2,44 €",15.0,24.0,10.0,4.0,no,1.2072685507503051,8902.0,mañana,jueves,distrito 11,2.3,5.0,0.0,08/02/2025
larga estancia,"1,02 €",11.0,5.0,16.0,143.0,no,1.3226432374572454,4794.0,mañana,miércoles,distrito 6,5.6,5.0,8.0,20/09/2025
ROTACIÓN MEDIA,"1,94 €",10.0,11.0,3.0,30.0,sí,1.0666150520428843,2861.0,tarde,jueves,distrito 2,2.0,5.0,2.0,19/01/2025
  alta rotación ,"3,27 €",30.0,15.0,21.0,42.0,no,0.9577954720847158,9145.0,mañana,martes,distrito 4,2.4,3.0,5.0,02/10/2025
alta rotación,"1,98 €",16.0,84.0,15.0,23.0,no,1.36941190063555,5826.0,mañana,jueves,distrito 6,2.0,2.0,6.0,11/08/2025
ROTACIÓN MEDIA,"1,19 €",6.0,42.0,7.0,101.0,no,1.778612681975603,16791.0,mediodía,sábado,distrito 11,4.9,0.0,7.0,07/09/2025
rotación media,"2,05 €",7.0,37.0,5.0,7.0,no,1.1277285568607711,10913.0,mediodía,martes,distrito 8,2.0,1.0,1.0,03/02/2025
larga estancia,"1,56 €",20.0,2.0,23.0,15.0,sí,1.1001395141708086,7365.0,mañana,sábado,distrito 9,1.2,4.0,6.0,25/04/2025
rotación media,"1,78 €",41.0,19.0,1.0,235.0,sí,0.8405319269741777,5933.0,mañana,sábado,distrito 6,2.4,0.0,4.0,03/09/2025
rotación media,"2,71 €",58.0,31.0,13.0,62.0,sí,0.6043660926161282,8552.0,mañana,jueves,distrito 8,1.0,1.0,4.0,02/02/2025
larga estancia,"1,50 €",37.0,5.0,6.0,115.0,sí,0.4617451355778471,14412.0,mediodía,martes,distrito 9,1.5,2.0,5.0,14/01/2025
residentes,"2,41 €",32.0,19.0,7.0,39.0,sí,1.0597336557435437,9398.0,mediodía,sábado,distrito 2,2.3,2.0,7.0,15/02/2025
rotación media,"2,43 €",38.0,15.0,1.0,96.0,sí,0.979530423360962,7719.0,mediodía,sábado,distrito 11,4.3,5.0,6.0,28/10/2025
larga estancia,"2,18 €",56.0,31.0,24.0,43.0,no,1.0615990700227227,8314.0,mediodía,lunes,distrito 6,2.9,3.0,4.0,25/02/2025
residentes,"0,85 €",39.0,25.0,4.0,47.0,sí,1.2046887615547008,12747.0,tarde,miércoles,distrito 2,3.1,4.0,3.0,29/05/2025
rotación media,"2,12 €",56.0,26.0,7.0,37.0,no,1.287967188772155,11146.0,tarde,jueves,distrito 3,3.8,0.0,0.0,22/07/2025
residentes,"3,28 €",7.0,20.0,29.0,72.0,sí,1.087802080119412,41695.0,mañana,martes,distrito 5,4.2,0.0,6.0,22/09/2025
alta rotación,"1,94 €",47.0,11.0,17.0,19.0,sí,0.8484127286003056,6976.0,mediodía,jueves,distrito 2,1.0,3.0,1.0,17/09/2025
LARGA ESTANCIA,"2,21 €",31.0,25.0,2.0,20.0,no,1.0503716217124486,7661.0,tarde,sábado,distrito 2,2.8,6.0,3.0,08/10/2025
ROTACIÓN MEDIA,"2,38 €",40.0,20.0,1.0,49.0,no,0.6764092197145579,2445.0,tarde,miércoles,distrito 7,3.0,1.0,0.0,07/01/2025
rotación media,"1,77 €",43.0,60.0,35.0,232.0,sí,1.3573393757222905,10617.0,mañana,miércoles,distrito 7,5.2,3.0,2.0,19/01/2025
rotación media,"0,88 €",32.0,36.0,9.0,32.0,sí,1.4420816700161885,4095.0,mediodía,jueves,distrito 4,3.2,2.0,4.0,25/06/2025
ALTA ROTACIÓN,"1,03 €",18.0,12.0,3.0,19.0,no,1.1325583869811133,7331.0,mañana,miércoles,distrito 5,3.3,5.0,6.0,19/06/2025
larga estancia,"2,31 €",33.0,11.0,7.0,82.0,sí,0.6959681392696004,7356.0,mañana,jueves,distrito 7,5.9,2.0,7.0,22/07/2025
rotación media,"2,34 €",49.0,17.0,6.0,17.0,no,0.9023416889230083,7580.0,mediodía,martes,distrito 1,4.0,4.0,8.0,13/05/2025
alta rotación,"2,78 €",10.0,22.0,7.0,3.0,no,1.49125142024636,21422.0,mañana,martes,distrito 3,-99.0,0.0,8.0,15/06/2025
ALTA ROTACIÓN,"3,31 €",43.0,17.0,3.0,86.0,sí,0.8373033241854229,24545.0,mañana,martes,distrito 10,3.9,4.0,2.0,03/10/2025
larga estancia,"2,60 €",51.0,17.0,16.0,21.0,sí,0.5616666367085712,10410.0,mañana,jueves,distrito 1,2.4,0.0,1.0,18/03/2025
  larga estancia ,"2,68 €",43.0,12.0,11.0,6.0,sí,0.52947851757718,4139.0,mañana,sábado,distrito 7,3.0,5.0,6.0,09/09/2025
larga estancia,"0,84 €",43.0,11.0,32.0,169.0,sí,1.739730181557759,20001.0,mediodía,miércoles,distrito 7,2.7,5.0,8.0,23/09/2025
rotación media,"2,66 €",49.0,18.0,20.0,55.0,no,1.3038102240131075,27974.0,mediodía,viernes,distrito 3,3.9,6.0,3.0,26/06/2025
rotación media,"1,41 €",41.0,24.0,49.0,28.0,no,1.9097397299455776,12761.0,mañana,lunes,distrito 8,2.5,6.0,3.0,18/10/2025
rotación media,"2,46 €",58.0,5.0,25.0,53.0,sí,1.4631253037194485,8911.0,mediodía,martes,distrito 2,3.5,6.0,1.0,08/02/2025
larga estancia,"1,75 €",27.0,28.0,1.0,23.0,sí,1.3796423492745378,19726.0,mediodía,viernes,distrito 6,2.5,6.0,5.0,28/06/2025
alta rotación,"1,57 €",32.0,6.0,2.0,25.0,sí,1.388728368705917,10078.0,tarde,viernes,distrito 1,0.8,0.0,4.0,29/06/2025
rotación media,"3,16 €",58.0,33.0,6.0,147.0,sí,0.8879190783835604,7259.0,tarde,viernes,distrito 7,3.7,1.0,7.0,19/07/2025
larga estancia,"3,83 €",13.0,15.0,8.0,108.0,sí,0.20919437248864886,16940.0,tarde,lunes,distrito 5,3.4,5.0,2.0,27/01/2025
  alta rotación ,"2,28 €",11.0,25.0,7.0,62.0,no,1.114359102019457,17914.0,mediodía,viernes,distrito 11,1.3,0.0,7.0,11/10/2025
rotación media,"2,39 €",9.0,28.0,3.0,32.0,no,0.866412957726514,10591.0,mañana,viernes,distrito 11,2.1,4.0,4.0,30/03/2025
residentes,"2,46 €",6.0,24.0,8.0,100.0,no,1.0371173304831087,7980.0,mediodía,sábado,distrito 6,3.5,3.0,8.0,12/06/2025
larga estancia,"1,80 €",29.0,7.0,11.0,240.0,no,0.7669282504312883,7339.0,mediodía,sábado,distrito 8,2.9,4.0,1.0,30/07/2025
rotación media,"2,39 €",10.0,20.0,1.0,24.0,sí,1.309484547303048,13740.0,mañana,lunes,distrito 8,-99.0,1.0,5.0,29/05/2025
  larga estancia ,"2,56 €",48.0,15.0,4.0,144.0,no,0.7823977868506032,2027.0,mañana,lunes,distrito 5,2.2,2.0,3.0,18/02/2025
larga estancia,"2,22 €",44.0,20.0,0.0,33.0,sí,0.5855981685061876,16031.0,mañana,miércoles,distrito 11,2.9,6.0,8.0,22/06/2025
residentes,"2,16 €",54.0,12.0,3.0,255.0,sí,0.5928740258000246,2905.0,mediodía,sábado,distrito 6,3.2,0.0,0.0,24/02/2025
  residentes ,"1,54 €",13.0,21.0,20.0,38.0,sí,1.3901478286707023,7096.0,mañana,martes,distrito 11,4.8,3.0,6.0,04/05/2025
larga estancia,"1,85 €",26.0,23.0,3.0,135.0,sí,1.094417232834765,6710.0,tarde,jueves,distrito 1,4.2,5.0,7.0,13/03/2025
larga estancia,"1,29 €",22.0,16.0,1.0,11.0,sí,0.8876401702200016,5821.0,mañana,viernes,distrito 11,3.5,5.0,6.0,02/07/2025
rotación media,"2,82 €",8.0,2.0,13.0,28.0,no,1.1365382768449304,25187.0,tarde,miércoles,distrito 3,3.3,3.0,3.0,11/09/2025
rotación media,"2,62 €",41.0,10.0,7.0,51.0,sí,0.7026518855492545,14399.0,mañana,lunes,distrito 7,2.1,1.0,5.0,18/06/2025
alta rotación,"1,93 €",52.0,13.0,21.0,101.0,no,1.1728799428803938,4632.0,mediodía,martes,distrito 2,5.1,5.0,3.0,15/04/2025
alta rotación,"0,71 €",58.0,16.0,9.0,98.0,sí,1.5281243089777519,12334.0,tarde,martes,distrito 6,1.9,2.0,8.0,16/08/2025
rotación media,"1,99 €",26.0,18.0,4.0,83.0,sí,0.9952901019180194,17788.0,tarde,jueves,distrito 4,2.5,6.0,8.0,30/05/2025
  rotación media ,"2,69 €",35.0,14.0,34.0,188.0,sí,0.7490135733917833,15524.0,tarde,jueves,distrito 2,2.4,2.0,3.0,25/05/2025
alta rotación,"1,65 €",54.0,18.0,5.0,116.0,sí,1.1997175704199186,7535.0,mediodía,lunes,distrito 11,4.5,3.0,3.0,06/05/2025
residentes,"2,03 €",30.0,11.0,11.0,97.0,no,0.9583692172404407,8232.0,mediodía,lunes,distrito 3,-99.0,6.0,6.0,02/06/2025
alta rotación,"2,66 €",30.0,49.0,7.0,35.0,sí,1.4096221567158214,11890.0,mediodía,martes,distrito 10,4.1,5.0,4.0,01/09/2025
rotación media,"1,95 €",59.0,11.0,21.0,106.0,sí,1.1940144306681173,35476.0,tarde,viernes,distrito 5,1.8,4.0,6.0,18/09/2025
larga estancia,"3,59 €",16.0,24.0,0.0,101.0,sí,0.031034236221316375,5077.0,mediodía,sábado,distrito 11,3.0,0.0,6.0,12/08/2025
rotación media,"2,32 €",22.0,6.0,8.0,31.0,no,1.1011665002351188,8938.0,tarde,miércoles,distrito 6,4.0,1.0,0.0,02/11/2025
rotación media,"2,20 €",9.0,11.0,1.0,61.0,no,1.076049402442333,11767.0,mañana,lunes,distrito 1,2.6,0.0,5.0,09/01/2025
residentes,"1,42 €",39.0,42.0,6.0,55.0,sí,1.4853368078291302,16674.0,mediodía,jueves,distrito 5,0.8,5.0,4.0,24/02/2025
  larga estancia ,"2,40 €",36.0,7.0,3.0,61.0,sí,0.32717035895323465,6705.0,tarde,martes,distrito 4,3.5,0.0,7.0,05/04/2025
rotación media,"1,78 €",56.0,44.0,3.0,116.0,sí,1.1177035328748766,3277.0,mediodía,lunes,distrito 7,2.4,1.0,3.0,10/04/2025
larga estancia,"2,39 €",20.0,11.0,18.0,81.0,no,0.9883933613168433,14322.0,mediodía,lunes,distrito 9,2.8,2.0,3.0,03/03/2025
ROTACIÓN MEDIA,"3,62 €",49.0,18.0,1.0,44.0,no,0.7375555679267426,29503.0,mañana,lunes,distrito 7,2.0,2.0,6.0,07/07/2025
rotación media,"1,48 €",28.0,34.0,19.0,26.0,sí,1.6488244688169504,2951.0,mañana,miércoles,distrito 10,1.4,6.0,6.0,11/03/2025
LARGA ESTANCIA,"2,34 €",27.0,26.0,8.0,65.0,sí,0.9447050893898022,19412.0,mediodía,jueves,distrito 10,4.4,0.0,2.0,10/05/2025
ROTACIÓN MEDIA,"1,47 €",39.0,5.0,35.0,34.0,sí,1.3729550714916494,9484.0,mañana,miércoles,distrito 8,5.1,4.0,6.0,08/10/2025
ALTA ROTACIÓN,"1,90 €",21.0,7.0,13.0,21.0,sí,1.0925520711037335,3794.0,tarde,viernes,distrito 2,3.9,3.0,8.0,02/08/2025
alta rotación,"1,93 €",55.0,22.0,6.0,92.0,sí,1.0372385975920362,7239.0,mediodía,martes,distrito 10,2.2,3.0,3.0,20/02/2025
  residentes ,"1,29 €",19.0,14.0,1.0,89.0,no,1.320573802532466,12863.0,mañana,lunes,distrito 7,3.1,2.0,3.0,26/06/2025
larga estancia,"1,48 €",30.0,20.0,6.0,34.0,sí,0.9103487581171206,12178.0,mañana,viernes,distrito 8,2.4,1.0,5.0,28/06/2025
alta rotación,"2,13 €",12.0,9.0,3.0,51.0,no,1.0419985049441254,5002.0,mañana,miércoles,distrito 1,4.5,6.0,7.0,10/08/2025
ALTA ROTACIÓN,"1,52 €",41.0,21.0,8.0,12.0,sí,1.0901279838408293,28000.0,tarde,jueves,distrito 10,1.7,4.0,1.0,08/03/2025
residentes,"1,35 €",42.0,27.0,3.0,122.0,sí,1.3971671043540173,12529.0,tarde,sábado,distrito 3,3.3,6.0,5.0,01/06/2025
rotacion media,"3,23 €",48.0,7.0,16.0,22.0,sí,0.8589128220407454,6141.0,tarde,miércoles,distrito 6,3.0,6.0,6.0,23/09/2025
larga estancia,"1,80 €",12.0,37.0,27.0,51.0,no,1.6617127527115216,14288.0,tarde,jueves,distrito 11,4.1,1.0,7.0,12/02/2025
alta rotación,"2,82 €",31.0,35.0,3.0,105.0,sí,0.9712907208311927,8106.0,tarde,jueves,distrito 1,4.6,4.0,0.0,08/09/2025
rotacion media,"2,06 €",43.0,10.0,10.0,20.0,no,1.4795545904003258,12330.0,mañana,miércoles,distrito 5,3.2,5.0,5.0,26/06/2025
alta rotación,"0,87 €",22.0,32.0,6.0,106.0,sí,1.5836278981821525,39978.0,tarde,martes,distrito 8,1.8,0.0,7.0,24/04/2025
residentes,"1,69 €",28.0,16.0,14.0,234.0,sí,1.074278244951131,2156.0,mañana,sábado,distrito 7,5.8,1.0,0.0,03/09/2025
rotación media,"3,66 €",57.0,14.0,5.0,52.0,sí,0.7449680955914013,8086.0,mañana,miércoles,distrito 11,4.3,2.0,6.0,23/10/2025
larga estancia,"0,90 €",43.0,32.0,3.0,39.0,sí,1.6814755766948497,24619.0,mediodía,viernes,distrito 4,2.9,0.0,0.0,01/04/2025
residentes,"2,85 €",18.0,11.0,0.0,82.0,sí,0.6159528729624528,19508.0,mediodía,martes,distrito 11,1.5,4.0,7.0,27/02/2025
  larga estancia ,"2,56 €",54.0,52.0,6.0,20.0,no,1.399865387441455,6984.0,mañana,miércoles,distrito 5,1.4,2.0,4.0,25/07/2025
alta rotación,"2,72 €",9.0,8.0,1.0,15.0,sí,0.5783354699342486,15181.0,mañana,jueves,distrito 5,3.5,2.0,6.0,12/10/2025
larga estancia,"1,68 €",12.0,18.0,0.0,247.0,no,0.673613907651595,14063.0,mediodía,jueves,distrito 4,2.2,6.0,8.0,09/02/2025
rotación media,"0,92 €",39.0,30.0,2.0,60.0,no,1.8751908517312685,6322.0,mañana,martes,distrito 9,2.5,2.0,4.0,05/05/2025
alta rotacion,"1,74 €",56.0,20.0,5.0,3.0,no,1.0063001317109042,5862.0,mañana,martes,distrito 5,1.1,4.0,7.0,08/06/2025
residentes,"2,38 €",11.0,38.0,9.0,31.0,sí,1.3696618003486947,14782.0,tarde,sábado,distrito 9,0.8,3.0,3.0,27/08/2025
larga estancia,"2,54 €",38.0,16.0,16.0,59.0,sí,0.9312879940292752,11381.0,mañana,martes,distrito 3,4.2,3.0,6.0,11/06/2025
alta rotación,"2,51 €",21.0,22.0,7.0,35.0,sí,1.208178860691279,5951.0,mañana,jueves,distrito 5,2.2,5.0,0.0,11/10/2025
  rotación media ,"2,05 €",39.0,9.0,1.0,100.0,sí,0.5838188125837995,4102.0,mañana,lunes,distrito 1,5.1,5.0,6.0,09/02/2025
rotación media,"1,47 €",51.0,35.0,1.0,65.0,sí,1.2752822369512349,12192.0,mañana,viernes,distrito 4,2.0,0.0,4.0,11/06/2025
rotación media,"2,14 €",46.0,14.0,4.0,25.0,sí,0.8542232997945337,9694.0,tarde,sábado,distrito 1,1.8,2.0,2.0,07/10/2025
ALTA ROTACIÓN,"1,89 €",23.0,41.0,31.0,63.0,sí,1.3493771514771833,4953.0,tarde,sábado,distrito 7,4.4,6.0,0.0,01/05/2025
residentes,"2,44 €",23.0,20.0,4.0,6.0,sí,0.912952573630906,15782.0,mañana,lunes,distrito 3,5.5,4.0,0.0,27/05/2025
rotación media,"1,23 €",22.0,28.0,0.0,43.0,sí,1.328388614196099,16300.0,mediodía,sábado,distrito 11,2.0,3.0,2.0,04/06/2025
larga estancia,"1,09 €",19.0,43.0,18.0,4.0,sí,2.033572128011444,24004.0,tarde,martes,distrito 2,3.4,4.0,1.0,27/07/2025
alta rotación,"3,36 €",34.0,1.0,16.0,33.0,sí,0.5882824693470741,5433.0,mañana,martes,distrito 6,-99.0,2.0,5.0,22/02/2025
  larga estancia ,"1,40 €",9.0,15.0,14.0,103.0,sí,1.4958257995542832,12716.0,mañana,miércoles,distrito 2,1.7,5.0,8.0,07/03/2025
ROTACIÓN MEDIA,"2,34 €",39.0,6.0,7.0,108.0,sí,0.6183433257708999,10786.0,mañana,lunes,distrito 2,1.8,1.0,1.0,09/05/2025
alta rotación,"2,18 €",49.0,29.0,3.0,10.0,sí,1.0687516127720946,12522.0,mediodía,miércoles,distrito 2,3.0,3.0,0.0,29/05/2025
larga estancia,"3,23 €",51.0,32.0,12.0,252.0,no,0.6553212898683337,12768.0,tarde,sábado,distrito 11,3.3,1.0,5.0,14/04/2025
ROTACIÓN MEDIA,"1,93 €",43.0,33.0,6.0,130.0,no,1.0790513518219025,19888.0,mañana,jueves,distrito 6,4.1,3.0,2.0,23/10/2025
larga estancia,"1,95 €",43.0,30.0,7.0,102.0,sí,1.026880287336784,8398.0,mediodía,martes,distrito 7,2.4,3.0,2.0,21/10/2025
alta rotación,"2,69 €",32.0,45.0,12.0,46.0,sí,0.7471151131852773,12335.0,tarde,lunes,distrito 10,4.8,3.0,6.0,11/01/2025
residentes,"1,70 €",35.0,32.0,6.0,84.0,sí,1.0658739250048543,10351.0,mediodía,lunes,distrito 5,-99.0,6.0,7.0,17/10/2025
alta rotacion,"2,75 €",42.0,24.0,25.0,121.0,no,1.0394330108685454,9743.0,tarde,sábado,distrito 2,2.8,0.0,2.0,14/07/2025
  rotación media ,"2,67 €",29.0,13.0,4.0,132.0,no,0.953878294103292,8383.0,mediodía,jueves,distrito 3,5.9,4.0,5.0,10/09/2025
  alta rotación ,"0,93 €",29.0,10.0,11.0,12.0,no,1.6943134625339291,10687.0,mediodía,sábado,distrito 11,5.5,1.0,7.0,23/01/2025
alta rotación,"1,46 €",58.0,29.0,14.0,37.0,no,1.3635495655098628,4076.0,mediodía,lunes,distrito 3,3.5,2.0,0.0,30/06/2025
  rotación media ,"2,29 €",37.0,27.0,1.0,18.0,sí,1.0558268711915841,2873.0,mediodía,sábado,distrito 5,3.4,2.0,7.0,14/10/2025
alta rotación,"1,73 €",40.0,27.0,10.0,157.0,no,1.284306192800645,16392.0,tarde,sábado,distrito 7,3.3,5.0,5.0,28/02/2025
residentes,"1,77 €",31.0,23.0,0.0,85.0,no,0.9835068153827956,8687.0,mañana,lunes,distrito 4,4.8,4.0,0.0,13/06/2025
LARGA ESTANCIA,"2,34 €",54.0,34.0,2.0,102.0,sí,0.6444426469225989,6533.0,mediodía,martes,distrito 5,5.9,4.0,5.0,24/03/2025
rotacion media,"1,57 €",47.0,46.0,2.0,265.0,no,1.240401486507569,5879.0,mañana,sábado,distrito 6,4.0,6.0,8.0,01/05/2025
rotación media,"2,31 €",41.0,21.0,1.0,57.0,no,1.2316916680962913,31554.0,mediodía,viernes,distrito 3,4.1,5.0,7.0,27/03/2025
  rotación media ,"0,50 €",45.0,33.0,7.0,47.0,sí,1.667867690671994,2227.0,mediodía,sábado,distrito 2,3.0,0.0,3.0,27/01/2025
alta rotación,"1,57 €",39.0,22.0,6.0,54.0,sí,1.21493221365346,5215.0,mediodía,viernes,distrito 10,5.8,5.0,4.0,15/10/2025
alta rotación,"0,65 €",40.0,2.0,20.0,37.0,sí,1.0779001964282626,9135.0,tarde,jueves,distrito 9,3.7,3.0,2.0,31/01/2025
RESIDENTES,"1,43 €",40.0,12.0,29.0,101.0,sí,1.1318782820916276,5292.0,tarde,jueves,distrito 7,2.9,3.0,2.0,11/06/2025
larga estancia,"2,09 €",46.0,27.0,7.0,18.0,sí,1.045160736693603,9824.0,tarde,lunes,distrito 6,3.4,6.0,2.0,29/07/2025
larga estancia,"3,28 €",49.0,61.0,12.0,8.0,sí,1.4383038766239105,2986.0,mañana,miércoles,distrito 1,4.0,5.0,5.0,15/02/2025
  rotación media ,"2,72 €",22.0,25.0,7.0,135.0,no,1.227652892557527,4510.0,tarde,viernes,distrito 10,3.5,0.0,8.0,18/04/2025
rotación media,"2,54 €",11.0,42.0,13.0,41.0,sí,1.4326434342279035,15395.0,mediodía,jueves,distrito 2,5.1,3.0,5.0,14/08/2025
rotación media,"2,54 €",32.0,9.0,2.0,118.0,sí,0.6124100927700691,11763.0,mediodía,miércoles,distrito 4,0.8,4.0,2.0,15/10/2025
rotación media,"0,63 €",35.0,37.0,23.0,77.0,sí,1.5823598816940205,5467.0,tarde,sábado,distrito 6,3.7,2.0,3.0,03/06/2025
alta rotación,"2,37 €",16.0,5.0,6.0,229.0,sí,0.42500582949548693,4787.0,mediodía,lunes,distrito 1,1.5,0.0,3.0,26/02/2025
residentes,"2,62 €",11.0,43.0,0.0,112.0,no,0.8950116239009847,4506.0,mediodía,jueves,distrito 6,-99.0,1.0,7.0,02/06/2025
alta rotación,"1,56 €",36.0,17.0,10.0,4.0,sí,0.9151446927830185,6933.0,mediodía,lunes,distrito 4,5.2,2.0,1.0,28/08/2025
alta rotación,"2,40 €",59.0,4.0,19.0,53.0,no,1.1244471939762068,6582.0,mañana,jueves,distrito 3,4.0,3.0,7.0,02/02/2025
  larga estancia ,"1,63 €",43.0,44.0,5.0,116.0,sí,1.1118585567464283,7711.0,tarde,lunes,distrito 3,2.0,5.0,4.0,27/07/2025
larga estancia,"1,41 €",25.0,41.0,9.0,113.0,no,1.3068324302299101,5238.0,mañana,sábado,distrito 3,2.5,5.0,2.0,17/08/2025
rotación media,"1,58 €",24.0,3.0,9.0,141.0,sí,0.7162971042737487,30109.0,tarde,miércoles,distrito 6,5.4,0.0,1.0,22/08/2025
alta rotación,"0,62 €",24.0,18.0,0.0,88.0,no,1.806462051073281,5688.0,tarde,viernes,distrito 8,2.0,6.0,6.0,03/09/2025
alta rotación,"1,65 €",17.0,19.0,35.0,169.0,sí,1.0954258274010957,8227.0,mañana,sábado,distrito 5,5.0,2.0,3.0,27/09/2025
ALTA ROTACIÓN,"2,14 €",20.0,14.0,2.0,34.0,sí,0.6739339608865735,2849.0,mediodía,viernes,distrito 5,3.0,5.0,8.0,24/04/2025
residentes,"1,88 €",27.0,31.0,4.0,116.0,sí,0.5809012271055979,8998.0,tarde,jueves,distrito 3,3.2,4.0,4.0,11/10/2025
ALTA ROTACIÓN,"0,79 €",14.0,40.0,6.0,46.0,sí,1.7015219755564697,7264.0,mañana,jueves,distrito 1,-99.0,2.0,6.0,20/09/2025
rotación media,"2,30 €",45.0,28.0,8.0,57.0,no,1.0776425139196588,14924.0,mañana,viernes,distrito 9,2.6,2.0,7.0,20/04/2025
rotación media,"1,03 €",58.0,11.0,12.0,191.0,sí,1.626420519994198,13395.0,mañana,viernes,distrito 4,-99.0,6.0,2.0,06/04/2025
alta rotacion,"0,58 €",9.0,29.0,27.0,8.0,sí,2.0857110907868366,8441.0,tarde,sábado,distrito 7,0.8,6.0,8.0,07/03/2025
rotación media,"2,05 €",24.0,15.0,41.0,138.0,sí,1.0331506012405152,5307.0,mediodía,lunes,distrito 5,6.0,5.0,1.0,18/10/2025
larga estancia,"2,55 €",48.0,28.0,32.0,85.0,sí,1.1595404512851197,11720.0,mañana,sábado,distrito 8,2.5,1.0,4.0,16/09/2025
rotacion media,"1,70 €",55.0,21.0,8.0,23.0,no,1.230843936339042,12060.0,mañana,martes,distrito 9,3.6,1.0,7.0,23/02/2025
residentes,"1,78 €",16.0,14.0,8.0,20.0,sí,1.1469797803168083,4817.0,mañana,jueves,distrito 2,4.1,6.0,7.0,14/10/2025
alta rotación,"3,02 €",53.0,3.0,2.0,19.0,sí,0.401530617371389,13561.0,mañana,martes,distrito 9,2.9,1.0,1.0,12/08/2025
larga estancia,"3,16 €",30.0,7.0,1.0,65.0,sí,0.31480276080240155,4991.0,mañana,miércoles,distrito 10,4.8,0.0,2.0,15/03/2025
alta rotación,"1,34 €",37.0,17.0,17.0,73.0,no,1.676042141110437,26443.0,mediodía,sábado,distrito 3,0.8,4.0,2.0,18/09/2025
larga estancia,"1,59 €",33.0,4.0,17.0,101.0,sí,0.4147662428026987,11435.0,tarde,miércoles,distrito 2,3.3,6.0,5.0,19/02/2025
rotación media,"2,23 €",36.0,2.0,1.0,49.0,sí,0.6236943642739281,25468.0,mañana,sábado,distrito 7,3.1,2.0,2.0,26/08/2025
residentes,"1,92 €",25.0,16.0,0.0,39.0,sí,1.0042868417219009,22759.0,mañana,jueves,distrito 9,4.8,3.0,4.0,29/05/2025
rotación media,"2,41 €",60.0,50.0,3.0,55.0,sí,1.372654720092692,21357.0,tarde,martes,distrito 10,3.7,1.0,3.0,07/07/2025
rotación media,"1,97 €",53.0,18.0,4.0,44.0,sí,0.7442621659539905,9915.0,tarde,martes,distrito 7,2.6,0.0,1.0,17/08/2025
rotación media,"1,06 €",45.0,13.0,5.0,133.0,sí,0.846006807226825,14672.0,mediodía,miércoles,distrito 4,1.2,5.0,2.0,23/04/2025
rotación media,"2,44 €",37.0,27.0,18.0,83.0,sí,1.0881926058635016,3512.0,mañana,sábado,distrito 8,4.5,4.0,7.0,31/10/2025
larga estancia,"1,03 €",37.0,24.0,1.0,6.0,no,1.5124709170035016,5719.0,mañana,viernes,distrito 6,3.2,6.0,3.0,23/03/2025
rotación media,"2,93 €",30.0,28.0,18.0,8.0,no,1.1834627114128842,5567.0,mediodía,jueves,distrito 5,4.5,1.0,3.0,12/04/2025
rotación media,"2,49 €",40.0,28.0,39.0,70.0,sí,1.0142684943011924,14172.0,tarde,martes,distrito 11,4.6,6.0,4.0,21/03/2025
rotacion media,"1,92 €",37.0,19.0,6.0,43.0,sí,0.9166105818732775,6403.0,mediodía,miércoles,distrito 1,4.6,0.0,8.0,22/04/2025
alta rotacion,"2,56 €",27.0,20.0,2.0,141.0,sí,0.9841191755424967,16124.0,mediodía,martes,distrito 8,1.4,4.0,7.0,23/01/2025
alta rotación,"3,11 €",49.0,3.0,27.0,42.0,sí,0.3114990970080507,9075.0,mediodía,martes,distrito 1,3.5,1.0,1.0,28/01/2025
RESIDENTES,"0,59 €",13.0,24.0,30.0,160.0,sí,1.8188598406395362,4950.0,tarde,viernes,distrito 9,-99.0,3.0,0.0,09/04/2025
rotación media,"1,20 €",56.0,19.0,20.0,6.0,no,1.7957790238667373,6414.0,tarde,viernes,distrito 6,1.9,1.0,1.0,09/04/2025
ROTACIÓN MEDIA,"2,36 €",7.0,26.0,0.0,43.0,sí,0.8424750655646569,14737.0,mediodía,miércoles,distrito 2,4.1,3.0,3.0,20/05/2025
larga estancia,"1,26 €",51.0,0.0,5.0,56.0,no,0.5887678962073689,8116.0,mediodía,sábado,distrito 4,2.5,5.0,3.0,29/06/2025
rotacion media,"1,77 €",58.0,9.0,3.0,127.0,no,0.7732105228339141,7107.0,mediodía,martes,distrito 11,6.3,6.0,6.0,03/07/2025
  alta rotación ,"1,97 €",40.0,86.0,10.0,74.0,sí,1.3435412387552899,22807.0,tarde,jueves,distrito 9,0.8,5.0,0.0,18/07/2025
rotación media,"1,53 €",27.0,25.0,6.0,100.0,sí,1.1829505882467066,8016.0,mañana,sábado,distrito 4,1.5,2.0,5.0,06/02/2025
rotacion media,"1,52 €",28.0,66.0,5.0,13.0,sí,1.7071077520854254,6170.0,tarde,miércoles,distrito 9,-99.0,6.0,3.0,21/05/2025
rotación media,"1,84 €",20.0,39.0,3.0,71.0,sí,1.119353364685751,6918.0,mañana,jueves,distrito 7,3.3,2.0,0.0,28/01/2025
larga estancia,"1,84 €",41.0,12.0,18.0,63.0,no,1.0273558029729728,11118.0,tarde,miércoles,distrito 6,2.7,0.0,6.0,26/07/2025
rotación media,"1,95 €",11.0,17.0,19.0,21.0,no,1.2016457158538443,8693.0,tarde,lunes,distrito 1,4.4,6.0,6.0,01/05/2025
larga estancia,"1,13 €",34.0,3.0,4.0,264.0,sí,0.5420417417558867,6186.0,tarde,jueves,distrito 6,0.8,2.0,0.0,27/10/2025
rotacion media,"1,44 €",16.0,14.0,31.0,37.0,sí,0.9814221512644653,12002.0,mediodía,sábado,distrito 11,3.9,5.0,7.0,28/03/2025
rotación media,"1,95 €",38.0,27.0,1.0,1.0,sí,0.833613844343263,14892.0,mediodía,sábado,distrito 7,3.8,1.0,0.0,12/09/2025
alta rotación,"1,30 €",58.0,25.0,4.0,8.0,no,1.4896682139359598,18554.0,tarde,sábado,distrito 3,2.3,3.0,7.0,11/02/2025
rotación media,"1,63 €",31.0,16.0,4.0,40.0,no,1.0926265042056218,9555.0,mañana,martes,distrito 5,3.2,1.0,6.0,14/10/2025
  larga estancia ,"2,30 €",10.0,24.0,5.0,1.0,no,1.262973021759701,7420.0,tarde,jueves,distrito 1,2.8,5.0,8.0,20/05/2025
alta rotacion,"1,01 €",59.0,24.0,4.0,69.0,sí,1.525695585639333,11564.0,mañana,jueves,distrito 5,4.1,6.0,6.0,20/10/2025
ALTA ROTACIÓN,"1,99 €",42.0,27.0,10.0,0.0,sí,1.2388290745208854,11286.0,tarde,jueves,distrito 11,4.1,2.0,7.0,17/03/2025
rotación media,"2,14 €",36.0,24.0,4.0,120.0,sí,0.8378231533917968,6958.0,mediodía,jueves,distrito 4,5.5,1.0,8.0,30/03/2025
alta rotación,"2,73 €",31.0,22.0,3.0,64.0,sí,0.6687694444325978,23917.0,mediodía,lunes,distrito 5,3.5,2.0,7.0,15/07/2025
alta rotación,"1,07 €",12.0,23.0,1.0,143.0,no,1.2244649221838972,14089.0,mañana,lunes,distrito 10,3.7,3.0,4.0,19/07/2025
alta rotacion,"3,57 €",57.0,18.0,16.0,4.0,no,1.0063117789283724,4113.0,mediodía,viernes,distrito 1,2.1,1.0,0.0,21/09/2025
rotación media,"3,21 €",26.0,34.0,2.0,63.0,sí,0.6283626104496122,17386.0,mañana,lunes,distrito 10,2.0,0.0,4.0,19/07/2025
rotación media,"2,21 €",25.0,7.0,0.0,117.0,no,0.516518408274855,3762.0,tarde,viernes,distrito 5,1.3,5.0,8.0,03/06/2025
residentes,"1,26 €",35.0,32.0,0.0,62.0,sí,1.3739969777586252,13141.0,tarde,sábado,distrito 8,1.2,4.0,6.0,02/08/2025
rotación media,"1,99 €",29.0,5.0,0.0,307.0,sí,0.24540243124138197,2712.0,tarde,miércoles,distrito 11,3.7,6.0,0.0,04/03/2025
rotación media,"2,21 €",18.0,28.0,16.0,26.0,no,1.232374240187866,8934.0,mañana,martes,distrito 10,4.2,6.0,5.0,07/07/2025
alta rotación,"1,99 €",24.0,1.0,5.0,52.0,sí,0.5988959674832929,38000.0,tarde,lunes,distrito 7,5.0,5.0,5.0,31/07/2025
  rotación media ,"2,66 €",35.0,6.0,10.0,45.0,sí,0.38883044562203345,5004.0,tarde,lunes,distrito 6,3.3,4.0,2.0,22/10/2025
  alta rotación ,"1,74 €",19.0,18.0,22.0,57.0,sí,0.9676855518736805,5696.0,mañana,sábado,distrito 9,2.7,3.0,8.0,08/05/2025
larga estancia,"2,13 €",17.0,27.0,8.0,13.0,sí,1.2133540297728564,7339.0,mañana,lunes,distrito 1,2.4,6.0,1.0,19/06/2025
rotación media,"2,62 €",13.0,11.0,7.0,35.0,sí,0.911647535687765,14670.0,tarde,sábado,distrito 7,5.3,6.0,0.0,16/09/2025
alta rotación,"2,41 €",32.0,18.0,3.0,20.0,no,1.3794057340457795,9279.0,mañana,viernes,distrito 11,2.3,6.0,3.0,07/01/2025
larga estancia,"2,87 €",54.0,15.0,8.0,112.0,sí,0.05769746709972512,10156.0,tarde,jueves,distrito 10,5.5,3.0,6.0,11/08/2025
rotación media,"2,00 €",19.0,23.0,12.0,156.0,sí,0.8298592100738662,14564.0,mediodía,viernes,distrito 1,3.3,3.0,6.0,27/08/2025
rotación media,"2,19 €",28.0,39.0,13.0,13.0,sí,1.7654498835197587,39274.0,tarde,sábado,distrito 5,2.8,2.0,0.0,28/05/2025
LARGA ESTANCIA,"2,29 €",37.0,29.0,5.0,21.0,no,1.108391037949256,12676.0,tarde,miércoles,distrito 9,2.9,3.0,3.0,21/09/2025
rotación media,"1,59 €",22.0,69.0,1.0,79.0,sí,1.423394838653616,25043.0,mañana,sábado,distrito 3,3.7,5.0,8.0,27/06/2025
larga estancia,"2,50 €",27.0,21.0,17.0,86.0,no,0.7919951187428873,8145.0,mañana,jueves,distrito 2,3.6,1.0,8.0,21/08/2025
rotación media,"2,26 €",30.0,21.0,34.0,4.0,sí,1.1165190037674442,9338.0,mediodía,lunes,distrito 10,2.2,3.0,7.0,26/04/2025
alta rotación,"2,12 €",52.0,7.0,2.0,101.0,no,1.359922639106058,10700.0,mediodía,miércoles,distrito 9,3.7,1.0,5.0,27/03/2025
rotación media,"2,20 €",21.0,31.0,10.0,89.0,sí,1.1598828412795208,7589.0,mañana,miércoles,distrito 9,1.3,0.0,8.0,02/10/2025
larga estancia,"2,50 €",26.0,12.0,9.0,27.0,sí,0.7649874088367762,11186.0,mediodía,martes,distrito 8,4.5,5.0,2.0,28/07/2025
alta rotacion,"2,90 €",23.0,13.0,4.0,16.0,sí,0.5442875593374364,17838.0,mañana,sábado,distrito 4,5.4,5.0,2.0,01/06/2025
alta rotación,"3,00 €",13.0,19.0,12.0,13.0,no,1.2528106532899426,2814.0,mañana,jueves,distrito 8,1.6,3.0,8.0,21/09/2025
residentes,"2,19 €",14.0,23.0,4.0,17.0,sí,1.173003171293495,6117.0,mañana,jueves,distrito 2,3.6,4.0,4.0,11/02/2025
larga estancia,"1,84 €",26.0,45.0,18.0,183.0,sí,1.3158739764173348,14303.0,mañana,viernes,distrito 2,1.6,6.0,6.0,25/07/2025
rotación media,"2,17 €",6.0,11.0,7.0,166.0,sí,0.521868994417735,21351.0,mediodía,jueves,distrito 3,4.0,2.0,3.0,05/02/2025
larga estancia,"1,94 €",51.0,30.0,9.0,41.0,sí,0.8532038107487474,6879.0,mediodía,martes,distrito 2,1.9,5.0,5.0,09/07/2025
residentes,"0,77 €",16.0,13.0,1.0,39.0,sí,1.5962168930860146,13196.0,tarde,sábado,distrito 9,2.9,4.0,3.0,19/03/2025
rotación media,"2,82 €",29.0,11.0,2.0,17.0,sí,0.3463538636054047,9363.0,mediodía,jueves,distrito 11,3.0,2.0,8.0,19/06/2025
rotación media,"2,52 €",11.0,51.0,8.0,194.0,no,1.5336236314980538,8989.0,mañana,martes,distrito 11,2.7,3.0,1.0,09/02/2025
alta rotación,"0,95 €",50.0,37.0,0.0,24.0,sí,1.391709426532052,34323.0,mediodía,miércoles,distrito 3,3.8,4.0,6.0,02/11/2025
larga estancia,"2,07 €",30.0,7.0,1.0,36.0,no,0.4074871678008565,12827.0,tarde,jueves,distrito 10,-99.0,6.0,4.0,21/10/2025
alta rotación,"2,70 €",7.0,7.0,2.0,31.0,sí,0.7863429099249313,18934.0,mañana,viernes,distrito 8,-99.0,1.0,8.0,26/03/2025
rotación media,"2,71 €",48.0,7.0,19.0,24.0,sí,0.5673272346281666,7996.0,mediodía,martes,distrito 1,2.8,6.0,1.0,12/06/2025
larga estancia,"3,11 €",28.0,1.0,0.0,132.0,sí,-0.366464957024635,9163.0,mañana,viernes,distrito 4,3.0,2.0,7.0,17/03/2025
larga estancia,"0,85 €",23.0,7.0,27.0,49.0,no,1.5423696580538668,5890.0,mediodía,miércoles,distrito 7,4.5,6.0,7.0,23/02/2025
rotación media,"1,13 €",7.0,10.0,6.0,11.0,sí,1.2689218641429925,7430.0,mañana,martes,distrito 7,3.1,2.0,4.0,17/03/2025
rotación media,"1,27 €",7.0,47.0,8.0,16.0,sí,1.5635709074373183,23221.0,mañana,sábado,distrito 3,3.8,6.0,1.0,07/09/2025
alta rotación,"2,45 €",25.0,12.0,3.0,69.0,sí,0.6546021950270422,13620.0,mediodía,viernes,distrito 1,1.6,4.0,2.0,18/01/2025
residentes,"2,20 €",42.0,18.0,0.0,80.0,sí,0.8533693918377395,14232.0,mediodía,sábado,distrito 3,2.0,2.0,8.0,20/01/2025
alta rotación,"3,45 €",29.0,18.0,4.0,36.0,sí,0.9520268139121715,5742.0,tarde,miércoles,distrito 8,1.6,6.0,3.0,04/07/2025
larga estancia,"0,74 €",11.0,40.0,12.0,98.0,sí,1.540002916150383,5160.0,tarde,martes,distrito 3,3.0,5.0,0.0,04/05/2025
rotación media,"2,26 €",26.0,21.0,13.0,76.0,sí,0.7081986934529887,14645.0,tarde,miércoles,distrito 3,-99.0,1.0,2.0,23/01/2025
rotación media,"2,70 €",23.0,28.0,3.0,38.0,sí,0.9945100789888965,68312.0,tarde,lunes,distrito 9,4.0,1.0,4.0,29/04/2025
alta rotación,"1,96 €",32.0,30.0,6.0,35.0,no,1.5239257575133955,18612.0,tarde,martes,distrito 3,2.6,0.0,7.0,14/08/2025
rotación media,"2,69 €",47.0,7.0,3.0,21.0,no,0.8917129669163255,11143.0,tarde,viernes,distrito 2,5.5,3.0,3.0,20/01/2025
alta rotacion,"1,70 €",22.0,0.0,3.0,13.0,no,0.5557120742798807,5785.0,tarde,lunes,distrito 5,4.6,2.0,4.0,04/06/2025
alta rotación,"1,66 €",30.0,27.0,16.0,98.0,sí,1.6596575757502627,12816.0,mañana,sábado,distrito 10,3.8,2.0,7.0,09/09/2025
rotación media,"1,45 €",58.0,21.0,8.0,2.0,sí,1.4898832732442386,12054.0,mediodía,miércoles,distrito 10,3.2,2.0,8.0,15/04/2025
larga estancia,"1,02 €",58.0,14.0,10.0,52.0,no,1.3199772671342784,5358.0,mañana,miércoles,distrito 6,0.8,3.0,4.0,13/06/2025
rotacion media,"1,86 €",25.0,43.0,3.0,51.0,no,1.4125349856835683,16243.0,mañana,miércoles,distrito 3,3.0,3.0,8.0,05/03/2025
rotación media,"2,21 €",12.0,12.0,6.0,17.0,sí,1.0908556486473304,14243.0,mediodía,martes,distrito 2,3.8,1.0,1.0,23/01/2025
larga estancia,"1,40 €",55.0,35.0,4.0,71.0,sí,1.1559797013246753,34782.0,mañana,martes,distrito 3,2.9,4.0,1.0,19/10/2025
alta rotación,"1,64 €",39.0,41.0,23.0,121.0,sí,1.7058024721230332,6901.0,mediodía,martes,distrito 10,5.0,1.0,1.0,10/05/2025
larga estancia,"1,32 €",49.0,48.0,9.0,10.0,sí,1.6025119724075048,11620.0,mañana,martes,distrito 9,3.1,0.0,4.0,26/08/2025
residentes,"0,94 €",23.0,4.0,5.0,55.0,sí,1.1091147374410029,9629.0,mañana,martes,distrito 7,3.9,1.0,0.0,13/02/2025
alta rotación,"0,52 €",11.0,43.0,3.0,144.0,sí,1.7732255942493222,22452.0,tarde,lunes,distrito 5,3.0,5.0,5.0,02/06/2025
rotación media,"0,84 €",12.0,11.0,9.0,124.0,sí,1.176066123894355,17276.0,mediodía,lunes,distrito 10,2.7,0.0,0.0,01/08/2025
larga estancia,"2,37 €",8.0,21.0,3.0,25.0,sí,0.6315304366947248,4316.0,mañana,lunes,distrito 8,3.4,3.0,0.0,07/10/2025
rotación media,"2,18 €",60.0,21.0,2.0,59.0,sí,0.9305297143677166,19598.0,tarde,lunes,distrito 10,3.6,5.0,5.0,23/10/2025
residentes,"0,85 €",54.0,11.0,10.0,59.0,sí,1.482613869536369,5273.0,mañana,lunes,distrito 9,2.5,2.0,5.0,23/04/2025
ROTACIÓN MEDIA,"3,63 €",37.0,8.0,4.0,72.0,sí,0.6586897783090151,11350.0,mediodía,viernes,distrito 1,1.2,1.0,6.0,21/01/2025
rotación media,"1,42 €",32.0,3.0,2.0,29.0,no,1.0986953758387448,19771.0,tarde,viernes,distrito 7,2.1,3.0,2.0,11/02/2025
rotación media,"2,06 €",25.0,7.0,0.0,71.0,sí,0.4912035760364079,6475.0,mañana,viernes,distrito 8,3.6,5.0,1.0,25/03/2025
rotación media,"2,80 €",24.0,23.0,23.0,86.0,sí,0.6788683888193852,12507.0,mañana,miércoles,distrito 4,3.4,6.0,7.0,14/09/2025
alta rotacion,"4,05 €",57.0,5.0,3.0,6.0,no,0.6080788450738583,4054.0,mañana,martes,distrito 11,5.5,5.0,4.0,25/01/2025
larga estancia,"1,76 €",44.0,30.0,6.0,32.0,sí,1.4415458456034864,8763.0,mediodía,jueves,distrito 6,2.7,3.0,1.0,23/04/2025
residentes,"1,43 €",42.0,39.0,9.0,249.0,no,1.556013437990682,3100.0,tarde,lunes,distrito 6,2.8,3.0,5.0,04/05/2025
rotacion media,"2,70 €",46.0,12.0,9.0,69.0,no,0.6784953599525874,14813.0,mediodía,martes,distrito 5,1.1,4.0,7.0,06/06/2025
rotación media,"2,33 €",22.0,9.0,24.0,22.0,sí,0.7840820877328166,13464.0,mañana,lunes,distrito 2,3.1,5.0,4.0,17/09/2025
residentes,"1,35 €",48.0,25.0,2.0,54.0,sí,1.390329573073628,8750.0,tarde,miércoles,distrito 5,2.2,6.0,7.0,10/08/2025
rotación media,"1,99 €",10.0,34.0,2.0,49.0,sí,1.2321413495649303,17546.0,tarde,lunes,distrito 5,1.6,0.0,6.0,02/04/2025
  larga estancia ,"2,45 €",25.0,16.0,4.0,34.0,no,0.8643957568934696,5115.0,mañana,lunes,distrito 4,2.7,4.0,8.0,13/05/2025
  rotación media ,"1,84 €",28.0,5.0,12.0,40.0,sí,0.6902970933825334,17907.0,mañana,viernes,distrito 11,2.8,0.0,1.0,13/09/2025
  residentes ,"3,16 €",13.0,21.0,15.0,174.0,no,0.961586144478535,6075.0,mañana,martes,distrito 10,1.5,6.0,6.0,06/08/2025
rotación media,"1,44 €",44.0,17.0,0.0,73.0,no,1.1373604937244635,27189.0,mañana,jueves,distrito 5,4.5,5.0,4.0,30/09/2025
rotación media,"1,12 €",40.0,3.0,5.0,96.0,no,1.0768105966174337,6041.0,mediodía,viernes,distrito 3,2.4,4.0,7.0,12/01/2025
alta rotación,"3,10 €",48.0,2.0,4.0,35.0,sí,0.07357360910245136,5663.0,mediodía,sábado,distrito 1,5.0,4.0,3.0,13/03/2025
residentes,"2,06 €",7.0,18.0,3.0,3.0,sí,1.4204725253313883,12561.0,mañana,viernes,distrito 7,3.6,4.0,8.0,25/06/2025
rotación media,"2,65 €",50.0,8.0,8.0,3.0,sí,1.1317254342700767,6895.0,tarde,miércoles,distrito 2,4.5,6.0,6.0,07/09/2025
residentes,"1,57 €",6.0,9.0,3.0,113.0,sí,0.9227732012486259,9542.0,mañana,miércoles,distrito 10,2.5,1.0,8.0,12/09/2025
LARGA ESTANCIA,"2,33 €",22.0,14.0,5.0,33.0,sí,1.0835179673900501,29508.0,tarde,lunes,distrito 10,2.8,0.0,2.0,29/04/2025
rotación media,"1,71 €",47.0,9.0,0.0,78.0,sí,0.56217046073243,14046.0,tarde,miércoles,distrito 8,2.0,0.0,1.0,01/05/2025
larga estancia,"3,49 €",12.0,5.0,22.0,64.0,no,0.6823768067178614,8131.0,tarde,jueves,distrito 7,2.2,6.0,0.0,08/07/2025
alta rotación,"0,87 €",22.0,17.0,6.0,161.0,sí,1.4084909204823424,10396.0,tarde,sábado,distrito 1,1.5,5.0,5.0,23/03/2025
  residentes ,"1,23 €",29.0,21.0,28.0,55.0,sí,1.1782719786615128,7167.0,tarde,martes,distrito 2,2.8,6.0,6.0,10/02/2025
rotación media,"3,53 €",30.0,13.0,10.0,77.0,no,0.6962891547573232,13796.0,tarde,sábado,distrito 8,2.8,0.0,4.0,20/04/2025
larga estancia,"2,23 €",54.0,10.0,4.0,28.0,sí,0.7045656045733758,5008.0,mañana,jueves,distrito 8,4.5,3.0,8.0,10/01/2025
rotación media,"2,36 €",19.0,11.0,14.0,12.0,no,1.0588298844220265,13372.0,mañana,jueves,distrito 8,-99.0,5.0,0.0,27/06/2025
  rotación media ,"1,93 €",39.0,3.0,18.0,160.0,no,1.0461585980902655,26175.0,tarde,sábado,distrito 10,2.1,1.0,0.0,09/05/2025
alta rotacion,"1,87 €",12.0,43.0,8.0,62.0,sí,1.5035245278507947,6212.0,mediodía,sábado,distrito 9,2.3,5.0,1.0,26/09/2025
larga estancia,"2,97 €",22.0,3.0,18.0,116.0,sí,0.45269361880433656,13095.0,mediodía,martes,distrito 10,0.8,6.0,3.0,25/07/2025
larga estancia,"2,40 €",9.0,30.0,1.0,107.0,sí,0.8925660473640864,29805.0,tarde,miércoles,distrito 10,4.4,1.0,4.0,14/02/2025
alta rotación,"1,51 €",15.0,13.0,3.0,27.0,no,1.297467255813201,16661.0,mediodía,miércoles,distrito 9,4.7,5.0,7.0,31/08/2025
rotacion media,"1,33 €",58.0,39.0,3.0,136.0,sí,1.1336940834646887,14263.0,mañana,jueves,distrito 8,2.4,6.0,1.0,04/04/2025
larga estancia,"2,61 €",52.0,7.0,0.0,25.0,sí,0.2424648513803983,5514.0,tarde,miércoles,distrito 4,0.8,3.0,0.0,12/01/2025
residentes,"2,37 €",53.0,9.0,8.0,115.0,no,0.7901118851945435,5833.0,mediodía,martes,distrito 2,3.4,6.0,6.0,06/04/2025
RESIDENTES,"2,59 €",38.0,16.0,12.0,38.0,sí,0.8992193637623449,13177.0,tarde,jueves,distrito 9,3.8,6.0,3.0,30/08/2025
residentes,"0,68 €",34.0,10.0,9.0,63.0,sí,1.6783376694584058,6845.0,mañana,miércoles,distrito 1,3.4,4.0,8.0,19/01/2025
  alta rotación ,"2,48 €",59.0,9.0,4.0,35.0,sí,0.7261526313244286,10857.0,mañana,martes,distrito 11,5.4,2.0,7.0,06/04/2025
alta rotación,"3,53 €",30.0,16.0,2.0,21.0,no,0.5737170891047314,23681.0,mañana,miércoles,distrito 2,1.5,0.0,7.0,05/07/2025
larga estancia,"1,61 €",14.0,26.0,0.0,14.0,sí,1.0700329377017144,2013.0,mañana,jueves,distrito 1,0.8,6.0,1.0,27/01/2025
alta rotación,"1,09 €",27.0,14.0,3.0,143.0,sí,1.429505373672153,12557.0,mediodía,miércoles,distrito 10,4.1,2.0,3.0,04/07/2025
  rotación media ,"2,22 €",48.0,21.0,12.0,74.0,no,1.1954271477210394,24826.0,tarde,lunes,distrito 5,2.8,3.0,8.0,30/06/2025
  residentes ,"1,98 €",25.0,30.0,9.0,68.0,sí,1.566313843931068,9246.0,mediodía,martes,distrito 9,1.8,0.0,4.0,13/07/2025
larga estancia,"2,64 €",23.0,19.0,12.0,122.0,sí,1.066283784001047,10764.0,mediodía,miércoles,distrito 6,4.7,5.0,7.0,05/10/2025
ROTACIÓN MEDIA,"2,02 €",11.0,14.0,2.0,15.0,sí,1.0151199423778976,7433.0,tarde,martes,distrito 6,2.6,3.0,0.0,14/02/2025
alta rotación,"2,20 €",52.0,4.0,1.0,114.0,sí,0.48072332307504323,4650.0,tarde,martes,distrito 1,3.1,1.0,0.0,19/04/2025
alta rotación,"2,76 €",27.0,6.0,3.0,74.0,sí,0.5160166621367637,12113.0,mañana,martes,distrito 9,-99.0,5.0,6.0,11/06/2025
rotación media,"1,94 €",39.0,28.0,29.0,42.0,sí,1.2584372583670524,17228.0,mediodía,viernes,distrito 6,2.4,6.0,3.0,02/05/2025
residentes,"2,14 €",36.0,6.0,15.0,45.0,no,0.8878088784306781,13878.0,mediodía,jueves,distrito 10,4.1,0.0,5.0,09/09/2025
rotación media,"1,66 €",32.0,13.0,0.0,6.0,no,1.2154141884556613,9207.0,mañana,miércoles,distrito 10,3.8,3.0,0.0,11/09/2025
alta rotación,"2,74 €",19.0,38.0,2.0,52.0,sí,1.0971269109765984,4907.0,tarde,lunes,distrito 10,3.9,3.0,0.0,24/05/2025
residentes,"0,89 €",40.0,10.0,18.0,68.0,sí,1.1986530938928412,5176.0,tarde,lunes,distrito 6,3.8,4.0,7.0,16/10/2025
rotación media,"0,50 €",31.0,16.0,10.0,14.0,no,1.6342255151607659,7508.0,tarde,jueves,distrito 10,3.7,5.0,6.0,13/04/2025
rotación media,"2,94 €",10.0,6.0,12.0,24.0,sí,0.6194039794963093,6150.0,mañana,lunes,distrito 5,5.5,3.0,2.0,12/02/2025
rotación media,"2,78 €",40.0,15.0,3.0,45.0,no,1.458182939779472,6517.0,tarde,viernes,distrito 7,1.7,3.0,5.0,08/06/2025
alta rotación,"2,43 €",19.0,14.0,8.0,35.0,sí,0.7351675355178017,15630.0,tarde,miércoles,distrito 1,3.2,4.0,0.0,09/03/2025
rotación media,"3,90 €",21.0,23.0,16.0,92.0,no,0.5707681546722307,4290.0,mañana,jueves,distrito 2,3.8,6.0,3.0,09/02/2025
rotacion media,"1,84 €",25.0,41.0,10.0,48.0,no,1.6725959561368442,11291.0,mañana,lunes,distrito 2,3.8,2.0,4.0,25/05/2025
rotación media,"1,21 €",42.0,32.0,0.0,2.0,sí,1.1941349305813034,9903.0,tarde,miércoles,distrito 8,-99.0,4.0,6.0,24/02/2025
rotación media,"1,33 €",23.0,17.0,0.0,13.0,sí,0.9009460805646111,3304.0,mediodía,martes,distrito 7,2.9,3.0,8.0,20/03/2025
rotación media,"1,27 €",31.0,24.0,18.0,105.0,sí,1.2633733896415196,15763.0,mañana,lunes,distrito 2,2.5,2.0,2.0,02/02/2025
residentes,"2,56 €",28.0,64.0,19.0,24.0,no,1.2349044761865373,6829.0,mediodía,jueves,distrito 1,1.6,6.0,8.0,31/03/2025
larga estancia,"2,16 €",18.0,15.0,1.0,55.0,sí,1.104594302217858,12840.0,mediodía,miércoles,distrito 3,4.7,1.0,5.0,23/02/2025
rotación media,"2,22 €",37.0,28.0,14.0,90.0,sí,1.2968631131618504,5605.0,tarde,sábado,distrito 9,4.7,4.0,1.0,31/08/2025
ROTACIÓN MEDIA,"2,13 €",28.0,7.0,0.0,31.0,sí,0.5183190701152763,12177.0,tarde,jueves,distrito 10,3.5,4.0,4.0,02/05/2025
rotacion media,"1,11 €",48.0,11.0,0.0,11.0,sí,0.8783635257659975,19510.0,mañana,jueves,distrito 10,3.4,0.0,6.0,22/01/2025
  rotación media ,"0,50 €",57.0,5.0,21.0,94.0,sí,1.459001434828253,7155.0,tarde,lunes,distrito 4,2.5,5.0,0.0,29/10/2025
residentes,"2,62 €",41.0,23.0,2.0,125.0,sí,0.9441455139286531,2548.0,tarde,viernes,distrito 3,3.0,1.0,6.0,22/09/2025
LARGA ESTANCIA,"2,36 €",7.0,33.0,22.0,87.0,sí,1.068923694597388,9133.0,mediodía,viernes,distrito 11,3.2,5.0,4.0,20/01/2025
rotación media,"1,57 €",55.0,21.0,53.0,96.0,sí,1.382452093358529,5606.0,mañana,jueves,distrito 6,4.8,3.0,0.0,21/07/2025
alta rotación,"0,74 €",47.0,2.0,23.0,63.0,no,1.7449745927968758,13982.0,mediodía,sábado,distrito 2,2.9,1.0,5.0,29/01/2025
RESIDENTES,"2,49 €",22.0,17.0,13.0,21.0,sí,1.472687805475622,11145.0,tarde,miércoles,distrito 4,1.1,5.0,0.0,25/05/2025
larga estancia,"2,46 €",14.0,31.0,6.0,104.0,sí,0.6757605458660638,14831.0,mañana,lunes,distrito 8,3.3,2.0,4.0,14/04/2025
alta rotación,"1,46 €",6.0,24.0,2.0,11.0,sí,1.1863334345224277,4985.0,tarde,lunes,distrito 9,3.5,6.0,3.0,12/03/2025
  larga estancia ,"2,06 €",28.0,24.0,2.0,30.0,sí,0.9241026757926436,13386.0,tarde,lunes,distrito 4,2.5,4.0,3.0,03/03/2025
residentes,"1,39 €",28.0,36.0,1.0,69.0,no,1.6356265564617993,14753.0,mediodía,sábado,distrito 3,4.6,6.0,4.0,16/06/2025
alta rotación,"2,34 €",20.0,31.0,14.0,136.0,sí,1.0192470095976014,17570.0,tarde,sábado,distrito 2,3.2,4.0,6.0,13/10/2025
residentes,"1,69 €",20.0,32.0,1.0,86.0,sí,0.5508904711000114,4794.0,mediodía,martes,distrito 5,3.4,4.0,1.0,22/03/2025
  rotación media ,"2,16 €",56.0,10.0,49.0,7.0,no,1.2652563809845003,8509.0,mañana,lunes,distrito 4,2.8,1.0,0.0,05/10/2025
alta rotación,"3,59 €",45.0,2.0,7.0,21.0,sí,0.3241090597797664,6967.0,mañana,miércoles,distrito 5,4.0,1.0,1.0,06/02/2025
alta rotación,"2,38 €",55.0,29.0,20.0,30.0,sí,1.2075846385267142,3554.0,mediodía,martes,distrito 5,6.4,1.0,7.0,24/03/2025
alta rotación,"1,86 €",25.0,26.0,12.0,20.0,sí,1.1132440259010739,5392.0,mediodía,viernes,distrito 8,0.8,6.0,7.0,21/03/2025
rotación media,"1,77 €",27.0,22.0,2.0,6.0,sí,1.333911596546874,1991.0,mañana,sábado,distrito 4,-99.0,1.0,7.0,14/10/2025
alta rotación,"2,08 €",20.0,28.0,1.0,1.0,sí,1.1527503274194473,18206.0,mediodía,sábado,distrito 10,2.6,3.0,0.0,06/10/2025
  larga estancia ,"2,50 €",51.0,10.0,11.0,51.0,no,0.9481900643539223,17979.0,mediodía,martes,distrito 1,3.5,1.0,7.0,15/03/2025
rotacion media,"2,09 €",31.0,31.0,27.0,51.0,sí,1.5465650465522822,10820.0,mañana,lunes,distrito 10,4.2,6.0,2.0,10/02/2025
rotación media,"1,76 €",43.0,42.0,23.0,83.0,sí,1.440659064165462,10724.0,mañana,lunes,distrito 6,1.1,2.0,1.0,20/07/2025
alta rotación,"2,53 €",27.0,26.0,5.0,3.0,sí,1.0511065730055356,4069.0,mañana,sábado,distrito 10,1.7,5.0,0.0,06/09/2025
alta rotación,"1,72 €",45.0,22.0,0.0,26.0,sí,0.9625749770770495,7985.0,tarde,viernes,distrito 7,4.9,0.0,1.0,26/10/2025
alta rotación,"3,84 €",28.0,12.0,9.0,6.0,no,0.6063429301004029,14085.0,mediodía,jueves,distrito 4,3.2,3.0,4.0,26/03/2025
ROTACIÓN MEDIA,"2,94 €",12.0,13.0,8.0,108.0,no,0.9382412187189009,9168.0,mañana,sábado,distrito 1,3.6,3.0,7.0,03/04/2025
alta rotación,"1,66 €",20.0,43.0,0.0,15.0,sí,1.2882606730272783,26061.0,tarde,lunes,distrito 9,4.1,3.0,3.0,10/03/2025
  residentes ,"1,01 €",40.0,52.0,16.0,32.0,sí,1.9224434403805644,6763.0,mañana,miércoles,distrito 10,3.8,0.0,5.0,20/10/2025
residentes,"1,88 €",45.0,25.0,5.0,88.0,no,1.2482514308731985,10732.0,tarde,sábado,distrito 4,1.6,4.0,5.0,07/08/2025
alta rotación,"2,96 €",7.0,46.0,6.0,20.0,sí,1.1285367647829125,3779.0,mediodía,lunes,distrito 8,4.7,6.0,7.0,15/09/2025
alta rotación,"1,84 €",53.0,51.0,29.0,92.0,sí,1.2457169984359526,12992.0,mañana,jueves,distrito 7,2.6,3.0,3.0,10/10/2025
larga estancia,"1,97 €",58.0,49.0,13.0,31.0,sí,1.1659065800886617,19782.0,tarde,viernes,distrito 2,1.4,2.0,1.0,16/01/2025
residentes,"1,47 €",23.0,4.0,0.0,28.0,sí,1.1177937625097782,2869.0,tarde,miércoles,distrito 1,3.0,6.0,6.0,19/01/2025
  larga estancia ,"1,77 €",52.0,22.0,10.0,101.0,sí,1.2699773245102621,14069.0,tarde,sábado,distrito 11,1.8,3.0,5.0,10/02/2025
rotación media,"1,15 €",25.0,18.0,2.0,91.0,sí,1.1933594959907403,14108.0,tarde,viernes,distrito 7,4.0,2.0,3.0,24/07/2025
alta rotación,"2,47 €",35.0,35.0,6.0,28.0,sí,0.9765741519186067,10931.0,mañana,martes,distrito 5,2.3,4.0,2.0,28/07/2025
residentes,"1,71 €",40.0,15.0,32.0,42.0,sí,1.4061678546775407,10966.0,mañana,sábado,distrito 9,4.2,3.0,0.0,14/07/2025
rotación media,"3,34 €",57.0,10.0,0.0,99.0,sí,0.26979776934118394,5994.0,tarde,jueves,distrito 9,4.1,5.0,7.0,29/06/2025
residentes,"2,89 €",20.0,31.0,34.0,42.0,sí,0.978513689610219,26223.0,tarde,viernes,distrito 7,3.0,1.0,7.0,14/07/2025
LARGA ESTANCIA,"2,93 €",14.0,2.0,12.0,173.0,sí,0.8828138480623142,14050.0,mediodía,martes,distrito 10,5.5,4.0,2.0,19/03/2025
rotación media,"1,32 €",58.0,14.0,10.0,74.0,sí,1.5389884717889597,7358.0,mediodía,lunes,distrito 11,4.6,3.0,3.0,14/08/2025
rotación media,"2,07 €",33.0,11.0,0.0,232.0,sí,0.39712737212992866,5082.0,tarde,martes,distrito 4,1.9,1.0,6.0,23/08/2025
alta rotación,"1,54 €",36.0,23.0,5.0,91.0,sí,1.233535273562381,8984.0,mañana,martes,distrito 4,4.9,0.0,0.0,29/09/2025
larga estancia,"3,24 €",44.0,12.0,14.0,116.0,sí,0.9235263505200374,3516.0,tarde,sábado,distrito 5,4.1,2.0,3.0,23/07/2025
rotación media,"1,32 €",50.0,48.0,20.0,62.0,sí,1.8318877064424202,8191.0,tarde,lunes,distrito 8,4.3,6.0,0.0,07/04/2025
larga estancia,"1,13 €",53.0,44.0,6.0,59.0,sí,1.4550829134045566,9776.0,tarde,jueves,distrito 7,2.0,0.0,4.0,08/04/2025
residentes,"1,20 €",60.0,26.0,4.0,47.0,sí,1.0563027132688994,14143.0,mañana,viernes,distrito 6,3.8,1.0,4.0,12/01/2025
larga estancia,"1,85 €",9.0,17.0,1.0,15.0,sí,1.2482611896117222,9934.0,mañana,jueves,distrito 9,3.5,6.0,1.0,12/10/2025
alta rotación,"2,38 €",34.0,19.0,8.0,109.0,sí,1.1288124342358492,6006.0,tarde,martes,distrito 1,3.8,5.0,0.0,29/03/2025
rotación media,"2,10 €",44.0,5.0,19.0,38.0,sí,0.4834872854065013,12330.0,mañana,sábado,distrito 1,3.6,3.0,3.0,10/09/2025
LARGA ESTANCIA,"0,63 €",31.0,44.0,19.0,19.0,no,1.881143325226845,25255.0,mediodía,jueves,distrito 3,3.2,6.0,8.0,25/10/2025
rotación media,"2,84 €",45.0,23.0,7.0,16.0,sí,1.1776597139692435,15491.0,mediodía,jueves,distrito 3,4.8,5.0,6.0,02/04/2025
alta rotación,"2,13 €",18.0,11.0,3.0,27.0,sí,1.1134173064739443,13015.0,mediodía,viernes,distrito 2,3.4,2.0,4.0,08/08/2025
alta rotación,"2,82 €",56.0,8.0,2.0,5.0,sí,0.5915300413367424,24903.0,tarde,jueves,distrito 6,-99.0,0.0,0.0,18/10/2025
rotación media,"1,52 €",44.0,48.0,7.0,100.0,no,1.706012398178687,17631.0,mediodía,sábado,distrito 4,4.5,2.0,2.0,20/03/2025
  larga estancia ,"1,72 €",33.0,11.0,5.0,48.0,sí,0.826497729396726,11933.0,tarde,sábado,distrito 11,3.1,4.0,3.0,20/03/2025
  alta rotación ,"2,84 €",9.0,16.0,4.0,32.0,no,0.9200890744180154,8779.0,mediodía,martes,distrito 7,0.8,0.0,2.0,08/02/2025
ROTACIÓN MEDIA,"1,81 €",60.0,35.0,5.0,82.0,no,1.2690382993872447,5289.0,mediodía,sábado,distrito 8,3.5,6.0,0.0,07/07/2025
alta rotacion,"1,09 €",56.0,44.0,3.0,59.0,sí,1.6828842316625396,13560.0,mediodía,sábado,distrito 3,3.0,5.0,1.0,31/10/2025
residentes,"2,17 €",25.0,4.0,0.0,76.0,no,0.8007651711939376,4405.0,tarde,sábado,distrito 4,3.0,3.0,0.0,22/07/2025
larga estancia,"1,53 €",48.0,40.0,8.0,54.0,sí,1.295032922419689,14918.0,tarde,miércoles,distrito 10,4.0,2.0,3.0,25/06/2025
rotación media,"1,57 €",44.0,2.0,22.0,115.0,sí,1.1421318134816116,2422.0,mañana,martes,distrito 5,3.2,6.0,1.0,21/04/2025
ROTACIÓN MEDIA,"2,83 €",47.0,17.0,10.0,43.0,no,1.0294968740419468,9346.0,mañana,lunes,distrito 9,3.8,6.0,3.0,24/01/2025
rotación media,"1,52 €",10.0,7.0,18.0,46.0,no,1.4287813400420384,10494.0,mañana,viernes,distrito 3,3.2,4.0,1.0,18/07/2025
residentes,"1,81 €",33.0,47.0,10.0,46.0,no,1.6797580595887982,5176.0,tarde,viernes,distrito 4,5.2,3.0,7.0,23/04/2025
rotación media,"2,75 €",43.0,8.0,14.0,129.0,no,1.1982881191875925,8712.0,mañana,jueves,distrito 9,1.6,0.0,0.0,20/02/2025
alta rotación,"1,23 €",29.0,2.0,5.0,52.0,sí,0.8623228073496707,8246.0,tarde,martes,distrito 9,2.6,1.0,1.0,11/02/2025
rotación media,"4,23 €",9.0,25.0,14.0,42.0,sí,0.7818184616800636,11623.0,tarde,sábado,distrito 4,3.8,2.0,4.0,01/05/2025
  larga estancia ,"2,17 €",31.0,16.0,24.0,82.0,sí,1.0083242201684741,19474.0,mediodía,sábado,distrito 9,4.1,3.0,3.0,20/02/2025
residentes,"1,88 €",31.0,28.0,10.0,35.0,sí,1.0809463099052903,5666.0,tarde,lunes,distrito 6,6.2,4.0,7.0,15/08/2025
residentes,"4,47 €",23.0,11.0,3.0,53.0,sí,0.44326063959802553,11174.0,tarde,viernes,distrito 9,2.0,1.0,4.0,25/08/2025
rotación media,"0,71 €",7.0,7.0,0.0,76.0,sí,0.9015568318589562,3597.0,mediodía,jueves,distrito 1,2.5,5.0,7.0,29/06/2025
ROTACIÓN MEDIA,"1,54 €",54.0,30.0,3.0,34.0,sí,1.325645310984802,7503.0,mediodía,viernes,distrito 11,-99.0,3.0,2.0,31/07/2025
residentes,"2,63 €",23.0,27.0,6.0,15.0,no,0.985661368747499,5225.0,tarde,miércoles,distrito 6,3.5,5.0,2.0,16/07/2025
residentes,"1,50 €",15.0,21.0,2.0,70.0,sí,0.9948969683491868,4452.0,tarde,miércoles,distrito 7,3.9,6.0,0.0,29/04/2025
alta rotacion,"1,47 €",38.0,22.0,9.0,184.0,sí,1.426914902246987,7515.0,mañana,lunes,distrito 1,0.8,6.0,4.0,01/04/2025
rotación media,"1,92 €",25.0,10.0,15.0,107.0,sí,0.9792384828548013,22930.0,mediodía,jueves,distrito 9,-99.0,5.0,1.0,22/09/2025
larga estancia,"1,35 €",57.0,14.0,1.0,27.0,no,1.3840113504008946,15173.0,mediodía,sábado,distrito 1,1.7,6.0,6.0,11/08/2025
rotación media,"1,24 €",57.0,22.0,7.0,2.0,sí,1.5310001748720257,14322.0,tarde,jueves,distrito 9,2.3,2.0,6.0,25/10/2025
alta rotación,"1,76 €",33.0,38.0,3.0,6.0,sí,1.1913166545779978,8395.0,mañana,martes,distrito 4,3.4,3.0,1.0,23/10/2025
residentes,"1,90 €",56.0,45.0,2.0,108.0,sí,1.277876400658753,14686.0,mañana,sábado,distrito 7,2.8,0.0,8.0,20/08/2025
alta rotación,"2,21 €",29.0,7.0,6.0,133.0,sí,0.8139670567682393,20604.0,mañana,jueves,distrito 1,3.5,0.0,0.0,16/08/2025
  rotación media ,"1,82 €",7.0,17.0,1.0,18.0,no,1.021514222003759,16009.0,tarde,lunes,distrito 4,0.8,5.0,0.0,13/10/2025
residentes,"2,74 €",31.0,25.0,0.0,58.0,no,0.6588189382932936,5708.0,tarde,jueves,distrito 5,4.7,3.0,1.0,28/05/2025
residentes,"3,44 €",9.0,30.0,9.0,71.0,sí,1.0068843423818492,12011.0,mañana,lunes,distrito 8,3.7,2.0,2.0,05/10/2025
rotación media,"3,45 €",9.0,13.0,1.0,5.0,sí,0.9172813795068249,16476.0,mañana,miércoles,distrito 2,1.2,5.0,0.0,02/09/2025
  larga estancia ,"2,95 €",7.0,27.0,8.0,125.0,sí,0.7562934045191161,9628.0,mañana,jueves,distrito 8,3.8,3.0,7.0,06/09/2025
RESIDENTES,"1,76 €",43.0,64.0,17.0,88.0,sí,1.28531430364567,5005.0,tarde,jueves,distrito 7,2.8,1.0,7.0,17/04/2025
larga estancia,"1,23 €",43.0,9.0,9.0,24.0,no,1.487922326970225,5774.0,mañana,lunes,distrito 7,2.9,1.0,5.0,02/07/2025
rotación media,"1,69 €",32.0,2.0,6.0,21.0,sí,0.7372901232339135,5171.0,mediodía,miércoles,distrito 4,3.8,5.0,5.0,16/10/2025
larga estancia,"1,76 €",52.0,48.0,8.0,28.0,no,1.294576385744522,12033.0,tarde,sábado,distrito 2,4.4,4.0,6.0,26/08/2025
alta rotación,"1,54 €",49.0,24.0,8.0,0.0,no,2.077378878984034,3590.0,mañana,lunes,distrito 1,3.4,3.0,2.0,13/05/2025
rotación media,"1,31 €",15.0,5.0,12.0,8.0,sí,1.1886402569481405,4963.0,mediodía,sábado,distrito 3,-99.0,0.0,1.0,17/02/2025
rotación media,"1,79 €",54.0,38.0,38.0,16.0,sí,1.2363909529498331,16686.0,mañana,viernes,distrito 11,5.4,1.0,7.0,31/03/2025
alta rotación,"1,98 €",27.0,33.0,27.0,177.0,no,1.1460030664005836,7779.0,mañana,martes,distrito 9,3.2,4.0,7.0,29/10/2025
larga estancia,"2,47 €",24.0,30.0,8.0,74.0,no,0.6956869012362337,13522.0,mañana,miércoles,distrito 4,4.3,3.0,5.0,25/05/2025
rotación media,"2,67 €",14.0,12.0,11.0,43.0,sí,1.1602286156823731,6745.0,mañana,lunes,distrito 6,3.6,5.0,1.0,04/02/2025
residentes,"3,48 €",23.0,8.0,0.0,102.0,sí,0.16010968512699678,4434.0,tarde,viernes,distrito 6,2.3,4.0,7.0,27/01/2025
alta rotación,"1,12 €",39.0,37.0,3.0,18.0,sí,1.5712572828185547,6005.0,mañana,martes,distrito 4,3.1,5.0,2.0,08/07/2025
  larga estancia ,"3,36 €",19.0,24.0,11.0,58.0,sí,0.5975755938920144,8791.0,tarde,martes,distrito 7,1.9,6.0,2.0,12/08/2025
rotacion media,"1,74 €",33.0,9.0,13.0,55.0,no,1.54991839812882,5884.0,tarde,viernes,distrito 2,4.9,3.0,1.0,18/08/2025
RESIDENTES,"2,12 €",24.0,8.0,9.0,56.0,sí,0.9764733256256416,22214.0,tarde,miércoles,distrito 4,-99.0,2.0,4.0,24/07/2025
residentes,"3,26 €",50.0,3.0,11.0,165.0,sí,0.7964451270554458,17905.0,mañana,miércoles,distrito 11,3.7,2.0,6.0,19/01/2025
residentes,"0,91 €",24.0,41.0,1.0,8.0,no,1.5863827396962786,17272.0,mediodía,viernes,distrito 5,1.8,6.0,3.0,25/07/2025
ROTACIÓN MEDIA,"2,69 €",32.0,10.0,10.0,76.0,sí,0.7371814868392363,10367.0,tarde,viernes,distrito 6,2.5,4.0,4.0,20/01/2025
larga estancia,"1,23 €",33.0,39.0,14.0,158.0,sí,1.3899513432752435,13988.0,mañana,viernes,distrito 7,-99.0,0.0,7.0,11/04/2025
rotacion media,"2,31 €",22.0,9.0,9.0,14.0,sí,1.123109943947488,7919.0,mañana,miércoles,distrito 4,0.8,1.0,3.0,02/03/2025
larga estancia,"2,12 €",15.0,11.0,15.0,109.0,sí,0.8545482332290365,8233.0,mañana,lunes,distrito 8,4.0,3.0,1.0,22/09/2025
rotación media,"1,57 €",28.0,15.0,10.0,99.0,sí,1.1239838307654857,21378.0,mediodía,martes,distrito 6,4.9,3.0,3.0,22/07/2025
alta rotación,"3,14 €",20.0,46.0,11.0,128.0,sí,0.6326283295416804,12674.0,mañana,lunes,distrito 7,2.5,5.0,1.0,09/08/2025
rotación media,"0,50 €",60.0,11.0,2.0,10.0,no,2.0938295910003384,6231.0,mediodía,viernes,distrito 11,1.8,2.0,7.0,05/02/2025
alta rotación,"1,89 €",59.0,22.0,26.0,36.0,sí,1.618284098708088,6847.0,tarde,lunes,distrito 10,5.0,1.0,8.0,04/06/2025
  larga estancia ,"0,50 €",16.0,23.0,5.0,86.0,sí,1.288916043866789,12219.0,tarde,miércoles,distrito 4,3.7,3.0,7.0,22/06/2025
larga estancia,"2,59 €",58.0,16.0,21.0,51.0,sí,0.9770178670593549,10329.0,mediodía,lunes,distrito 3,4.9,3.0,2.0,01/11/2025
alta rotación,"2,67 €",53.0,18.0,9.0,65.0,sí,0.6913734661467615,12051.0,mañana,lunes,distrito 6,3.3,6.0,3.0,19/03/2025
  residentes ,"1,33 €",20.0,12.0,26.0,170.0,sí,0.8603708620690182,7101.0,mediodía,lunes,distrito 2,3.7,3.0,1.0,12/03/2025
alta rotación,"2,83 €",55.0,11.0,15.0,107.0,sí,0.44461595594559467,19822.0,mañana,lunes,distrito 3,6.1,1.0,8.0,27/03/2025
rotación media,"2,65 €",29.0,12.0,5.0,7.0,sí,0.7175927526950187,7409.0,mediodía,jueves,distrito 6,4.1,4.0,1.0,18/07/2025
  alta rotación ,"1,38 €",8.0,49.0,2.0,56.0,no,1.759659887234923,9176.0,tarde,viernes,distrito 2,4.3,4.0,8.0,13/01/2025
  larga estancia ,"3,10 €",41.0,44.0,5.0,259.0,sí,0.7939628927973477,6547.0,tarde,lunes,distrito 11,3.0,5.0,0.0,17/03/2025
alta rotación,"3,68 €",16.0,17.0,25.0,301.0,no,0.8004847086374177,5251.0,mediodía,sábado,distrito 9,3.6,0.0,4.0,12/08/2025
rotación media,"2,42 €",18.0,1.0,2.0,66.0,no,0.4822915424853254,18031.0,mañana,sábado,distrito 4,3.2,1.0,1.0,21/01/2025
ROTACIÓN MEDIA,"1,95 €",24.0,31.0,0.0,83.0,sí,0.9619385991405108,7426.0,mediodía,lunes,distrito 8,4.5,1.0,8.0,06/05/2025
alta rotacion,"2,73 €",35.0,28.0,15.0,129.0,sí,0.5356437592999549,6677.0,mañana,martes,distrito 2,2.7,2.0,6.0,16/09/2025
RESIDENTES,"0,79 €",59.0,12.0,13.0,71.0,no,1.5014024157768573,4227.0,tarde,jueves,distrito 1,2.3,2.0,7.0,27/09/2025
rotación media,"2,94 €",7.0,16.0,1.0,43.0,sí,0.5279804847764061,5536.0,mediodía,lunes,distrito 4,3.8,1.0,7.0,28/08/2025
larga estancia,"2,47 €",37.0,10.0,8.0,42.0,no,0.8129458321338403,14801.0,mañana,miércoles,distrito 7,3.6,6.0,0.0,06/02/2025
larga estancia,"2,68 €",41.0,45.0,10.0,41.0,sí,1.3087812174211764,10398.0,mediodía,miércoles,distrito 11,2.9,1.0,7.0,12/02/2025
alta rotacion,"2,91 €",25.0,37.0,7.0,8.0,no,1.0057494667185316,9717.0,mañana,martes,distrito 10,4.1,2.0,0.0,28/09/2025
residentes,"2,39 €",40.0,37.0,9.0,2.0,no,1.5193118828740122,5064.0,mañana,viernes,distrito 6,4.7,2.0,2.0,04/10/2025
residentes,"3,28 €",50.0,58.0,5.0,33.0,sí,0.7700591122526355,2549.0,tarde,sábado,distrito 5,2.9,4.0,5.0,15/03/2025
  alta rotación ,"2,96 €",21.0,4.0,13.0,28.0,sí,0.6795053562036582,15215.0,tarde,sábado,distrito 11,4.2,1.0,5.0,10/08/2025
larga estancia,"2,60 €",38.0,6.0,12.0,34.0,no,0.8166521404339692,7127.0,tarde,viernes,distrito 3,2.5,6.0,6.0,05/03/2025
larga estancia,"1,85 €",23.0,24.0,10.0,157.0,sí,0.6676040486378989,24779.0,mañana,sábado,distrito 6,0.8,4.0,7.0,23/07/2025
alta rotación,"1,70 €",7.0,31.0,13.0,5.0,sí,1.6209859960580124,3456.0,tarde,miércoles,distrito 7,3.0,2.0,2.0,21/08/2025
residentes,"3,30 €",28.0,18.0,44.0,54.0,sí,0.5956293898689612,4616.0,tarde,lunes,distrito 9,2.5,1.0,8.0,12/08/2025
larga estancia,"2,07 €",58.0,75.0,8.0,45.0,sí,0.7451909064363591,9985.0,tarde,viernes,distrito 5,0.8,6.0,6.0,15/09/2025
alta rotación,"2,11 €",16.0,8.0,24.0,67.0,sí,0.6329980275293479,5750.0,mediodía,jueves,distrito 1,2.5,4.0,1.0,31/03/2025
rotación media,"0,50 €",20.0,53.0,1.0,42.0,no,1.5435848064679387,8537.0,tarde,miércoles,distrito 3,4.5,5.0,2.0,13/09/2025
rotación media,"2,61 €",36.0,50.0,15.0,41.0,no,1.3730034475542676,4916.0,tarde,martes,distrito 8,-99.0,5.0,8.0,10/08/2025
larga estancia,"2,38 €",50.0,8.0,1.0,25.0,sí,0.7967262979213887,16204.0,mañana,martes,distrito 7,2.8,6.0,6.0,29/05/2025
alta rotación,"3,37 €",25.0,14.0,3.0,68.0,sí,0.39564040302760295,10722.0,mediodía,miércoles,distrito 11,-99.0,6.0,1.0,27/04/2025
ALTA ROTACIÓN,"2,34 €",23.0,16.0,6.0,18.0,no,1.1963128496856006,8680.0,mañana,lunes,distrito 11,3.5,0.0,5.0,10/06/2025
residentes,"1,89 €",16.0,106.0,23.0,73.0,no,1.9531578599397619,28312.0,tarde,miércoles,distrito 9,0.8,4.0,1.0,25/02/2025
  residentes ,"1,29 €",43.0,29.0,2.0,64.0,sí,1.6983700244901567,18806.0,tarde,sábado,distrito 7,3.6,0.0,8.0,23/01/2025
residentes,"2,47 €",56.0,21.0,1.0,76.0,sí,0.6239172850838282,2345.0,tarde,viernes,distrito 2,4.1,1.0,1.0,01/11/2025
rotación media,"2,22 €",21.0,14.0,2.0,5.0,sí,1.0633574008972524,6827.0,mañana,viernes,distrito 8,5.3,2.0,0.0,08/03/2025
alta rotación,"1,40 €",6.0,4.0,3.0,17.0,sí,1.006074003110278,4236.0,tarde,lunes,distrito 2,2.3,5.0,2.0,27/01/2025
rotación media,"2,28 €",15.0,18.0,2.0,108.0,sí,0.8761508149590116,17533.0,mañana,miércoles,distrito 11,1.2,3.0,5.0,14/01/2025
rotación media,"1,56 €",12.0,62.0,19.0,18.0,sí,1.5872308683744047,6634.0,mediodía,miércoles,distrito 6,2.8,4.0,3.0,21/03/2025
rotación media,"2,80 €",41.0,9.0,2.0,27.0,no,0.8179837837295572,4361.0,mediodía,jueves,distrito 2,2.2,0.0,3.0,27/05/2025
residentes,"1,78 €",46.0,23.0,2.0,62.0,sí,0.9028923905781712,6651.0,tarde,jueves,distrito 5,5.5,4.0,3.0,11/01/2025
larga estancia,"1,19 €",15.0,14.0,8.0,30.0,sí,1.5490438355614415,15595.0,mañana,sábado,distrito 7,2.7,1.0,1.0,19/08/2025
rotación media,"1,65 €",49.0,15.0,7.0,70.0,no,1.464460887347579,2906.0,mañana,jueves,distrito 3,2.4,2.0,0.0,04/05/2025
alta rotación,"3,28 €",18.0,16.0,2.0,57.0,no,0.8529045011850918,14823.0,mañana,lunes,distrito 8,2.7,2.0,0.0,06/04/2025
residentes,"2,25 €",60.0,37.0,24.0,23.0,no,1.6131348550218643,12533.0,tarde,sábado,distrito 10,-99.0,5.0,3.0,09/01/2025
rotación media,"1,16 €",57.0,21.0,15.0,39.0,sí,1.0294950403190126,4499.0,mañana,sábado,distrito 6,0.9,2.0,0.0,27/03/2025
larga estancia,"3,58 €",47.0,21.0,3.0,170.0,sí,0.27224171341660747,4612.0,tarde,viernes,distrito 11,2.5,0.0,3.0,22/08/2025
rotación media,"1,72 €",17.0,29.0,3.0,58.0,sí,0.9466070722762288,5540.0,mediodía,viernes,distrito 11,1.8,2.0,4.0,26/04/2025
rotación media,"1,37 €",8.0,24.0,14.0,35.0,no,1.788447424866038,15320.0,tarde,viernes,distrito 8,1.2,2.0,1.0,15/03/2025
rotación media,"3,20 €",29.0,9.0,19.0,86.0,no,0.7280425625023313,15962.0,mañana,sábado,distrito 1,4.0,6.0,6.0,03/04/2025
rotación media,"1,37 €",36.0,23.0,10.0,24.0,no,1.9076545593492165,17362.0,tarde,martes,distrito 9,2.4,1.0,4.0,12/09/2025
rotación media,"2,40 €",11.0,27.0,17.0,31.0,sí,1.0965062402598709,11389.0,tarde,viernes,distrito 1,3.1,0.0,4.0,20/08/2025
  larga estancia ,"1,78 €",11.0,31.0,8.0,15.0,sí,1.3701693265055948,16812.0,mediodía,sábado,distrito 1,4.0,2.0,4.0,26/08/2025
alta rotación,"2,40 €",52.0,15.0,19.0,116.0,sí,0.9375241677204952,19466.0,mañana,lunes,distrito 10,3.3,0.0,5.0,29/04/2025
rotación media,"2,04 €",35.0,16.0,11.0,63.0,no,1.5792791090208258,5022.0,mediodía,lunes,distrito 3,3.8,6.0,8.0,03/10/2025
rotación media,"1,35 €",15.0,32.0,2.0,79.0,sí,1.1640327183857055,5285.0,mañana,viernes,distrito 10,1.6,6.0,0.0,30/04/2025
alta rotación,"1,63 €",16.0,8.0,31.0,46.0,sí,1.356429318871931,3614.0,mediodía,lunes,distrito 10,4.1,6.0,0.0,06/10/2025
residentes,"2,11 €",58.0,20.0,39.0,323.0,no,1.3743907659443673,14004.0,mañana,viernes,distrito 1,5.2,3.0,1.0,17/05/2025
alta rotación,"3,37 €",25.0,29.0,0.0,76.0,no,0.673609830672076,2367.0,mediodía,miércoles,distrito 10,1.6,4.0,3.0,14/03/2025
residentes,"3,26 €",50.0,38.0,3.0,249.0,sí,0.7820476128186234,17958.0,mañana,sábado,distrito 10,3.2,0.0,5.0,11/05/2025
ALTA ROTACIÓN,"1,38 €",56.0,58.0,15.0,67.0,no,1.5021151844470289,4473.0,tarde,miércoles,distrito 9,1.8,2.0,4.0,17/01/2025
larga estancia,"1,87 €",20.0,9.0,6.0,44.0,sí,0.7788358076895244,12109.0,mediodía,jueves,distrito 7,4.3,2.0,5.0,22/04/2025
  alta rotación ,"4,37 €",22.0,25.0,12.0,19.0,no,0.7454538260239202,9539.0,tarde,martes,distrito 10,4.1,0.0,4.0,17/04/2025
residentes,"1,12 €",44.0,9.0,11.0,72.0,no,1.7344711034059046,8135.0,tarde,lunes,distrito 11,0.8,2.0,1.0,31/07/2025
residentes,"1,31 €",26.0,35.0,0.0,67.0,sí,1.3037680501828706,12540.0,mediodía,martes,distrito 11,3.5,5.0,6.0,11/01/2025
rotación media,"3,31 €",59.0,70.0,2.0,22.0,sí,0.6421347032489695,6805.0,mediodía,miércoles,distrito 10,2.7,2.0,1.0,13/02/2025
alta rotación,"3,12 €",24.0,26.0,67.0,30.0,sí,1.2813894610148178,44062.0,mediodía,jueves,distrito 6,-99.0,2.0,6.0,27/10/2025
larga estancia,"1,87 €",17.0,16.0,11.0,110.0,sí,0.7075321736196055,7465.0,mañana,martes,distrito 8,3.7,4.0,1.0,17/06/2025
residentes,"2,53 €",12.0,52.0,2.0,52.0,sí,0.9216003212397891,4472.0,mañana,jueves,distrito 6,2.5,6.0,0.0,29/04/2025
  larga estancia ,"1,78 €",8.0,15.0,2.0,10.0,sí,1.1353183355933405,4423.0,tarde,sábado,distrito 1,4.4,3.0,2.0,17/10/2025
residentes,"2,70 €",45.0,20.0,17.0,161.0,sí,1.0077144959303843,17722.0,mediodía,jueves,distrito 3,3.1,3.0,3.0,27/10/2025
residentes,"2,39 €",8.0,35.0,10.0,31.0,sí,0.7125812397121847,4071.0,mañana,viernes,distrito 8,2.7,4.0,3.0,18/02/2025
  residentes ,"1,87 €",25.0,27.0,8.0,307.0,sí,1.117739946540885,19662.0,mediodía,viernes,distrito 7,5.1,3.0,3.0,16/06/2025
alta rotación,"2,35 €",46.0,52.0,9.0,115.0,no,1.3369171060680183,5584.0,tarde,miércoles,distrito 5,4.4,0.0,1.0,07/05/2025
alta rotación,"2,39 €",10.0,11.0,38.0,95.0,sí,1.0783808459369726,5481.0,mediodía,lunes,distrito 9,3.3,2.0,7.0,24/10/2025
alta rotación,"1,21 €",46.0,2.0,14.0,40.0,no,0.8836697673053204,1820.0,mañana,lunes,distrito 2,4.2,3.0,0.0,26/09/2025
alta rotación,"3,36 €",37.0,41.0,4.0,133.0,sí,0.5506610657093371,22950.0,tarde,lunes,distrito 2,3.8,1.0,1.0,21/04/2025
alta rotación,"1,23 €",9.0,78.0,0.0,87.0,sí,0.9893277039813666,23760.0,mediodía,miércoles,distrito 11,3.9,1.0,7.0,23/03/2025
  alta rotación ,"1,98 €",8.0,11.0,9.0,95.0,sí,0.8007099658200506,7810.0,mediodía,martes,distrito 11,4.3,4.0,2.0,17/04/2025
larga estancia,"2,29 €",15.0,30.0,2.0,25.0,sí,0.7665788495716425,7381.0,mañana,lunes,distrito 6,3.6,1.0,5.0,25/07/2025
rotación media,"1,73 €",17.0,5.0,3.0,36.0,sí,0.9559899915410028,19323.0,mediodía,lunes,distrito 6,1.9,0.0,2.0,14/06/2025
alta rotación,"2,05 €",41.0,4.0,23.0,63.0,sí,0.9529987229318334,33901.0,mañana,jueves,distrito 1,5.0,4.0,7.0,10/06/2025
alta rotación,"2,90 €",33.0,21.0,7.0,9.0,sí,0.7739267230999962,20604.0,tarde,miércoles,distrito 1,3.3,1.0,1.0,25/04/2025
rotación media,"1,64 €",33.0,8.0,15.0,29.0,no,0.8266842927018987,3446.0,tarde,miércoles,distrito 5,0.8,5.0,7.0,31/05/2025
residentes,"2,15 €",16.0,11.0,6.0,25.0,sí,1.039863299579939,10675.0,mediodía,martes,distrito 4,4.6,0.0,0.0,10/09/2025
residentes,"3,01 €",38.0,13.0,23.0,61.0,sí,0.38507734978728203,4559.0,mediodía,jueves,distrito 4,1.9,0.0,1.0,27/05/2025
residentes,"1,83 €",49.0,27.0,38.0,116.0,sí,1.4403283194642187,13073.0,tarde,miércoles,distrito 6,4.0,2.0,1.0,09/04/2025
LARGA ESTANCIA,"2,36 €",23.0,11.0,12.0,49.0,sí,0.6223527247795775,6495.0,tarde,sábado,distrito 9,1.2,4.0,7.0,13/08/2025
  residentes ,"2,85 €",58.0,3.0,4.0,121.0,no,0.5925198925425146,4749.0,mañana,lunes,distrito 8,3.7,4.0,8.0,15/02/2025
rotación media,"3,56 €",12.0,8.0,1.0,106.0,no,0.45256652741405934,17390.0,mañana,martes,distrito 7,3.3,4.0,5.0,18/01/2025
ALTA ROTACIÓN,"1,61 €",54.0,22.0,3.0,33.0,sí,1.4023408781801532,6622.0,tarde,jueves,distrito 2,3.2,6.0,8.0,01/06/2025
rotación media,"1,91 €",34.0,11.0,6.0,15.0,sí,0.9032138991390365,5866.0,mañana,lunes,distrito 1,2.6,2.0,5.0,18/09/2025
  alta rotación ,"1,54 €",57.0,19.0,12.0,16.0,sí,1.2701802900681054,4477.0,mañana,lunes,distrito 4,3.8,1.0,7.0,05/06/2025
rotación media,"0,50 €",54.0,34.0,9.0,20.0,no,1.976376441989269,9060.0,tarde,martes,distrito 3,6.1,5.0,2.0,16/06/2025
residentes,"2,47 €",57.0,22.0,2.0,190.0,sí,0.6923072651652963,45876.0,tarde,jueves,distrito 1,2.7,6.0,6.0,21/06/2025
  rotación media ,"2,28 €",15.0,17.0,23.0,97.0,no,1.2869964880324452,8999.0,tarde,martes,distrito 3,-99.0,4.0,3.0,29/04/2025
larga estancia,"2,53 €",44.0,60.0,13.0,26.0,sí,0.7751364935091059,18153.0,mediodía,lunes,distrito 6,3.0,3.0,3.0,12/04/2025
rotación media,"2,65 €",17.0,42.0,7.0,105.0,sí,1.1516803196241927,5088.0,mañana,martes,distrito 4,2.4,4.0,1.0,20/10/2025
alta rotación,"3,45 €",14.0,14.0,3.0,20.0,no,0.13637694753016238,2616.0,mediodía,jueves,distrito 3,1.2,1.0,1.0,28/08/2025
rotación media,"1,63 €",35.0,7.0,9.0,102.0,sí,1.189335623927754,17492.0,mañana,jueves,distrito 4,-99.0,2.0,5.0,22/07/2025
larga estancia,"2,24 €",59.0,27.0,7.0,40.0,no,1.1055232768980192,13235.0,tarde,sábado,distrito 4,3.9,3.0,7.0,25/10/2025
residentes,"1,40 €",33.0,38.0,7.0,68.0,sí,1.6439194860888406,8394.0,tarde,lunes,distrito 7,2.4,6.0,3.0,19/07/2025
larga estancia,"0,76 €",36.0,8.0,0.0,85.0,sí,1.1564289970998611,5217.0,tarde,jueves,distrito 10,4.4,5.0,5.0,17/07/2025
rotación media,"0,99 €",45.0,23.0,7.0,46.0,sí,1.6068249305083047,13508.0,mediodía,martes,distrito 1,7.0,6.0,7.0,15/10/2025
rotación media,"2,34 €",30.0,7.0,16.0,91.0,sí,1.005911297571688,3909.0,tarde,martes,distrito 11,3.2,2.0,3.0,24/03/2025
alta rotación,"2,56 €",58.0,23.0,24.0,72.0,sí,1.1316253516398362,13862.0,mediodía,lunes,distrito 8,2.3,6.0,4.0,04/09/2025
  larga estancia ,"3,29 €",44.0,4.0,22.0,71.0,sí,0.48949056166387006,12660.0,mediodía,miércoles,distrito 11,3.2,3.0,2.0,07/06/2025
larga estancia,"2,18 €",49.0,34.0,8.0,33.0,sí,0.6695114182837463,5380.0,mediodía,viernes,distrito 6,4.4,3.0,3.0,08/03/2025
residentes,"2,47 €",47.0,5.0,1.0,57.0,no,0.694619336827657,8350.0,tarde,miércoles,distrito 6,6.8,0.0,1.0,17/08/2025
ROTACIÓN MEDIA,"1,90 €",39.0,10.0,2.0,55.0,sí,0.8857925198325466,5885.0,tarde,lunes,distrito 5,1.8,5.0,7.0,08/10/2025
ROTACIÓN MEDIA,"2,44 €",54.0,13.0,4.0,8.0,sí,0.774617284339997,10064.0,tarde,lunes,distrito 11,-99.0,3.0,7.0,24/10/2025
larga estancia,"2,00 €",30.0,19.0,37.0,90.0,no,1.1693265098701753,13222.0,tarde,miércoles,distrito 8,4.5,5.0,5.0,10/06/2025
residentes,"2,72 €",11.0,9.0,6.0,29.0,sí,0.9820197299645759,22098.0,mediodía,martes,distrito 11,3.6,0.0,4.0,22/05/2025
larga estancia,"1,65 €",9.0,26.0,20.0,216.0,sí,0.7668164361564139,10285.0,tarde,lunes,distrito 2,4.3,3.0,6.0,25/03/2025
larga estancia,"1,57 €",55.0,6.0,0.0,92.0,sí,0.7097515421266919,5640.0,mediodía,jueves,distrito 5,3.3,1.0,0.0,14/06/2025
residentes,"1,30 €",33.0,11.0,14.0,32.0,no,1.6114335415928411,10359.0,mediodía,viernes,distrito 5,5.6,2.0,8.0,08/09/2025
larga estancia,"1,33 €",56.0,9.0,0.0,56.0,sí,0.7872305146170337,21392.0,mediodía,viernes,distrito 5,4.1,2.0,3.0,10/06/2025
rotación media,"2,81 €",21.0,33.0,3.0,8.0,sí,0.8974242756137181,4980.0,mediodía,lunes,distrito 1,0.8,5.0,3.0,10/05/2025
alta rotación,"2,50 €",53.0,19.0,47.0,31.0,no,1.3785270540976013,15498.0,tarde,viernes,distrito 6,2.7,2.0,6.0,18/04/2025
rotación media,"2,19 €",21.0,30.0,4.0,26.0,sí,1.6531530815075088,11908.0,tarde,sábado,distrito 3,4.0,5.0,3.0,11/06/2025
larga estancia,"2,78 €",42.0,15.0,18.0,56.0,sí,0.5964593497177271,3362.0,tarde,lunes,distrito 6,2.5,6.0,0.0,16/06/2025
alta rotación,"0,92 €",25.0,28.0,5.0,18.0,no,2.3407066699880863,47701.0,tarde,viernes,distrito 2,0.8,5.0,0.0,04/04/2025
rotacion media,"1,87 €",45.0,38.0,4.0,79.0,sí,1.071757552612868,3920.0,mañana,jueves,distrito 8,-99.0,5.0,5.0,27/07/2025
residentes,"1,76 €",55.0,11.0,19.0,42.0,sí,1.1131688453858894,10394.0,tarde,jueves,distrito 3,3.9,2.0,4.0,09/09/2025
residentes,"2,48 €",59.0,2.0,47.0,49.0,sí,0.7865003755876318,2781.0,mañana,sábado,distrito 4,4.0,5.0,0.0,13/09/2025
alta rotación,"1,56 €",51.0,6.0,1.0,69.0,no,0.8340890182018925,9496.0,tarde,lunes,distrito 3,1.8,2.0,7.0,07/03/2025
larga estancia,"2,63 €",29.0,12.0,2.0,141.0,no,0.7061409970689654,16600.0,mediodía,viernes,distrito 7,-99.0,2.0,5.0,21/05/2025
  rotación media ,"1,65 €",11.0,14.0,0.0,146.0,sí,0.707472272220725,3929.0,tarde,lunes,distrito 11,4.2,0.0,5.0,14/03/2025
alta rotación,"3,60 €",13.0,20.0,17.0,19.0,sí,0.6144213389420563,6953.0,mañana,miércoles,distrito 3,2.7,4.0,5.0,21/08/2025
residentes,"3,43 €",53.0,28.0,20.0,141.0,sí,1.0312728415773833,8606.0,tarde,viernes,distrito 3,-99.0,5.0,4.0,09/02/2025
residentes,"2,85 €",55.0,0.0,17.0,29.0,sí,0.3600015088179534,2455.0,mediodía,miércoles,distrito 9,3.6,4.0,1.0,08/04/2025
larga estancia,"1,70 €",13.0,88.0,36.0,71.0,sí,1.6476558481012757,7154.0,tarde,sábado,distrito 3,1.4,2.0,0.0,27/03/2025
alta rotación,"2,56 €",55.0,5.0,2.0,27.0,no,0.9206370783416447,16636.0,tarde,martes,distrito 9,1.2,0.0,7.0,18/02/2025
larga estancia,"3,14 €",7.0,8.0,7.0,66.0,sí,0.7363300068711602,8134.0,tarde,lunes,distrito 10,4.5,3.0,4.0,08/06/2025
rotación media,"3,14 €",55.0,25.0,4.0,26.0,sí,0.6646655851225748,11182.0,mediodía,viernes,distrito 11,-99.0,0.0,8.0,12/08/2025
alta rotación,"2,38 €",60.0,7.0,8.0,98.0,sí,0.6398114182141577,14376.0,tarde,martes,distrito 5,4.0,0.0,3.0,06/03/2025
alta rotación,"1,55 €",41.0,18.0,26.0,77.0,sí,1.5473826218277293,7915.0,mediodía,lunes,distrito 4,3.9,6.0,6.0,16/04/2025
rotación media,"2,71 €",37.0,40.0,4.0,102.0,no,1.0038049450533042,3743.0,mañana,viernes,distrito 4,2.3,4.0,4.0,15/10/2025
rotación media,"1,18 €",12.0,28.0,36.0,150.0,sí,1.4331597056499565,7660.0,mañana,viernes,distrito 7,3.9,4.0,1.0,25/04/2025
larga estancia,"2,31 €",57.0,12.0,9.0,7.0,no,0.7606659691918967,16816.0,mediodía,jueves,distrito 6,3.9,3.0,0.0,11/04/2025
rotación media,"2,02 €",60.0,1.0,26.0,16.0,no,0.8955685835281115,3194.0,mediodía,sábado,distrito 5,3.0,4.0,6.0,24/05/2025
ALTA ROTACIÓN,"2,09 €",10.0,51.0,4.0,71.0,no,1.2734046970910518,8855.0,tarde,viernes,distrito 4,5.7,4.0,5.0,20/07/2025
alta rotación,"2,18 €",11.0,9.0,29.0,68.0,sí,1.212554830618373,6424.0,tarde,viernes,distrito 10,2.0,2.0,2.0,14/08/2025
  rotación media ,"1,96 €",9.0,10.0,2.0,274.0,no,1.0258388862186198,7052.0,tarde,lunes,distrito 1,4.7,5.0,0.0,25/02/2025
rotación media,"1,14 €",47.0,11.0,8.0,39.0,sí,1.5166860226159755,6247.0,tarde,lunes,distrito 4,4.1,3.0,7.0,12/01/2025
larga estancia,"2,66 €",54.0,30.0,7.0,185.0,sí,0.694802718358663,12025.0,tarde,martes,distrito 6,5.1,1.0,6.0,08/01/2025
alta rotación,"2,24 €",50.0,28.0,1.0,43.0,sí,0.9924945494087356,6596.0,mediodía,jueves,distrito 2,4.5,6.0,7.0,02/03/2025
alta rotación,"1,18 €",24.0,7.0,58.0,60.0,sí,1.6762601413445724,2734.0,tarde,miércoles,distrito 5,2.9,6.0,4.0,28/07/2025
larga estancia,"1,27 €",38.0,2.0,4.0,31.0,no,1.462840953631504,2895.0,mañana,viernes,distrito 10,4.8,5.0,3.0,05/10/2025
  alta rotación ,"2,08 €",30.0,16.0,12.0,6.0,sí,1.0758949212323905,13676.0,mañana,miércoles,distrito 6,5.2,1.0,7.0,14/07/2025
ROTACIÓN MEDIA,"2,84 €",12.0,20.0,4.0,90.0,no,0.678039801279452,10073.0,mañana,viernes,distrito 6,5.2,4.0,1.0,06/10/2025
rotación media,"2,26 €",56.0,12.0,28.0,75.0,sí,1.1937509800996384,12670.0,mañana,martes,distrito 2,6.0,1.0,0.0,25/07/2025
larga estancia,"2,31 €",17.0,25.0,3.0,31.0,sí,1.0798862567959073,12149.0,mañana,lunes,distrito 3,2.7,1.0,8.0,11/03/2025
alta rotación,"3,65 €",19.0,3.0,25.0,73.0,sí,0.3726881873739282,13296.0,mañana,miércoles,distrito 3,3.9,4.0,2.0,04/04/2025
larga estancia,"1,81 €",50.0,8.0,0.0,115.0,sí,0.5403404902249066,20248.0,tarde,lunes,distrito 8,3.9,3.0,3.0,31/08/2025
rotación media,"1,97 €",39.0,11.0,5.0,71.0,sí,1.0064667069096402,11485.0,mañana,sábado,distrito 11,4.1,0.0,2.0,01/07/2025
residentes,"1,67 €",14.0,2.0,4.0,9.0,sí,0.4609203658480487,6748.0,mañana,viernes,distrito 9,2.8,5.0,7.0,30/08/2025
  rotación media ,"2,22 €",54.0,2.0,7.0,58.0,sí,0.08930645419836591,10133.0,mañana,jueves,distrito 5,3.4,0.0,7.0,28/06/2025
rotación media,"2,01 €",6.0,29.0,10.0,50.0,sí,1.2200673605319348,9512.0,mañana,miércoles,distrito 3,3.2,1.0,0.0,11/01/2025
alta rotación,"3,62 €",17.0,15.0,5.0,172.0,sí,0.15751878119463703,8598.0,tarde,sábado,distrito 1,3.4,6.0,1.0,27/03/2025
  rotación media ,"1,19 €",36.0,1.0,26.0,33.0,sí,1.0175228791114372,35217.0,tarde,lunes,distrito 2,4.5,1.0,2.0,15/07/2025
ALTA ROTACIÓN,"1,91 €",20.0,6.0,7.0,242.0,sí,0.7878104946138,11932.0,mediodía,lunes,distrito 2,-99.0,2.0,8.0,18/06/2025
alta rotación,"2,35 €",46.0,17.0,2.0,15.0,no,0.8022919389965382,13379.0,mediodía,miércoles,distrito 1,4.1,0.0,4.0,05/06/2025
larga estancia,"1,36 €",17.0,14.0,39.0,45.0,sí,0.9636272701179128,2858.0,mediodía,viernes,distrito 1,2.5,2.0,7.0,30/10/2025
rotación media,"1,65 €",10.0,27.0,7.0,69.0,sí,1.0693806046381535,15849.0,mañana,miércoles,distrito 4,1.4,5.0,7.0,28/03/2025
rotación media,"1,25 €",19.0,29.0,5.0,45.0,no,1.4804109076837442,2729.0,mediodía,sábado,distrito 5,4.1,4.0,1.0,14/07/2025
residentes,"2,87 €",17.0,10.0,3.0,98.0,sí,0.5851985218736576,16911.0,mañana,viernes,distrito 6,4.1,6.0,8.0,16/10/2025
rotación media,"1,51 €",19.0,24.0,1.0,14.0,sí,1.0838405430837559,5374.0,mediodía,sábado,distrito 8,3.9,3.0,7.0,08/09/2025
rotación media,"2,47 €",30.0,36.0,5.0,92.0,sí,0.7795024775348776,12352.0,mediodía,jueves,distrito 11,2.4,0.0,5.0,04/08/2025
larga estancia,"2,09 €",25.0,27.0,6.0,20.0,sí,1.12401235465879,8456.0,tarde,martes,distrito 2,2.7,3.0,0.0,01/08/2025
rotación media,"1,59 €",22.0,42.0,16.0,50.0,sí,1.5228507103760784,28174.0,tarde,martes,distrito 8,2.2,0.0,5.0,11/02/2025
LARGA ESTANCIA,"2,67 €",12.0,19.0,4.0,28.0,sí,0.8126772908615463,8912.0,mediodía,lunes,distrito 3,5.7,2.0,6.0,05/10/2025
larga estancia,"1,82 €",49.0,33.0,12.0,65.0,no,1.0522386642140729,3598.0,tarde,viernes,distrito 6,1.6,6.0,2.0,26/04/2025
alta rotación,"2,78 €",58.0,48.0,10.0,11.0,sí,1.2404058186015443,28567.0,mañana,miércoles,distrito 5,4.1,4.0,7.0,28/10/2025
rotación media,"1,37 €",39.0,10.0,4.0,82.0,sí,0.800163608016595,4654.0,mediodía,viernes,distrito 5,4.0,0.0,8.0,25/03/2025
rotación media,"1,85 €",21.0,14.0,15.0,93.0,sí,0.5158638150376094,5118.0,mañana,sábado,distrito 3,3.9,3.0,7.0,12/08/2025
rotación media,"2,29 €",31.0,13.0,19.0,56.0,sí,1.3277632083156008,4114.0,mediodía,martes,distrito 1,3.7,6.0,1.0,12/04/2025
larga estancia,"2,02 €",38.0,24.0,3.0,15.0,sí,0.9114179962895615,7595.0,mañana,martes,distrito 1,1.2,6.0,4.0,08/08/2025
ALTA ROTACIÓN,"2,37 €",30.0,46.0,6.0,112.0,sí,0.9237428108141315,5634.0,mañana,viernes,distrito 9,0.8,2.0,5.0,07/03/2025
residentes,"1,96 €",47.0,18.0,20.0,73.0,sí,0.844994719410866,4462.0,mañana,lunes,distrito 3,3.9,0.0,4.0,25/04/2025
rotación media,"3,01 €",41.0,24.0,15.0,33.0,sí,1.0202622711398253,11620.0,tarde,jueves,distrito 2,-99.0,2.0,0.0,11/08/2025
rotacion media,"3,59 €",52.0,21.0,32.0,10.0,sí,1.2117328715962699,13074.0,mediodía,viernes,distrito 8,2.9,3.0,5.0,11/10/2025
alta rotación,"2,37 €",56.0,11.0,3.0,22.0,no,0.9410514527378832,18814.0,mediodía,sábado,distrito 4,2.5,0.0,3.0,26/04/2025
rotación media,"2,33 €",31.0,15.0,3.0,112.0,no,1.1461327052683044,4762.0,mañana,martes,distrito 2,3.9,3.0,5.0,28/09/2025
residentes,"2,40 €",41.0,2.0,4.0,55.0,sí,0.4191647859388493,5330.0,mañana,martes,distrito 11,0.8,1.0,2.0,18/04/2025
ROTACIÓN MEDIA,"3,18 €",10.0,23.0,0.0,15.0,no,1.119851062354844,22908.0,mañana,sábado,distrito 7,4.0,0.0,2.0,17/03/2025
rotación media,"0,55 €",43.0,27.0,7.0,14.0,no,2.1118335333859766,48292.0,mañana,miércoles,distrito 11,4.6,2.0,8.0,07/06/2025
larga estancia,"3,00 €",48.0,66.0,8.0,80.0,sí,0.801291333068926,14918.0,tarde,martes,distrito 1,0.8,2.0,6.0,02/06/2025
ROTACIÓN MEDIA,"1,84 €",11.0,13.0,0.0,109.0,no,1.174963115885978,12964.0,tarde,viernes,distrito 11,3.6,3.0,7.0,05/10/2025
residentes,"2,23 €",54.0,33.0,1.0,125.0,sí,0.691518991138469,3745.0,tarde,viernes,distrito 10,3.0,2.0,8.0,18/02/2025
rotación media,"2,40 €",51.0,2.0,3.0,35.0,sí,0.6216277381288716,8595.0,mañana,sábado,distrito 2,4.5,3.0,6.0,03/10/2025
residentes,"1,25 €",37.0,9.0,8.0,128.0,sí,0.8655902228302169,13652.0,tarde,miércoles,distrito 8,-99.0,1.0,6.0,03/02/2025
ALTA ROTACIÓN,"2,26 €",59.0,11.0,11.0,51.0,sí,1.0847582920218461,12735.0,tarde,sábado,distrito 9,5.0,5.0,0.0,17/07/2025
RESIDENTES,"1,70 €",36.0,48.0,4.0,112.0,sí,1.2752060355127006,11030.0,mañana,jueves,distrito 8,3.8,1.0,8.0,31/03/2025
rotación media,"3,26 €",60.0,16.0,3.0,128.0,no,0.793859462246246,9098.0,tarde,lunes,distrito 6,1.5,6.0,8.0,04/03/2025
rotación media,"2,97 €",31.0,24.0,23.0,88.0,no,0.8973510091229283,3891.0,mediodía,martes,distrito 6,2.1,6.0,1.0,01/09/2025
  alta rotación ,"2,04 €",24.0,5.0,24.0,128.0,sí,0.8376958022353534,4810.0,mañana,sábado,distrito 10,1.8,5.0,0.0,25/09/2025
alta rotación,"2,40 €",12.0,12.0,4.0,211.0,sí,0.49711199187995053,5087.0,tarde,martes,distrito 10,3.2,3.0,4.0,29/10/2025
rotación media,"2,27 €",37.0,16.0,19.0,114.0,sí,1.092522753931291,10038.0,mediodía,lunes,distrito 11,2.9,0.0,2.0,03/05/2025
residentes,"2,16 €",48.0,29.0,13.0,42.0,no,1.1325826730069217,3916.0,tarde,sábado,distrito 7,2.5,2.0,6.0,27/03/2025
  residentes ,"1,08 €",29.0,31.0,8.0,57.0,no,1.5127772083477655,9868.0,mañana,martes,distrito 11,-99.0,0.0,1.0,18/04/2025
rotación media,"1,17 €",8.0,13.0,1.0,107.0,no,1.058568948974884,8323.0,tarde,viernes,distrito 6,1.7,6.0,0.0,12/08/2025
RESIDENTES,"2,62 €",17.0,24.0,15.0,115.0,sí,0.9937543360063676,9111.0,mañana,viernes,distrito 4,2.7,6.0,3.0,05/08/2025
residentes,"3,68 €",15.0,54.0,2.0,41.0,sí,0.828156093373645,5199.0,mañana,miércoles,distrito 2,2.0,6.0,6.0,09/07/2025
residentes,"1,87 €",49.0,6.0,5.0,48.0,no,1.580614747898267,26880.0,tarde,sábado,distrito 10,4.9,1.0,5.0,30/03/2025
ROTACIÓN MEDIA,"2,37 €",29.0,59.0,2.0,2.0,sí,1.0966663757621335,8211.0,mediodía,martes,distrito 4,3.0,5.0,8.0,27/01/2025
rotación media,"3,34 €",19.0,4.0,2.0,123.0,sí,0.16978243341472732,7488.0,tarde,jueves,distrito 1,2.0,6.0,1.0,21/02/2025
alta rotación,"2,27 €",28.0,6.0,6.0,39.0,sí,0.4928800371234179,4863.0,mañana,sábado,distrito 8,2.5,4.0,8.0,06/06/2025
residentes,"1,70 €",39.0,3.0,11.0,48.0,no,1.485360725390995,20653.0,tarde,jueves,distrito 1,3.2,0.0,1.0,09/09/2025
larga estancia,"2,21 €",7.0,19.0,10.0,38.0,sí,0.9157904147104374,17710.0,mañana,viernes,distrito 2,3.0,2.0,3.0,09/02/2025
  rotación media ,"2,39 €",11.0,11.0,14.0,11.0,sí,1.4821116038426316,13229.0,mediodía,sábado,distrito 8,5.9,4.0,0.0,10/01/2025
rotación media,"2,43 €",24.0,7.0,13.0,17.0,no,1.3949607110315099,9405.0,tarde,jueves,distrito 5,1.9,2.0,7.0,18/08/2025
  larga estancia ,"3,75 €",55.0,14.0,5.0,15.0,sí,0.5277248049251683,23965.0,mañana,miércoles,distrito 9,3.1,2.0,4.0,08/05/2025
rotación media,"2,25 €",16.0,10.0,5.0,76.0,sí,0.8816474332221015,10162.0,tarde,viernes,distrito 1,1.9,2.0,5.0,15/09/2025
larga estancia,"2,63 €",37.0,10.0,5.0,91.0,no,0.43071947436827845,5486.0,mañana,viernes,distrito 9,3.9,2.0,2.0,21/04/2025
ROTACIÓN MEDIA,"1,92 €",48.0,5.0,14.0,68.0,sí,1.066410729155427,19294.0,mañana,jueves,distrito 6,3.6,0.0,6.0,13/09/2025
residentes,"1,71 €",8.0,5.0,15.0,81.0,sí,0.608321005846064,18479.0,mañana,lunes,distrito 3,2.5,5.0,8.0,18/05/2025
residentes,"2,98 €",7.0,45.0,0.0,80.0,sí,0.5722687694337854,4167.0,mañana,miércoles,distrito 6,3.5,3.0,2.0,14/02/2025
larga estancia,"2,57 €",41.0,12.0,3.0,140.0,sí,0.4630042130638123,5285.0,mañana,viernes,distrito 10,3.1,0.0,1.0,14/05/2025
  alta rotación ,"1,99 €",6.0,41.0,2.0,152.0,no,1.273074992993052,7680.0,mañana,jueves,distrito 11,-99.0,2.0,3.0,04/07/2025
larga estancia,"0,50 €",43.0,6.0,35.0,71.0,sí,1.7681315537307434,5378.0,mañana,lunes,distrito 6,6.4,2.0,2.0,22/01/2025
larga estancia,"1,75 €",56.0,31.0,5.0,34.0,sí,1.2108294451697355,15034.0,mediodía,jueves,distrito 4,5.6,5.0,4.0,06/09/2025
larga estancia,"2,01 €",29.0,61.0,6.0,35.0,sí,0.6055264549592965,3566.0,mañana,jueves,distrito 9,3.7,4.0,6.0,29/03/2025
residentes,"1,55 €",46.0,55.0,0.0,41.0,sí,0.8835250446898928,11523.0,mediodía,viernes,distrito 11,4.0,5.0,5.0,26/02/2025
ALTA ROTACIÓN,"1,53 €",32.0,30.0,20.0,101.0,sí,1.0137167605637007,8622.0,mañana,viernes,distrito 4,2.5,4.0,8.0,31/03/2025
residentes,"3,18 €",49.0,17.0,1.0,175.0,sí,0.4386861998505692,20214.0,tarde,viernes,distrito 6,3.4,0.0,4.0,26/09/2025
larga estancia,"1,57 €",60.0,44.0,6.0,61.0,no,1.195938941144356,10940.0,tarde,miércoles,distrito 5,3.6,1.0,6.0,02/04/2025
alta rotación,"1,22 €",39.0,47.0,12.0,89.0,sí,1.743093542399575,3179.0,mañana,jueves,distrito 8,1.5,1.0,4.0,24/05/2025
ALTA ROTACIÓN,"3,10 €",58.0,40.0,18.0,32.0,no,1.069759802613897,12256.0,mañana,miércoles,distrito 3,0.8,6.0,3.0,07/10/2025
larga estancia,"3,80 €",18.0,31.0,1.0,18.0,sí,0.6243484169093737,10262.0,mediodía,miércoles,distrito 1,3.9,4.0,2.0,18/02/2025
rotación media,"2,00 €",41.0,5.0,16.0,37.0,no,0.9698791399700587,12824.0,tarde,miércoles,distrito 10,3.3,2.0,0.0,14/05/2025
rotación media,"2,86 €",23.0,22.0,9.0,173.0,sí,0.724213440308884,3303.0,tarde,lunes,distrito 10,4.8,5.0,5.0,19/07/2025
alta rotación,"2,69 €",52.0,51.0,11.0,37.0,sí,0.8986219948555938,20305.0,mediodía,jueves,distrito 10,1.6,4.0,6.0,24/05/2025
alta rotación,"2,34 €",29.0,59.0,6.0,54.0,sí,0.9085068040515856,7176.0,mañana,lunes,distrito 2,2.1,4.0,2.0,07/05/2025
alta rotacion,"1,95 €",35.0,8.0,14.0,49.0,sí,1.0270247282369709,5488.0,mañana,viernes,distrito 9,3.3,2.0,5.0,21/10/2025
rotación media,"1,35 €",49.0,68.0,19.0,150.0,sí,1.61451470522507,6720.0,mediodía,viernes,distrito 3,2.4,5.0,3.0,16/09/2025
ALTA ROTACIÓN,"2,68 €",47.0,4.0,0.0,70.0,sí,0.513029991540684,8087.0,tarde,jueves,distrito 10,2.3,2.0,4.0,28/01/2025
larga estancia,"3,35 €",33.0,11.0,7.0,77.0,sí,0.2671403460244385,24470.0,tarde,lunes,distrito 2,5.4,2.0,7.0,22/07/2025
rotacion media,"1,14 €",6.0,13.0,25.0,15.0,no,1.5658604240009066,10371.0,mañana,jueves,distrito 11,4.5,5.0,6.0,07/04/2025
ROTACIÓN MEDIA,"1,07 €",13.0,6.0,8.0,43.0,sí,1.1087800823054008,4307.0,mediodía,sábado,distrito 8,3.5,1.0,2.0,30/06/2025
rotación media,"1,30 €",59.0,21.0,0.0,13.0,no,1.2391490283715283,9806.0,mañana,viernes,distrito 1,2.5,1.0,8.0,29/07/2025
larga estancia,"2,22 €",29.0,22.0,7.0,53.0,no,0.7223258754045958,12305.0,mañana,sábado,distrito 7,2.6,3.0,7.0,04/05/2025
rotación media,"2,87 €",59.0,12.0,35.0,105.0,sí,1.0431486435069819,9567.0,mediodía,martes,distrito 1,3.2,3.0,8.0,13/10/2025
rotación media,"2,29 €",23.0,0.0,26.0,161.0,no,0.4874048529753201,3810.0,mañana,sábado,distrito 8,3.7,1.0,8.0,30/03/2025
residentes,"2,66 €",18.0,6.0,22.0,114.0,no,1.0491633570170649,6403.0,mañana,miércoles,distrito 10,3.5,0.0,6.0,30/03/2025
alta rotacion,"3,05 €",42.0,9.0,24.0,50.0,sí,0.870379067138022,2506.0,tarde,sábado,distrito 2,2.6,4.0,4.0,04/07/2025
rotación media,"2,02 €",24.0,78.0,14.0,51.0,no,1.6184594982690612,20356.0,tarde,miércoles,distrito 11,2.7,2.0,1.0,24/07/2025
rotación media,"0,92 €",24.0,12.0,0.0,11.0,sí,1.1170919413659552,6983.0,mañana,sábado,distrito 10,4.3,0.0,0.0,17/05/2025
rotación media,"1,69 €",30.0,6.0,30.0,29.0,sí,0.8286940767855933,5172.0,mediodía,martes,distrito 2,-99.0,2.0,2.0,25/06/2025
rotación media,"2,85 €",8.0,25.0,15.0,7.0,no,1.6234967004709557,29350.0,mediodía,miércoles,distrito 6,5.9,5.0,1.0,20/08/2025
residentes,"0,50 €",39.0,17.0,9.0,89.0,sí,2.1986392955161285,7352.0,mañana,lunes,distrito 8,2.3,1.0,2.0,26/07/2025
rotación media,"1,38 €",31.0,30.0,10.0,209.0,no,1.3960489398693834,5636.0,mediodía,martes,distrito 7,3.4,0.0,4.0,20/03/2025
larga estancia,"3,42 €",48.0,22.0,10.0,61.0,no,1.0472103161213577,6218.0,mediodía,miércoles,distrito 5,2.3,1.0,2.0,02/11/2025
alta rotación,"2,38 €",17.0,57.0,3.0,65.0,sí,1.0791671133171028,3877.0,tarde,viernes,distrito 2,4.8,0.0,1.0,13/07/2025
larga estancia,"2,44 €",47.0,35.0,8.0,51.0,no,1.088559992475696,15569.0,mañana,sábado,distrito 9,2.2,1.0,6.0,12/10/2025
ALTA ROTACIÓN,"2,56 €",30.0,8.0,8.0,99.0,no,1.2489223883403984,8071.0,tarde,sábado,distrito 7,3.5,2.0,1.0,01/04/2025
larga estancia,"2,22 €",32.0,10.0,4.0,6.0,no,1.0584085381237813,22346.0,mañana,martes,distrito 9,1.2,6.0,8.0,15/06/2025
residentes,"1,69 €",9.0,10.0,21.0,63.0,sí,1.4677487427517446,7501.0,tarde,jueves,distrito 9,2.8,3.0,1.0,09/01/2025
residentes,"2,12 €",60.0,22.0,3.0,76.0,sí,0.8788248524425534,10669.0,tarde,miércoles,distrito 9,5.3,4.0,3.0,25/04/2025
rotación media,"2,60 €",47.0,19.0,1.0,86.0,sí,0.5013813836961428,4866.0,tarde,miércoles,distrito 1,2.2,2.0,6.0,02/02/2025
alta rotación,"2,75 €",33.0,16.0,8.0,91.0,sí,0.5549812603833637,8302.0,mañana,viernes,distrito 7,0.8,6.0,8.0,26/07/2025
rotación media,"1,80 €",13.0,20.0,8.0,10.0,sí,1.1806786647474115,6982.0,mañana,jueves,distrito 7,4.6,4.0,5.0,16/10/2025
larga estancia,"1,34 €",25.0,9.0,18.0,94.0,sí,0.6280445440984532,9972.0,tarde,sábado,distrito 8,2.7,4.0,0.0,07/02/2025
  rotación media ,"2,25 €",13.0,19.0,1.0,34.0,sí,0.673218573641456,7591.0,mañana,miércoles,distrito 1,2.7,3.0,4.0,15/09/2025
alta rotacion,"0,50 €",20.0,37.0,29.0,9.0,no,2.027971376866258,5069.0,tarde,lunes,distrito 3,3.7,0.0,3.0,13/04/2025
larga estancia,"2,30 €",7.0,31.0,5.0,17.0,no,0.7461253545512327,6255.0,mañana,lunes,distrito 8,4.6,5.0,4.0,17/10/2025
rotación media,"0,50 €",50.0,11.0,27.0,10.0,sí,1.8479383775807836,6915.0,mañana,jueves,distrito 7,2.3,1.0,5.0,30/01/2025
rotación media,"2,77 €",21.0,45.0,2.0,106.0,sí,0.8117129052414307,10053.0,tarde,viernes,distrito 8,5.6,3.0,5.0,14/04/2025
alta rotación,"2,07 €",34.0,14.0,6.0,34.0,sí,0.9536187595771753,17738.0,mañana,miércoles,distrito 8,1.7,1.0,4.0,10/02/2025
larga estancia,"2,75 €",43.0,5.0,5.0,26.0,sí,0.3853613765603991,9355.0,mediodía,viernes,distrito 10,4.5,0.0,8.0,09/08/2025
rotación media,"2,65 €",36.0,35.0,6.0,32.0,sí,0.6933330245892853,14572.0,mañana,martes,distrito 4,3.6,3.0,7.0,20/09/2025
rotación media,"3,41 €",32.0,16.0,1.0,39.0,no,0.9661605555126,4794.0,mediodía,sábado,distrito 11,2.8,4.0,8.0,28/08/2025
larga estancia,"1,60 €",55.0,5.0,17.0,54.0,sí,0.8045185706657212,9469.0,mediodía,sábado,distrito 4,-99.0,0.0,2.0,08/07/2025
alta rotación,"0,73 €",42.0,10.0,18.0,75.0,no,1.801611844659082,9294.0,tarde,miércoles,distrito 1,3.9,0.0,7.0,14/10/2025
residentes,"2,92 €",48.0,36.0,18.0,19.0,no,1.5362059465416327,17356.0,mañana,miércoles,distrito 6,4.7,0.0,6.0,16/02/2025
ROTACIÓN MEDIA,"2,50 €",14.0,58.0,22.0,91.0,sí,1.1977856629286263,8007.0,mañana,martes,distrito 1,3.8,2.0,3.0,22/08/2025
residentes,"3,05 €",11.0,12.0,45.0,38.0,sí,0.7893376904321687,6312.0,mañana,viernes,distrito 11,3.5,5.0,6.0,22/05/2025
residentes,"2,63 €",23.0,18.0,20.0,32.0,sí,0.9702163833386761,8023.0,tarde,viernes,distrito 3,2.2,1.0,7.0,15/03/2025
rotación media,"2,55 €",42.0,68.0,8.0,219.0,no,1.2557714301454403,2553.0,mañana,lunes,distrito 3,1.9,0.0,2.0,19/10/2025
larga estancia,"1,54 €",10.0,22.0,10.0,68.0,sí,1.0985424304943836,5673.0,mediodía,miércoles,distrito 10,-99.0,0.0,2.0,18/06/2025
ALTA ROTACIÓN,"1,96 €",53.0,18.0,1.0,22.0,sí,0.8394687858027998,4536.0,mañana,lunes,distrito 7,1.2,2.0,5.0,19/02/2025
larga estancia,"3,49 €",30.0,64.0,6.0,60.0,sí,0.9084310814153289,4620.0,mañana,sábado,distrito 11,2.8,4.0,7.0,02/07/2025
larga estancia,"3,18 €",23.0,59.0,5.0,13.0,sí,0.27011649320067754,11727.0,mediodía,lunes,distrito 5,5.0,5.0,2.0,20/06/2025
larga estancia,"2,10 €",17.0,35.0,32.0,62.0,sí,0.724609409042944,9629.0,tarde,sábado,distrito 8,3.9,1.0,3.0,12/02/2025
residentes,"2,60 €",40.0,18.0,5.0,68.0,sí,0.5115797926412701,19684.0,tarde,lunes,distrito 9,4.5,6.0,7.0,04/09/2025
residentes,"1,58 €",35.0,13.0,6.0,120.0,sí,1.3458446090660838,33526.0,tarde,lunes,distrito 5,1.7,4.0,5.0,12/04/2025
alta rotación,"1,63 €",50.0,18.0,16.0,91.0,sí,1.4735794658520327,5169.0,tarde,martes,distrito 11,3.2,3.0,0.0,01/05/2025
residentes,"2,17 €",26.0,37.0,27.0,25.0,no,2.1565619023929132,7810.0,tarde,viernes,distrito 1,2.1,1.0,8.0,11/09/2025
rotación media,"2,36 €",39.0,6.0,23.0,231.0,sí,0.7342385140112938,5373.0,tarde,lunes,distrito 4,1.7,6.0,7.0,09/02/2025
alta rotación,"1,10 €",57.0,9.0,18.0,34.0,sí,1.7379041258556835,24099.0,mediodía,viernes,distrito 6,5.5,0.0,2.0,21/01/2025
rotación media,"2,56 €",48.0,18.0,5.0,90.0,sí,0.9873676345184895,6631.0,mediodía,lunes,distrito 8,5.5,2.0,3.0,29/01/2025
alta rotación,"1,41 €",19.0,24.0,9.0,25.0,no,1.5669010555565042,28059.0,mañana,lunes,distrito 8,3.3,5.0,4.0,11/03/2025
  residentes ,"2,61 €",13.0,24.0,5.0,11.0,sí,0.6710018716303183,6348.0,mañana,sábado,distrito 7,3.8,5.0,2.0,10/10/2025
RESIDENTES,"2,75 €",29.0,11.0,3.0,22.0,sí,0.7469174932052359,8684.0,tarde,martes,distrito 4,0.9,3.0,2.0,24/10/2025
larga estancia,"2,93 €",25.0,27.0,3.0,35.0,sí,0.6770419482144913,27082.0,mañana,miércoles,distrito 10,2.7,1.0,2.0,11/04/2025
rotación media,"3,30 €",55.0,31.0,16.0,4.0,sí,0.7848317599202961,6978.0,mañana,martes,distrito 6,1.3,3.0,4.0,02/02/2025
alta rotación,"2,45 €",46.0,8.0,3.0,63.0,sí,0.7403036262753826,22260.0,mediodía,martes,distrito 2,3.6,0.0,6.0,24/05/2025
larga estancia,"1,52 €",39.0,62.0,3.0,24.0,sí,1.314854394862358,8135.0,mañana,jueves,distrito 9,1.1,6.0,7.0,25/05/2025
ROTACIÓN MEDIA,"3,05 €",35.0,41.0,20.0,46.0,no,1.3797654463897135,29104.0,mañana,miércoles,distrito 10,0.8,1.0,3.0,31/10/2025
alta rotación,"2,37 €",58.0,13.0,1.0,179.0,sí,0.6049068845956657,10711.0,mañana,jueves,distrito 7,3.9,3.0,5.0,17/09/2025
alta rotación,"2,63 €",20.0,31.0,3.0,35.0,no,0.8460775085107906,6888.0,tarde,lunes,distrito 5,4.3,2.0,5.0,15/03/2025
ROTACIÓN MEDIA,"2,70 €",23.0,2.0,4.0,183.0,sí,0.29032276289072817,8118.0,mañana,jueves,distrito 1,6.1,1.0,1.0,29/01/2025
residentes,"1,88 €",33.0,2.0,22.0,282.0,sí,1.139943526679295,13736.0,tarde,miércoles,distrito 1,4.2,1.0,7.0,16/02/2025
  rotación media ,"1,58 €",34.0,25.0,9.0,150.0,sí,1.0134185084241727,3053.0,mañana,lunes,distrito 2,2.7,5.0,3.0,27/08/2025
residentes,"2,57 €",27.0,43.0,13.0,87.0,no,1.16519605528437,12597.0,mañana,viernes,distrito 11,4.4,0.0,2.0,05/06/2025
larga estancia,"1,95 €",30.0,21.0,4.0,15.0,no,1.4416858895967923,21163.0,mañana,sábado,distrito 1,1.7,3.0,6.0,06/03/2025
alta rotación,"1,35 €",45.0,21.0,20.0,112.0,sí,1.362203750630289,28306.0,tarde,sábado,distrito 1,3.3,1.0,1.0,28/05/2025
  rotación media ,"1,63 €",44.0,15.0,6.0,39.0,sí,1.1862715304650928,2036.0,mañana,lunes,distrito 6,-99.0,3.0,4.0,09/04/2025
alta rotación,"0,71 €",12.0,26.0,6.0,208.0,no,1.7185735576687362,14777.0,mañana,martes,distrito 11,0.8,4.0,1.0,16/09/2025
rotación media,"3,31 €",7.0,16.0,23.0,221.0,sí,0.48216542240671156,5132.0,tarde,miércoles,distrito 6,5.0,3.0,1.0,07/09/2025
alta rotación,"1,71 €",36.0,9.0,9.0,65.0,sí,1.140135162778319,21591.0,tarde,martes,distrito 7,2.0,1.0,5.0,27/08/2025
alta rotación,"1,88 €",6.0,17.0,36.0,54.0,sí,1.2495750865969997,2801.0,tarde,miércoles,distrito 10,4.7,0.0,8.0,10/10/2025
rotación media,"1,18 €",28.0,3.0,12.0,218.0,sí,1.0144429332638434,16191.0,mediodía,martes,distrito 8,3.0,2.0,5.0,13/01/2025
ALTA ROTACIÓN,"0,74 €",33.0,24.0,4.0,37.0,sí,1.6594338626921403,12405.0,tarde,sábado,distrito 2,3.0,4.0,2.0,08/08/2025
ALTA ROTACIÓN,"1,82 €",57.0,31.0,5.0,37.0,sí,1.312892488623038,16368.0,mediodía,lunes,distrito 4,2.0,1.0,7.0,17/02/2025
rotación media,"1,16 €",34.0,23.0,6.0,50.0,sí,1.121768783871144,10891.0,tarde,lunes,distrito 3,4.6,6.0,8.0,15/01/2025
larga estancia,"2,62 €",59.0,12.0,27.0,11.0,no,1.4716914345717744,10461.0,mañana,lunes,distrito 8,3.0,2.0,6.0,11/10/2025
residentes,"1,85 €",19.0,2.0,8.0,80.0,sí,0.6447232146269979,13551.0,mañana,jueves,distrito 7,5.9,1.0,3.0,19/04/2025
rotación media,"3,11 €",6.0,35.0,14.0,45.0,sí,1.2660890145939512,10457.0,mediodía,lunes,distrito 3,1.8,5.0,7.0,27/03/2025
rotación media,"1,77 €",54.0,0.0,10.0,34.0,sí,0.8114347840833355,7113.0,mañana,sábado,distrito 8,2.7,1.0,2.0,28/07/2025
larga estancia,"2,07 €",17.0,11.0,5.0,106.0,sí,0.9703901716893272,8127.0,mañana,lunes,distrito 11,4.4,0.0,0.0,15/02/2025
rotación media,"2,32 €",15.0,7.0,8.0,65.0,no,1.0148937402595404,3641.0,mediodía,lunes,distrito 2,4.4,1.0,3.0,22/02/2025
ALTA ROTACIÓN,"1,84 €",56.0,14.0,60.0,25.0,no,1.417530227387925,5426.0,mañana,jueves,distrito 6,2.7,3.0,4.0,23/06/2025
ALTA ROTACIÓN,"2,27 €",47.0,39.0,4.0,19.0,sí,1.253300566191216,8515.0,mediodía,sábado,distrito 2,3.6,5.0,2.0,10/03/2025
alta rotación,"2,48 €",47.0,58.0,24.0,17.0,sí,1.1784492558042317,5109.0,tarde,lunes,distrito 2,3.9,3.0,3.0,17/07/2025
larga estancia,"2,03 €",42.0,30.0,9.0,71.0,sí,0.7644330580027092,2596.0,mañana,jueves,distrito 4,1.6,0.0,2.0,28/05/2025
alta rotación,"1,64 €",23.0,14.0,3.0,128.0,no,0.913631897470198,3477.0,tarde,sábado,distrito 3,3.0,0.0,8.0,02/03/2025
ALTA ROTACIÓN,"2,29 €",38.0,11.0,25.0,215.0,sí,0.9306847102991699,6304.0,mañana,martes,distrito 5,4.7,1.0,4.0,20/01/2025
rotación media,"1,52 €",48.0,28.0,13.0,91.0,sí,1.4234241780005625,3839.0,mediodía,martes,distrito 10,0.8,1.0,4.0,16/09/2025
residentes,"2,07 €",16.0,1.0,12.0,47.0,sí,0.5900335465571634,8129.0,mañana,miércoles,distrito 11,4.3,6.0,7.0,19/10/2025
rotación media,"3,36 €",56.0,18.0,14.0,138.0,sí,0.49475231562170907,3616.0,mañana,lunes,distrito 9,3.2,0.0,2.0,14/05/2025
larga estancia,"1,76 €",19.0,1.0,4.0,45.0,sí,0.4377440209609393,1328.0,tarde,jueves,distrito 11,4.1,5.0,1.0,10/10/2025
larga estancia,"3,65 €",50.0,17.0,16.0,29.0,no,1.107546417827601,7281.0,mediodía,miércoles,distrito 11,2.7,4.0,1.0,20/07/2025
alta rotación,"2,63 €",24.0,20.0,29.0,102.0,sí,1.1395747880011369,9143.0,tarde,lunes,distrito 2,3.3,4.0,8.0,23/08/2025
  larga estancia ,"1,63 €",20.0,8.0,0.0,180.0,sí,0.4296534899954576,4567.0,mañana,miércoles,distrito 9,4.3,5.0,4.0,04/02/2025
alta rotación,"2,69 €",55.0,25.0,2.0,20.0,no,1.1227990165824036,22137.0,mañana,sábado,distrito 6,4.1,4.0,2.0,12/08/2025
  rotación media ,"1,02 €",35.0,22.0,1.0,12.0,no,1.2515514657124351,5243.0,tarde,lunes,distrito 1,4.4,5.0,6.0,11/06/2025
larga estancia,"0,84 €",22.0,32.0,5.0,31.0,sí,1.1787936546483184,11068.0,mediodía,viernes,distrito 9,3.4,4.0,2.0,29/04/2025
  rotación media ,"1,28 €",23.0,2.0,7.0,71.0,sí,0.7743460833961746,22944.0,tarde,lunes,distrito 11,2.7,0.0,2.0,15/08/2025
alta rotación,"1,99 €",60.0,21.0,16.0,67.0,no,1.2762800828281131,6381.0,mediodía,viernes,distrito 11,5.3,3.0,2.0,28/07/2025
residentes,"2,12 €",20.0,6.0,20.0,16.0,sí,0.8282006947784175,4124.0,mañana,jueves,distrito 2,4.1,2.0,6.0,21/04/2025
ALTA ROTACIÓN,"1,84 €",53.0,18.0,15.0,147.0,sí,1.0869755641539243,7797.0,tarde,viernes,distrito 6,3.4,4.0,1.0,06/05/2025
alta rotación,"3,31 €",36.0,16.0,3.0,64.0,no,0.8950600613657738,9075.0,mediodía,jueves,distrito 4,3.9,2.0,5.0,31/08/2025
larga estancia,"1,11 €",7.0,9.0,2.0,122.0,sí,0.7673555642025569,11225.0,tarde,miércoles,distrito 5,3.5,0.0,0.0,23/09/2025
  larga estancia ,"2,73 €",44.0,2.0,0.0,7.0,sí,0.06685668717682039,6049.0,mediodía,viernes,distrito 2,1.7,0.0,4.0,14/05/2025
alta rotación,"3,65 €",56.0,52.0,4.0,98.0,no,1.284920178354853,3040.0,mediodía,miércoles,distrito 6,0.8,0.0,8.0,10/02/2025
larga estancia,"0,50 €",32.0,13.0,7.0,9.0,no,1.8392957621419317,11632.0,mañana,lunes,distrito 3,5.4,3.0,1.0,20/07/2025
rotación media,"2,49 €",9.0,17.0,24.0,13.0,no,1.2125112999554482,13678.0,mañana,lunes,distrito 11,3.7,0.0,6.0,14/03/2025
residentes,"2,58 €",7.0,11.0,17.0,36.0,sí,1.0773009064780743,9813.0,mediodía,viernes,distrito 4,4.0,2.0,6.0,07/01/2025
rotación media,"2,28 €",16.0,17.0,8.0,67.0,sí,0.7786840425606487,4813.0,mediodía,sábado,distrito 6,1.4,2.0,7.0,26/01/2025
rotación media,"2,31 €",12.0,9.0,33.0,35.0,no,1.2455701360293112,29381.0,mediodía,miércoles,distrito 8,3.3,6.0,7.0,05/10/2025
rotación media,"2,22 €",9.0,19.0,3.0,19.0,sí,0.9789233773301977,8997.0,mañana,jueves,distrito 11,4.8,4.0,3.0,13/01/2025
larga estancia,"2,32 €",59.0,6.0,10.0,51.0,sí,0.8604894783078396,4984.0,mediodía,lunes,distrito 7,2.1,6.0,5.0,11/09/2025
larga estancia,"1,73 €",25.0,11.0,7.0,17.0,no,1.4143691224532242,8938.0,mañana,sábado,distrito 6,4.8,2.0,1.0,16/06/2025
larga estancia,"2,48 €",22.0,3.0,3.0,6.0,no,0.6484228117500642,8628.0,mediodía,sábado,distrito 6,3.3,3.0,4.0,01/04/2025
larga estancia,"1,42 €",56.0,17.0,1.0,29.0,sí,0.9013078282416546,3440.0,mañana,martes,distrito 2,2.9,0.0,1.0,02/06/2025
rotación media,"1,53 €",55.0,7.0,0.0,13.0,no,1.1887080350521158,13980.0,tarde,viernes,distrito 9,1.6,4.0,8.0,26/10/2025
rotacion media,"2,54 €",7.0,22.0,2.0,7.0,sí,0.6491326243224795,6521.0,mañana,jueves,distrito 9,2.6,5.0,0.0,27/09/2025
residentes,"2,93 €",39.0,8.0,15.0,27.0,sí,0.6235121199897986,5511.0,mediodía,martes,distrito 4,3.5,0.0,3.0,22/01/2025
rotación media,"3,26 €",30.0,7.0,8.0,196.0,sí,0.8289178021254152,22614.0,mediodía,miércoles,distrito 10,-99.0,6.0,2.0,02/06/2025
alta rotación,"1,40 €",22.0,33.0,8.0,63.0,sí,1.6583108803560989,7744.0,tarde,martes,distrito 3,2.0,6.0,8.0,14/03/2025
residentes,"1,86 €",54.0,79.0,10.0,14.0,sí,1.398114576641763,8815.0,tarde,martes,distrito 10,2.7,3.0,7.0,16/03/2025
rotación media,"0,61 €",15.0,7.0,5.0,91.0,no,1.5219804138509356,7701.0,mañana,viernes,distrito 2,2.9,1.0,1.0,09/03/2025
alta rotación,"2,01 €",6.0,23.0,3.0,12.0,sí,0.8946895750123606,12499.0,tarde,viernes,distrito 8,4.0,6.0,5.0,24/01/2025
larga estancia,"1,77 €",54.0,21.0,6.0,34.0,sí,1.427434789551678,12568.0,mediodía,viernes,distrito 10,3.9,6.0,1.0,19/02/2025
residentes,"1,17 €",29.0,32.0,3.0,17.0,sí,1.5576715811052033,8207.0,mediodía,sábado,distrito 4,2.0,0.0,8.0,18/05/2025
rotación media,"2,69 €",56.0,31.0,20.0,8.0,sí,1.3760619187572214,1497.0,mañana,miércoles,distrito 3,3.9,5.0,4.0,12/05/2025
  larga estancia ,"1,72 €",56.0,4.0,9.0,35.0,no,0.8333692609379599,8583.0,mediodía,viernes,distrito 5,4.8,6.0,8.0,19/05/2025
alta rotación,"2,77 €",16.0,23.0,3.0,62.0,sí,0.7687971967295995,6481.0,mediodía,jueves,distrito 3,0.9,2.0,3.0,19/08/2025
rotación media,"2,38 €",7.0,38.0,2.0,73.0,sí,0.9587970600564728,7053.0,mañana,viernes,distrito 9,4.2,5.0,4.0,12/10/2025
  residentes ,"1,55 €",57.0,3.0,4.0,67.0,sí,1.1915424062497766,1742.0,mediodía,sábado,distrito 5,2.4,5.0,1.0,18/10/2025
  rotación media ,"1,64 €",54.0,4.0,2.0,110.0,sí,0.9053995964862945,4712.0,tarde,viernes,distrito 6,1.7,1.0,3.0,30/05/2025
rotación media,"1,54 €",34.0,15.0,1.0,24.0,no,0.95705487171847,8732.0,mañana,sábado,distrito 1,2.2,4.0,6.0,09/04/2025
alta rotación,"2,04 €",56.0,15.0,5.0,6.0,sí,0.6634059984687626,8845.0,mañana,jueves,distrito 8,5.6,0.0,7.0,02/05/2025
ALTA ROTACIÓN,"1,55 €",37.0,36.0,7.0,124.0,sí,1.0785381132393377,4233.0,mañana,martes,distrito 9,1.2,5.0,7.0,27/05/2025
alta rotación,"3,42 €",52.0,5.0,4.0,88.0,sí,0.28546684738551525,5394.0,mañana,sábado,distrito 4,4.6,3.0,8.0,14/09/2025
rotación media,"2,56 €",60.0,21.0,18.0,103.0,sí,1.1632857043771583,3264.0,mediodía,viernes,distrito 11,3.2,4.0,4.0,02/07/2025
larga estancia,"2,26 €",27.0,7.0,11.0,36.0,sí,0.7756108480613114,7789.0,mediodía,jueves,distrito 3,2.3,0.0,0.0,03/06/2025
rotación media,"2,46 €",47.0,11.0,0.0,8.0,sí,0.43966044642982766,7581.0,mañana,viernes,distrito 5,3.7,5.0,7.0,13/06/2025
larga estancia,"2,89 €",28.0,10.0,8.0,47.0,sí,0.418187328864701,10478.0,mañana,sábado,distrito 9,4.1,3.0,3.0,20/02/2025
alta rotación,"1,95 €",50.0,16.0,13.0,23.0,no,1.427655268390141,11624.0,mediodía,jueves,distrito 6,-99.0,2.0,3.0,28/04/2025
alta rotación,"3,09 €",33.0,53.0,0.0,237.0,sí,0.7278105485414411,4214.0,tarde,martes,distrito 5,4.1,2.0,7.0,30/08/2025
residentes,"3,21 €",51.0,20.0,11.0,62.0,sí,0.8962927002139616,4839.0,tarde,lunes,distrito 6,1.6,3.0,4.0,27/04/2025
larga estancia,"2,32 €",17.0,3.0,15.0,60.0,sí,0.059354531373106534,7892.0,mañana,jueves,distrito 5,3.5,6.0,2.0,04/06/2025
larga estancia,"2,29 €",33.0,7.0,1.0,24.0,no,0.28897756761341,11658.0,tarde,viernes,distrito 2,3.1,0.0,8.0,26/08/2025
larga estancia,"0,83 €",53.0,20.0,6.0,112.0,no,1.410946239092977,6459.0,mañana,jueves,distrito 6,3.1,3.0,7.0,02/03/2025
larga estancia,"2,95 €",56.0,26.0,11.0,19.0,sí,0.876686200926276,7907.0,mañana,jueves,distrito 7,1.1,2.0,0.0,22/10/2025
rotacion media,"1,74 €",23.0,15.0,8.0,4.0,sí,1.5404690337318228,2824.0,tarde,viernes,distrito 7,4.9,2.0,0.0,25/10/2025
larga estancia,"1,83 €",21.0,19.0,3.0,84.0,no,1.0766547990019737,18108.0,tarde,viernes,distrito 9,2.6,2.0,5.0,08/03/2025
rotación media,"0,71 €",43.0,18.0,3.0,18.0,sí,1.5408435462523211,5991.0,mediodía,viernes,distrito 2,4.1,4.0,5.0,06/09/2025
residentes,"2,37 €",7.0,14.0,17.0,42.0,no,1.0775734081077402,14321.0,tarde,sábado,distrito 6,-99.0,4.0,3.0,03/07/2025
alta rotación,"1,48 €",41.0,7.0,3.0,27.0,sí,1.544560650191742,11870.0,mañana,jueves,distrito 1,3.5,0.0,5.0,26/10/2025
rotacion media,"0,95 €",48.0,10.0,1.0,19.0,sí,0.9639742569179064,14091.0,mañana,sábado,distrito 1,1.7,5.0,8.0,02/09/2025
rotación media,"2,14 €",18.0,27.0,19.0,71.0,sí,0.7532676865331782,7812.0,mañana,sábado,distrito 1,2.4,0.0,1.0,09/04/2025
residentes,"0,69 €",35.0,10.0,11.0,38.0,no,1.7827281514521343,7777.0,mañana,viernes,distrito 5,4.4,1.0,1.0,11/10/2025
rotación media,"2,03 €",57.0,46.0,12.0,95.0,sí,1.302379524521004,6513.0,mañana,lunes,distrito 7,3.4,4.0,6.0,24/04/2025
ROTACIÓN MEDIA,"2,32 €",18.0,10.0,6.0,66.0,no,1.0555049456065653,28119.0,tarde,sábado,distrito 9,2.9,2.0,6.0,24/04/2025
residentes,"1,00 €",31.0,19.0,1.0,26.0,sí,1.3111317542991292,11719.0,tarde,sábado,distrito 9,5.1,1.0,1.0,25/09/2025
larga estancia,"2,08 €",6.0,1.0,11.0,1.0,sí,1.0075751279602168,10531.0,mañana,miércoles,distrito 11,0.8,3.0,2.0,26/07/2025
LARGA ESTANCIA,"2,91 €",12.0,13.0,6.0,107.0,sí,0.4190891261801978,7726.0,tarde,lunes,distrito 10,3.1,6.0,5.0,28/05/2025
residentes,"1,63 €",27.0,6.0,2.0,133.0,no,1.0029567529993781,12613.0,mediodía,sábado,distrito 10,-99.0,4.0,1.0,15/05/2025
residentes,"2,74 €",20.0,20.0,13.0,194.0,no,1.3542944784238162,6458.0,tarde,lunes,distrito 11,0.8,1.0,2.0,24/03/2025
rotación media,"2,68 €",43.0,59.0,3.0,55.0,sí,1.0957353352112442,13126.0,tarde,lunes,distrito 5,5.6,6.0,0.0,12/05/2025
alta rotación,"1,76 €",32.0,23.0,0.0,67.0,no,0.6733777169748528,16233.0,mediodía,lunes,distrito 2,3.3,3.0,8.0,19/08/2025
larga estancia,"1,78 €",24.0,4.0,6.0,89.0,sí,0.6090520392284916,3479.0,mediodía,jueves,distrito 4,3.7,1.0,5.0,05/10/2025
residentes,"3,07 €",28.0,6.0,13.0,5.0,sí,0.7775519741187793,15252.0,mediodía,viernes,distrito 5,4.1,2.0,2.0,06/07/2025
  larga estancia ,"2,50 €",26.0,19.0,2.0,12.0,no,0.9942001252335475,5310.0,tarde,miércoles,distrito 4,3.3,2.0,5.0,26/06/2025
residentes,"1,07 €",30.0,9.0,19.0,1.0,sí,1.635466619685337,52868.0,tarde,miércoles,distrito 7,2.5,1.0,3.0,01/05/2025
larga estancia,"2,38 €",29.0,20.0,19.0,93.0,sí,0.7265301376305383,26425.0,mañana,martes,distrito 1,5.1,1.0,7.0,19/05/2025
rotacion media,"2,43 €",57.0,10.0,5.0,115.0,sí,0.8779732179147519,10751.0,mediodía,viernes,distrito 6,4.2,5.0,1.0,28/09/2025
larga estancia,"2,34 €",29.0,17.0,19.0,69.0,sí,1.1017241242360698,5028.0,mañana,miércoles,distrito 11,5.5,0.0,3.0,10/05/2025
rotación media,"0,90 €",36.0,14.0,1.0,23.0,sí,1.5021562071917798,5670.0,mañana,sábado,distrito 6,4.2,0.0,0.0,07/05/2025
alta rotación,"3,54 €",25.0,39.0,3.0,247.0,sí,0.40012774469139517,14724.0,mediodía,lunes,distrito 4,2.6,4.0,0.0,10/02/2025
  alta rotación ,"1,22 €",37.0,17.0,1.0,103.0,sí,0.8899283775014226,4388.0,mañana,jueves,distrito 6,3.1,4.0,1.0,15/04/2025
larga estancia,"3,57 €",14.0,25.0,0.0,43.0,sí,0.3712624794736874,9512.0,mediodía,miércoles,distrito 10,1.7,6.0,7.0,25/09/2025
  alta rotación ,"2,91 €",31.0,26.0,12.0,21.0,sí,0.6287262568719477,6488.0,tarde,viernes,distrito 9,3.5,0.0,1.0,11/10/2025
ROTACIÓN MEDIA,"2,27 €",18.0,19.0,9.0,74.0,sí,0.5989493591539886,4817.0,mañana,jueves,distrito 5,1.6,2.0,7.0,20/02/2025
larga estancia,"1,53 €",34.0,54.0,16.0,12.0,sí,1.4011972059352742,13832.0,mañana,viernes,distrito 1,1.4,5.0,3.0,06/10/2025
rotación media,"2,47 €",41.0,28.0,11.0,153.0,sí,0.7204074379449577,8526.0,mañana,martes,distrito 4,4.5,6.0,8.0,27/08/2025
residentes,"1,29 €",57.0,12.0,0.0,55.0,sí,0.9576271048186307,7877.0,mañana,viernes,distrito 1,4.1,4.0,3.0,23/07/2025
alta rotación,"1,70 €",33.0,5.0,12.0,21.0,sí,0.9518118376245188,16505.0,mediodía,jueves,distrito 2,7.0,4.0,0.0,10/01/2025
alta rotación,"3,27 €",40.0,7.0,3.0,124.0,sí,0.3052281112430384,9537.0,mediodía,lunes,distrito 7,2.2,1.0,2.0,20/08/2025
residentes,"1,63 €",28.0,11.0,4.0,36.0,sí,0.9528317749754194,21429.0,tarde,martes,distrito 7,4.0,5.0,4.0,15/05/2025
alta rotación,"2,23 €",8.0,13.0,2.0,41.0,no,0.8164651648562813,14321.0,mediodía,jueves,distrito 6,3.5,3.0,6.0,04/04/2025
rotación media,"3,49 €",39.0,33.0,20.0,125.0,sí,0.5699409050627153,36426.0,mediodía,lunes,distrito 4,3.1,3.0,4.0,24/02/2025
rotación media,"3,37 €",54.0,8.0,15.0,38.0,sí,0.5752918440698501,6403.0,tarde,lunes,distrito 9,4.5,5.0,3.0,02/04/2025
alta rotación,"2,02 €",42.0,6.0,12.0,65.0,sí,1.1498735359831795,8448.0,mañana,martes,distrito 1,4.8,0.0,6.0,11/08/2025
rotación media,"1,72 €",38.0,38.0,13.0,22.0,sí,0.9709724321175632,7544.0,mañana,jueves,distrito 10,3.5,3.0,5.0,21/03/2025
rotación media,"0,56 €",25.0,2.0,8.0,45.0,sí,1.049373636887462,7436.0,tarde,jueves,distrito 9,3.0,2.0,0.0,20/02/2025
alta rotación,"1,85 €",27.0,46.0,3.0,131.0,sí,1.0562403342955975,8269.0,mañana,viernes,distrito 3,4.3,1.0,3.0,20/04/2025
  alta rotación ,"1,42 €",56.0,8.0,5.0,94.0,no,1.0783177395948327,10772.0,mediodía,miércoles,distrito 9,2.8,3.0,1.0,05/09/2025
ALTA ROTACIÓN,"2,49 €",23.0,11.0,13.0,43.0,sí,0.8320753756465249,16738.0,tarde,jueves,distrito 2,1.1,3.0,6.0,27/09/2025
alta rotación,"3,17 €",48.0,11.0,0.0,186.0,sí,0.6022102428152137,14440.0,mañana,lunes,distrito 2,-99.0,2.0,2.0,08/08/2025
residentes,"0,54 €",43.0,34.0,12.0,81.0,no,2.224773949263718,28684.0,mañana,lunes,distrito 3,4.9,5.0,0.0,23/04/2025
  residentes ,"1,51 €",45.0,14.0,17.0,31.0,sí,1.4029907921696416,5339.0,mediodía,jueves,distrito 8,3.2,1.0,5.0,10/07/2025
residentes,"1,11 €",59.0,18.0,24.0,96.0,sí,1.3421655202463108,7212.0,mañana,jueves,distrito 11,2.5,1.0,3.0,29/08/2025
rotación media,"3,20 €",12.0,39.0,6.0,7.0,no,0.9449493521116831,33517.0,mañana,lunes,distrito 8,4.6,1.0,3.0,26/05/2025
larga estancia,"2,00 €",6.0,19.0,0.0,134.0,sí,0.4759415805364662,15435.0,tarde,jueves,distrito 2,4.1,2.0,7.0,16/01/2025
larga estancia,"2,82 €",34.0,6.0,4.0,19.0,sí,0.2424241295891204,10796.0,tarde,sábado,distrito 7,4.3,1.0,1.0,21/03/2025
  larga estancia ,"1,72 €",25.0,5.0,6.0,125.0,sí,0.9666803150297302,36649.0,tarde,viernes,distrito 7,2.0,2.0,8.0,28/05/2025
rotación media,"2,53 €",49.0,35.0,7.0,80.0,sí,0.9820193036886158,8297.0,mañana,lunes,distrito 5,2.6,4.0,3.0,20/05/2025
residentes,"2,41 €",31.0,61.0,8.0,26.0,sí,1.2823818411446224,9568.0,mediodía,jueves,distrito 4,2.0,5.0,7.0,02/05/2025
larga estancia,"0,94 €",59.0,1.0,10.0,67.0,sí,0.9480748116009972,4720.0,mediodía,miércoles,distrito 2,1.8,0.0,5.0,01/11/2025
larga estancia,"2,45 €",36.0,29.0,3.0,44.0,no,0.9985635142555178,26572.0,mañana,martes,distrito 2,-99.0,2.0,1.0,28/02/2025
rotación media,"3,26 €",50.0,19.0,21.0,33.0,sí,0.8814498002934988,12326.0,mediodía,lunes,distrito 9,2.1,6.0,6.0,19/07/2025
rotación media,"3,29 €",11.0,15.0,2.0,34.0,sí,0.9958567611476226,19415.0,mañana,martes,distrito 9,0.8,5.0,8.0,30/04/2025
alta rotación,"2,41 €",16.0,15.0,10.0,28.0,sí,0.7926010408425987,3570.0,mediodía,viernes,distrito 10,-99.0,2.0,3.0,27/05/2025
alta rotacion,"2,10 €",37.0,12.0,20.0,69.0,sí,0.9979958859755156,12959.0,tarde,lunes,distrito 5,3.1,1.0,7.0,15/04/2025
residentes,"2,73 €",38.0,22.0,10.0,58.0,no,0.9248088291431876,4715.0,mañana,sábado,distrito 8,1.4,2.0,6.0,22/07/2025
  residentes ,"2,25 €",7.0,30.0,2.0,21.0,sí,1.3871226553326976,14075.0,mañana,jueves,distrito 1,0.8,6.0,3.0,16/06/2025
residentes,"1,36 €",56.0,14.0,20.0,41.0,sí,1.2403683733643969,12516.0,mañana,martes,distrito 4,-99.0,6.0,2.0,08/02/2025
rotación media,"1,14 €",47.0,19.0,1.0,48.0,sí,1.0421623574152115,8447.0,mediodía,jueves,distrito 9,3.0,3.0,8.0,20/03/2025
larga estancia,"3,58 €",27.0,10.0,1.0,18.0,sí,0.2582115338890243,25898.0,tarde,miércoles,distrito 2,4.8,3.0,4.0,02/08/2025
  rotación media ,"1,28 €",53.0,67.0,2.0,37.0,sí,1.1204400013735458,17220.0,mañana,viernes,distrito 5,4.7,1.0,6.0,17/08/2025
rotación media,"2,17 €",16.0,47.0,16.0,113.0,sí,1.1474765116496033,14025.0,tarde,martes,distrito 6,2.3,1.0,2.0,04/02/2025
ROTACIÓN MEDIA,"2,57 €",18.0,10.0,21.0,80.0,no,1.017887312389105,13720.0,tarde,martes,distrito 7,4.4,4.0,0.0,11/06/2025
ROTACIÓN MEDIA,"1,91 €",7.0,10.0,0.0,145.0,sí,0.8803441632415736,5945.0,mañana,viernes,distrito 5,2.9,2.0,5.0,08/09/2025
  larga estancia ,"2,80 €",48.0,25.0,4.0,41.0,sí,0.34312626961407067,9139.0,mañana,martes,distrito 9,3.4,6.0,2.0,20/01/2025
alta rotación,"2,41 €",16.0,21.0,2.0,41.0,sí,0.8997680884638259,8214.0,mañana,miércoles,distrito 7,3.6,5.0,7.0,17/03/2025
larga estancia,"1,77 €",18.0,50.0,21.0,4.0,sí,1.3936552533301823,9267.0,mañana,sábado,distrito 8,2.4,4.0,5.0,20/10/2025
alta rotación,"3,09 €",49.0,8.0,0.0,154.0,sí,0.13735930379400557,7636.0,tarde,sábado,distrito 9,3.5,1.0,3.0,21/09/2025
residentes,"1,54 €",9.0,21.0,27.0,30.0,sí,1.4685085755164313,19369.0,mañana,viernes,distrito 4,2.9,2.0,8.0,15/02/2025
larga estancia,"2,91 €",12.0,21.0,11.0,3.0,sí,0.681264389254208,9412.0,mañana,jueves,distrito 6,3.8,5.0,3.0,17/05/2025
rotación media,"1,36 €",41.0,17.0,4.0,64.0,sí,1.0534748858976124,17008.0,mañana,martes,distrito 4,1.3,3.0,4.0,06/02/2025
larga estancia,"1,68 €",39.0,31.0,27.0,25.0,sí,1.2083227505003995,22133.0,mañana,miércoles,distrito 10,3.5,3.0,7.0,19/08/2025
  rotación media ,"2,77 €",51.0,32.0,16.0,42.0,sí,1.158219561485651,9548.0,mediodía,jueves,distrito 5,5.4,5.0,1.0,23/10/2025
larga estancia,"2,45 €",57.0,38.0,10.0,164.0,no,1.1037537788509761,17150.0,tarde,viernes,distrito 11,2.1,6.0,8.0,13/07/2025
alta rotación,"1,63 €",41.0,18.0,4.0,29.0,sí,0.66716192440695,3510.0,tarde,jueves,distrito 7,3.0,4.0,0.0,10/03/2025
residentes,"1,30 €",60.0,36.0,12.0,0.0,no,1.7021640264125748,8877.0,tarde,sábado,distrito 1,2.6,4.0,7.0,30/03/2025
ROTACIÓN MEDIA,"2,52 €",14.0,32.0,17.0,7.0,sí,1.496610000404737,9021.0,mediodía,martes,distrito 11,2.6,0.0,0.0,13/02/2025
larga estancia,"1,45 €",36.0,45.0,4.0,11.0,sí,1.3242147198566352,6581.0,mañana,martes,distrito 3,2.3,2.0,8.0,02/10/2025
rotación media,"2,45 €",43.0,32.0,4.0,97.0,no,0.9359810457148035,11855.0,mañana,viernes,distrito 10,0.9,3.0,6.0,14/03/2025
residentes,"2,39 €",41.0,12.0,2.0,16.0,sí,0.6141087739909074,9335.0,mañana,sábado,distrito 10,2.6,4.0,4.0,11/07/2025
larga estancia,"1,42 €",34.0,13.0,24.0,72.0,no,1.4900191351167487,4018.0,mañana,viernes,distrito 11,2.8,5.0,5.0,17/02/2025
  alta rotación ,"1,62 €",13.0,15.0,8.0,70.0,sí,1.0372073520393421,6829.0,tarde,lunes,distrito 7,1.2,0.0,3.0,15/10/2025
residentes,"2,64 €",53.0,14.0,18.0,81.0,sí,0.7412962201296336,16475.0,mañana,viernes,distrito 11,1.9,5.0,2.0,22/09/2025
rotación media,"1,78 €",56.0,20.0,33.0,221.0,sí,1.1680847483395576,14445.0,tarde,miércoles,distrito 4,2.2,5.0,1.0,24/01/2025
residentes,"1,39 €",55.0,39.0,0.0,199.0,sí,1.2909955895535017,25869.0,mañana,lunes,distrito 7,0.8,2.0,8.0,19/10/2025
rotación media,"1,58 €",12.0,11.0,8.0,173.0,sí,1.171360280711972,4618.0,tarde,jueves,distrito 6,-99.0,4.0,1.0,15/10/2025
alta rotación,"0,76 €",6.0,13.0,35.0,73.0,sí,2.047531923760575,6390.0,mediodía,lunes,distrito 3,3.0,1.0,4.0,11/08/2025
alta rotación,"2,33 €",46.0,11.0,11.0,88.0,no,1.1513626392350929,6224.0,mediodía,lunes,distrito 11,6.2,0.0,3.0,07/06/2025
larga estancia,"2,34 €",9.0,9.0,18.0,12.0,sí,0.9595958033422947,5017.0,tarde,lunes,distrito 2,2.1,5.0,4.0,03/06/2025
ALTA ROTACIÓN,"1,66 €",56.0,50.0,12.0,5.0,no,1.7774839954159716,17762.0,tarde,jueves,distrito 8,4.2,0.0,4.0,24/05/2025
rotación media,"3,85 €",46.0,22.0,1.0,50.0,no,0.09094336104216161,4085.0,tarde,lunes,distrito 9,5.0,5.0,4.0,07/02/2025
alta rotación,"1,61 €",26.0,35.0,3.0,18.0,sí,1.4512508355774478,12011.0,mañana,miércoles,distrito 2,2.6,3.0,3.0,03/07/2025
alta rotación,"2,07 €",28.0,19.0,24.0,52.0,sí,1.2669789814278982,16920.0,mediodía,viernes,distrito 2,3.2,3.0,8.0,10/05/2025
rotación media,"1,44 €",19.0,22.0,4.0,44.0,sí,1.4472835363291567,12453.0,tarde,miércoles,distrito 9,2.9,2.0,3.0,23/10/2025
rotacion media,"1,54 €",34.0,10.0,0.0,38.0,sí,0.8147505531984895,6202.0,tarde,jueves,distrito 2,6.4,6.0,3.0,19/03/2025
residentes,"2,67 €",39.0,12.0,15.0,31.0,no,0.9036899667293843,7858.0,mediodía,jueves,distrito 6,3.6,0.0,7.0,24/10/2025
residentes,"1,89 €",9.0,17.0,4.0,17.0,sí,1.2366842145252348,17594.0,mediodía,miércoles,distrito 8,-99.0,5.0,0.0,05/07/2025
rotación media,"3,53 €",8.0,22.0,6.0,259.0,sí,0.518855557655519,5150.0,mañana,viernes,distrito 11,1.6,3.0,7.0,18/05/2025
residentes,"2,09 €",22.0,33.0,22.0,61.0,sí,1.4418958378096094,13798.0,mediodía,sábado,distrito 8,6.9,0.0,8.0,08/10/2025
residentes,"1,87 €",8.0,71.0,7.0,62.0,sí,1.4115651406912042,9680.0,mediodía,lunes,distrito 9,2.4,4.0,6.0,22/02/2025
alta rotacion,"1,52 €",14.0,54.0,4.0,168.0,sí,1.511598511774399,5159.0,tarde,sábado,distrito 5,4.0,1.0,8.0,09/10/2025
rotación media,"3,76 €",47.0,81.0,38.0,44.0,no,1.4015964312107752,4697.0,mediodía,martes,distrito 8,3.8,2.0,2.0,11/03/2025
larga estancia,"1,43 €",25.0,21.0,18.0,91.0,sí,1.099949751160706,12556.0,mediodía,jueves,distrito 8,4.5,4.0,3.0,02/11/2025
larga estancia,"3,34 €",41.0,19.0,0.0,69.0,sí,0.2305811844609867,13113.0,tarde,jueves,distrito 11,5.1,4.0,6.0,26/08/2025
  rotación media ,"2,87 €",49.0,11.0,13.0,38.0,sí,1.0609587362232833,14002.0,mañana,lunes,distrito 3,3.0,2.0,5.0,23/04/2025
larga estancia,"1,95 €",20.0,7.0,0.0,5.0,no,0.9426954307113992,7639.0,mediodía,martes,distrito 5,2.2,5.0,1.0,17/10/2025
larga estancia,"2,06 €",37.0,26.0,2.0,17.0,no,1.0399946353652036,8072.0,mediodía,sábado,distrito 6,1.4,4.0,3.0,21/04/2025
rotación media,"3,18 €",51.0,7.0,4.0,27.0,no,0.8936697410576746,8550.0,mediodía,lunes,distrito 11,3.2,1.0,3.0,03/09/2025
residentes,"1,45 €",8.0,11.0,5.0,12.0,sí,0.8025005672586086,8402.0,tarde,sábado,distrito 5,3.7,4.0,5.0,31/10/2025
  alta rotación ,"3,00 €",21.0,44.0,0.0,26.0,sí,0.7848701538034777,5261.0,mediodía,martes,distrito 4,6.6,5.0,5.0,04/10/2025
rotación media,"1,90 €",28.0,9.0,3.0,178.0,no,1.0161711292377178,28966.0,tarde,sábado,distrito 6,4.5,1.0,3.0,15/09/2025
residentes,"3,55 €",22.0,28.0,6.0,179.0,sí,0.7608776374884509,16059.0,mañana,martes,distrito 6,3.5,4.0,2.0,03/04/2025
residentes,"2,66 €",37.0,25.0,19.0,21.0,sí,1.3969153657126059,15901.0,mediodía,sábado,distrito 11,3.3,0.0,5.0,09/09/2025
larga estancia,"1,73 €",44.0,48.0,8.0,5.0,no,1.31213350913563,5715.0,tarde,jueves,distrito 1,-99.0,6.0,1.0,24/07/2025
rotación media,"2,79 €",14.0,17.0,16.0,199.0,sí,0.9219418590998252,13935.0,mediodía,lunes,distrito 3,4.5,2.0,6.0,14/04/2025
larga estancia,"1,86 €",17.0,10.0,10.0,182.0,sí,0.8854461912301271,5269.0,tarde,lunes,distrito 10,5.8,4.0,4.0,28/03/2025
residentes,"2,21 €",22.0,3.0,11.0,12.0,no,0.9282161766580693,7560.0,tarde,sábado,distrito 11,3.7,5.0,3.0,10/10/2025
larga estancia,"2,70 €",51.0,23.0,4.0,34.0,sí,0.7089806203305783,12119.0,tarde,jueves,distrito 8,4.7,2.0,3.0,04/07/2025
larga estancia,"1,73 €",34.0,19.0,12.0,25.0,sí,1.178930532815751,18267.0,mañana,martes,distrito 1,1.0,6.0,6.0,05/06/2025
alta rotación,"2,61 €",18.0,4.0,6.0,93.0,sí,0.32379739936050494,19450.0,mañana,lunes,distrito 6,4.5,5.0,6.0,25/09/2025
residentes,"2,88 €",55.0,6.0,6.0,29.0,no,0.6984809761898105,28768.0,tarde,jueves,distrito 6,2.5,1.0,0.0,29/10/2025
alta rotacion,"2,64 €",39.0,22.0,1.0,49.0,no,0.7514884570736374,13595.0,mañana,jueves,distrito 8,2.8,2.0,8.0,27/10/2025
alta rotación,"0,96 €",45.0,29.0,0.0,3.0,no,1.6256338875245935,11778.0,mediodía,viernes,distrito 2,3.4,6.0,6.0,13/01/2025
  larga estancia ,"1,64 €",55.0,8.0,14.0,68.0,no,1.2788779908792778,13658.0,tarde,miércoles,distrito 5,3.4,0.0,4.0,18/08/2025
rotación media,"1,65 €",60.0,18.0,5.0,52.0,no,1.3616588454471186,15003.0,tarde,jueves,distrito 10,-99.0,5.0,6.0,16/10/2025
alta rotación,"2,55 €",60.0,48.0,6.0,15.0,sí,1.1288190177798758,10109.0,mañana,miércoles,distrito 4,3.2,2.0,3.0,28/08/2025
rotación media,"3,13 €",46.0,15.0,4.0,13.0,no,0.9268547031654751,19723.0,tarde,lunes,distrito 10,4.0,1.0,7.0,28/06/2025
rotación media,"1,79 €",24.0,39.0,16.0,20.0,sí,1.26947961064934,5402.0,mañana,miércoles,distrito 9,2.5,5.0,6.0,07/03/2025
larga estancia,"2,18 €",29.0,33.0,3.0,125.0,no,1.1496909175045025,2486.0,mañana,miércoles,distrito 6,5.5,4.0,5.0,13/02/2025
  larga estancia ,"1,85 €",23.0,24.0,7.0,54.0,sí,0.6555669245917937,20151.0,tarde,jueves,distrito 10,1.5,0.0,4.0,28/03/2025
rotación media,"0,50 €",6.0,12.0,5.0,24.0,sí,1.5906682410316617,7286.0,tarde,martes,distrito 7,5.0,6.0,2.0,07/08/2025
  alta rotación ,"1,47 €",23.0,52.0,13.0,89.0,sí,1.5258232845448094,29775.0,mediodía,miércoles,distrito 7,2.2,1.0,7.0,11/02/2025
rotación media,"1,54 €",6.0,21.0,1.0,146.0,sí,0.8896011591984015,9105.0,mañana,viernes,distrito 9,2.6,1.0,0.0,12/02/2025
ROTACIÓN MEDIA,"0,90 €",28.0,35.0,5.0,76.0,sí,1.3885035936315053,27149.0,tarde,lunes,distrito 9,0.8,2.0,8.0,26/02/2025
rotación media,"1,93 €",12.0,37.0,15.0,68.0,sí,0.9389730291413808,6485.0,tarde,viernes,distrito 3,4.0,3.0,1.0,29/04/2025
rotación media,"2,88 €",22.0,3.0,17.0,82.0,no,0.8182068251637872,11574.0,mañana,sábado,distrito 9,2.8,2.0,7.0,25/10/2025
  rotación media ,"2,18 €",57.0,54.0,19.0,64.0,sí,1.2503998532500724,1470.0,tarde,jueves,distrito 8,1.5,2.0,1.0,11/02/2025
RESIDENTES,"2,29 €",38.0,22.0,5.0,48.0,sí,0.8307017508734325,10110.0,tarde,martes,distrito 9,2.0,6.0,0.0,18/06/2025
larga estancia,"1,28 €",60.0,1.0,11.0,102.0,sí,0.863794357007367,7547.0,mediodía,jueves,distrito 10,4.2,4.0,4.0,25/01/2025
rotación media,"1,08 €",32.0,29.0,17.0,59.0,no,1.7173600188942861,10898.0,mediodía,jueves,distrito 2,3.8,2.0,6.0,09/04/2025
  alta rotación ,"3,74 €",58.0,11.0,0.0,74.0,sí,-0.022405111443803333,19490.0,mañana,viernes,distrito 1,2.5,1.0,7.0,30/07/2025
LARGA ESTANCIA,"1,38 €",34.0,15.0,11.0,54.0,no,1.5037324221369723,5572.0,tarde,miércoles,distrito 5,1.8,3.0,6.0,30/07/2025
ROTACIÓN MEDIA,"2,65 €",51.0,87.0,5.0,93.0,sí,1.2631853857429878,18167.0,mediodía,jueves,distrito 9,4.4,3.0,6.0,10/07/2025
  rotación media ,"0,97 €",18.0,8.0,10.0,20.0,no,1.3604183556991982,10081.0,tarde,lunes,distrito 6,3.2,2.0,1.0,26/02/2025
rotación media,"2,02 €",59.0,20.0,1.0,51.0,sí,0.6353059685479228,15468.0,mediodía,lunes,distrito 9,3.7,6.0,8.0,15/03/2025
rotacion media,"3,34 €",14.0,50.0,2.0,106.0,sí,0.7969824778507097,7119.0,mediodía,miércoles,distrito 5,2.7,1.0,4.0,17/06/2025
residentes,"1,30 €",52.0,11.0,27.0,5.0,sí,1.5461045548428523,12147.0,mañana,martes,distrito 7,1.7,2.0,4.0,15/01/2025
LARGA ESTANCIA,"1,63 €",49.0,15.0,9.0,110.0,sí,0.5789538265581471,24837.0,mediodía,viernes,distrito 5,4.6,1.0,1.0,06/08/2025
  rotación media ,"2,34 €",45.0,3.0,28.0,135.0,sí,0.932699253045944,7958.0,mediodía,viernes,distrito 9,5.4,2.0,3.0,27/04/2025
rotación media,"0,82 €",41.0,2.0,14.0,55.0,no,1.2522222118393027,18932.0,mediodía,miércoles,distrito 11,-99.0,6.0,8.0,30/05/2025
larga estancia,"2,74 €",12.0,21.0,0.0,43.0,sí,0.3066862056550379,12821.0,mediodía,viernes,distrito 10,5.0,1.0,0.0,26/03/2025
larga estancia,"2,51 €",10.0,9.0,19.0,89.0,sí,0.8204522488092901,10013.0,mediodía,lunes,distrito 11,1.4,4.0,4.0,26/10/2025
rotación media,"1,83 €",46.0,29.0,3.0,224.0,sí,0.9061083669951506,14735.0,mediodía,jueves,distrito 6,3.6,2.0,7.0,22/09/2025
rotación media,"2,30 €",49.0,11.0,4.0,49.0,sí,1.0657286221556603,10998.0,tarde,sábado,distrito 4,4.3,4.0,2.0,08/10/2025
  alta rotación ,"1,90 €",43.0,2.0,6.0,45.0,sí,0.35651352520318486,10744.0,mañana,jueves,distrito 8,2.2,0.0,8.0,05/10/2025
LARGA ESTANCIA,"2,18 €",27.0,7.0,2.0,65.0,sí,0.07549993903851265,6820.0,mediodía,miércoles,distrito 10,3.9,2.0,1.0,28/03/2025
alta rotacion,"0,90 €",40.0,13.0,3.0,23.0,sí,1.9170914170059348,11023.0,tarde,lunes,distrito 9,3.8,2.0,5.0,04/10/2025
residentes,"2,89 €",21.0,31.0,8.0,3.0,sí,0.9708194715900695,20964.0,tarde,viernes,distrito 3,0.9,2.0,2.0,28/10/2025
rotación media,"1,23 €",25.0,27.0,16.0,69.0,sí,1.3040788495564555,28299.0,mañana,miércoles,distrito 4,3.4,2.0,4.0,02/07/2025
larga estancia,"1,74 €",13.0,26.0,1.0,379.0,no,0.998345073103877,9076.0,mediodía,jueves,distrito 1,5.4,6.0,0.0,01/06/2025
rotación media,"2,01 €",8.0,12.0,24.0,190.0,sí,1.0846292394700812,7455.0,mañana,lunes,distrito 6,5.1,2.0,7.0,14/08/2025
ALTA ROTACIÓN,"0,50 €",41.0,14.0,23.0,71.0,sí,2.006314216209563,28080.0,tarde,miércoles,distrito 2,3.5,6.0,3.0,28/06/2025
  alta rotación ,"2,49 €",58.0,15.0,3.0,35.0,sí,0.7399204765605368,17514.0,mediodía,viernes,distrito 2,6.5,0.0,4.0,16/05/2025
alta rotación,"1,67 €",16.0,10.0,0.0,170.0,sí,0.3622182044810826,15028.0,mañana,martes,distrito 2,2.3,4.0,4.0,09/10/2025
larga estancia,"2,83 €",21.0,36.0,18.0,64.0,no,1.250084016795109,16305.0,mediodía,jueves,distrito 5,5.9,0.0,7.0,03/04/2025
larga estancia,"1,49 €",15.0,36.0,2.0,58.0,sí,1.2410506285663987,3134.0,mañana,viernes,distrito 11,1.5,1.0,6.0,23/03/2025
rotacion media,"2,23 €",60.0,30.0,6.0,20.0,sí,1.4613833913458656,10133.0,tarde,lunes,distrito 2,-99.0,0.0,7.0,17/08/2025
larga estancia,"2,65 €",23.0,21.0,2.0,14.0,no,0.9496003817994084,14774.0,mañana,viernes,distrito 2,2.1,3.0,3.0,06/05/2025
residentes,"1,93 €",9.0,24.0,1.0,98.0,sí,0.7305001144119776,10648.0,mañana,lunes,distrito 4,2.6,2.0,7.0,01/09/2025
residentes,"2,60 €",26.0,7.0,30.0,172.0,sí,0.9657066403830888,22069.0,tarde,martes,distrito 2,2.5,6.0,0.0,29/09/2025
alta rotación,"2,55 €",20.0,46.0,10.0,90.0,sí,0.8948178565936098,19045.0,mañana,sábado,distrito 5,0.8,6.0,2.0,20/09/2025
alta rotación,"2,07 €",43.0,36.0,17.0,37.0,no,1.5035005599109987,6300.0,mediodía,lunes,distrito 7,3.6,0.0,7.0,04/06/2025
rotación media,"3,00 €",35.0,1.0,6.0,10.0,no,0.4594237156880611,17936.0,mañana,jueves,distrito 10,4.4,2.0,7.0,27/01/2025
rotación media,"1,04 €",36.0,7.0,3.0,10.0,sí,1.179304862633418,23767.0,tarde,martes,distrito 5,2.2,4.0,7.0,08/07/2025
  larga estancia ,"1,85 €",37.0,11.0,9.0,75.0,no,1.039629476021093,14384.0,tarde,martes,distrito 7,5.5,6.0,5.0,10/02/2025
  alta rotación ,"1,00 €",60.0,14.0,11.0,27.0,sí,1.1826294730693554,8948.0,tarde,miércoles,distrito 1,2.5,6.0,1.0,01/08/2025
rotación media,"1,00 €",38.0,18.0,2.0,172.0,sí,1.2021853796074853,5670.0,mediodía,martes,distrito 11,2.1,0.0,2.0,14/08/2025
alta rotación,"1,32 €",58.0,8.0,9.0,56.0,sí,1.4777090963534938,10053.0,mañana,miércoles,distrito 5,4.2,6.0,4.0,01/04/2025
alta rotación,"2,79 €",33.0,21.0,10.0,153.0,sí,0.5475521325598276,10723.0,mañana,sábado,distrito 7,2.5,2.0,6.0,06/03/2025
larga estancia,"3,44 €",23.0,7.0,17.0,36.0,sí,0.5160404258715998,14575.0,mañana,sábado,distrito 5,1.9,6.0,6.0,28/02/2025
rotación media,"1,50 €",42.0,39.0,16.0,42.0,sí,1.351734627826633,9562.0,tarde,miércoles,distrito 7,3.2,5.0,7.0,28/07/2025
residentes,"1,90 €",30.0,25.0,13.0,22.0,sí,1.1975765159595815,2889.0,tarde,jueves,distrito 8,2.9,6.0,8.0,31/01/2025
rotación media,"2,83 €",32.0,20.0,1.0,104.0,sí,0.8838607753159817,5014.0,tarde,miércoles,distrito 5,5.3,0.0,1.0,15/05/2025
residentes,"2,38 €",19.0,10.0,9.0,74.0,sí,0.9435468264581339,2264.0,mediodía,sábado,distrito 4,2.9,4.0,3.0,07/02/2025
rotación media,"1,66 €",41.0,56.0,6.0,69.0,sí,1.179056251499383,8683.0,tarde,lunes,distrito 2,3.0,0.0,4.0,05/05/2025
residentes,"2,59 €",19.0,24.0,10.0,67.0,sí,0.9132470115297954,6749.0,tarde,sábado,distrito 5,2.0,0.0,8.0,09/02/2025
rotación media,"2,81 €",19.0,29.0,3.0,40.0,no,1.3232352182439016,15557.0,mañana,miércoles,distrito 5,5.1,5.0,8.0,22/01/2025
larga estancia,"2,33 €",6.0,14.0,23.0,49.0,sí,0.9174294006304663,12277.0,mañana,martes,distrito 10,2.3,6.0,5.0,06/07/2025
  residentes ,"0,59 €",13.0,51.0,18.0,34.0,sí,2.3180540666602614,14000.0,mediodía,martes,distrito 9,3.3,5.0,5.0,02/06/2025
larga estancia,"2,22 €",7.0,39.0,12.0,60.0,no,0.9766084421471941,14989.0,tarde,martes,distrito 4,3.0,4.0,1.0,23/10/2025
rotacion media,"1,78 €",48.0,53.0,2.0,53.0,no,1.7955542355331462,8604.0,mañana,miércoles,distrito 2,1.3,4.0,6.0,01/05/2025
larga estancia,"2,49 €",51.0,26.0,3.0,65.0,no,0.6558520995048367,5340.0,mediodía,viernes,distrito 3,2.6,0.0,4.0,12/04/2025
  larga estancia ,"2,57 €",32.0,8.0,13.0,123.0,sí,0.44463226711028825,16634.0,mañana,jueves,distrito 7,-99.0,6.0,6.0,14/10/2025
rotación media,"1,83 €",51.0,52.0,12.0,41.0,no,1.4054467229197776,9797.0,tarde,miércoles,distrito 1,4.9,3.0,4.0,11/07/2025
RESIDENTES,"2,05 €",21.0,15.0,7.0,84.0,sí,1.019513681146584,20676.0,tarde,lunes,distrito 9,4.5,2.0,5.0,27/05/2025
alta rotación,"2,20 €",48.0,10.0,3.0,18.0,no,1.0258186782647372,10736.0,mañana,jueves,distrito 1,3.9,2.0,0.0,31/08/2025
LARGA ESTANCIA,"3,21 €",17.0,46.0,5.0,33.0,no,0.9444246171970347,2937.0,mañana,lunes,distrito 10,5.0,3.0,7.0,02/08/2025
larga estancia,"2,67 €",52.0,35.0,15.0,158.0,sí,1.1609985915003798,9740.0,mañana,viernes,distrito 10,1.8,0.0,0.0,14/08/2025
rotación media,"2,78 €",26.0,12.0,0.0,14.0,sí,0.4444645259451001,13903.0,mañana,sábado,distrito 8,-99.0,1.0,4.0,27/10/2025
larga estancia,"2,11 €",8.0,14.0,1.0,35.0,sí,0.8940170069171565,24163.0,mañana,martes,distrito 7,2.6,3.0,3.0,03/10/2025
  alta rotación ,"1,90 €",26.0,8.0,6.0,87.0,sí,0.6499354603402339,22555.0,mañana,jueves,distrito 8,-99.0,3.0,3.0,30/06/2025
rotación media,"2,36 €",47.0,23.0,4.0,211.0,sí,0.7451246694226573,15449.0,tarde,lunes,distrito 6,5.2,5.0,1.0,25/08/2025
alta rotación,"1,65 €",21.0,37.0,6.0,175.0,no,1.6856222235779141,6006.0,tarde,sábado,distrito 6,1.6,1.0,3.0,03/07/2025
rotación media,"2,12 €",14.0,32.0,9.0,19.0,sí,1.2938541784305377,24547.0,tarde,viernes,distrito 10,-99.0,2.0,8.0,08/02/2025
residentes,"2,42 €",49.0,35.0,4.0,40.0,sí,1.263975584036886,10225.0,tarde,miércoles,distrito 1,3.4,0.0,5.0,07/06/2025
rotación media,"2,40 €",58.0,8.0,1.0,47.0,sí,0.5960432633125481,6745.0,mañana,jueves,distrito 5,3.3,6.0,1.0,15/08/2025
alta rotación,"1,17 €",37.0,15.0,10.0,102.0,sí,1.232277777161596,3007.0,mediodía,viernes,distrito 8,2.6,5.0,1.0,06/06/2025
larga estancia,"1,15 €",25.0,11.0,7.0,26.0,sí,1.2885840096730177,5843.0,mediodía,miércoles,distrito 1,4.3,4.0,1.0,05/09/2025
alta rotación,"0,89 €",15.0,20.0,35.0,59.0,sí,1.4985476181382422,11647.0,mañana,jueves,distrito 11,3.4,0.0,0.0,23/07/2025
residentes,"0,50 €",10.0,4.0,10.0,90.0,sí,1.259540428566841,15676.0,tarde,jueves,distrito 8,1.5,6.0,4.0,23/05/2025
rotación media,"1,69 €",19.0,24.0,11.0,111.0,sí,1.2756309411609272,4991.0,mediodía,sábado,distrito 10,5.1,1.0,1.0,06/02/2025
rotacion media,"2,12 €",37.0,4.0,0.0,49.0,sí,0.02615159209165102,5275.0,mediodía,martes,distrito 5,3.6,4.0,1.0,08/10/2025
larga estancia,"1,22 €",41.0,2.0,22.0,18.0,sí,0.6674464266552922,2140.0,tarde,martes,distrito 8,5.0,1.0,7.0,17/04/2025
residentes,"3,19 €",17.0,5.0,15.0,30.0,sí,0.7942779523059366,13566.0,mediodía,miércoles,distrito 5,4.4,6.0,4.0,06/04/2025
larga estancia,"1,39 €",18.0,42.0,13.0,39.0,no,1.4418126688321957,12813.0,tarde,martes,distrito 8,3.3,1.0,3.0,13/03/2025
ROTACIÓN MEDIA,"2,28 €",38.0,18.0,2.0,132.0,sí,0.7561020904350693,10413.0,mediodía,jueves,distrito 8,4.1,5.0,5.0,05/08/2025
alta rotación,"2,98 €",32.0,21.0,7.0,4.0,sí,1.2930725918837045,17046.0,tarde,lunes,distrito 6,3.6,5.0,7.0,03/05/2025
alta rotación,"1,92 €",59.0,29.0,2.0,75.0,sí,0.7285793304783897,3647.0,mediodía,sábado,distrito 9,4.0,3.0,1.0,24/06/2025
alta rotación,"2,66 €",28.0,24.0,2.0,156.0,no,1.1671774863859317,12868.0,mañana,miércoles,distrito 6,3.2,3.0,1.0,16/06/2025
alta rotación,"1,77 €",33.0,20.0,2.0,4.0,sí,1.1553465956582734,11917.0,mañana,martes,distrito 3,2.7,5.0,0.0,18/05/2025
rotación media,"2,01 €",6.0,20.0,4.0,58.0,no,1.0172890797340612,3972.0,mañana,viernes,distrito 2,2.7,5.0,7.0,13/03/2025
alta rotacion,"1,91 €",29.0,25.0,18.0,54.0,sí,0.934025442363551,43093.0,mañana,viernes,distrito 6,1.1,4.0,1.0,28/08/2025
larga estancia,"1,99 €",35.0,6.0,11.0,59.0,no,0.6724595052753808,18786.0,mediodía,jueves,distrito 6,5.5,4.0,3.0,21/01/2025
larga estancia,"2,02 €",6.0,34.0,5.0,60.0,no,1.0052224236280252,6325.0,tarde,miércoles,distrito 8,4.2,0.0,4.0,28/07/2025
alta rotación,"2,10 €",36.0,40.0,1.0,99.0,sí,1.2351206976586975,6308.0,mañana,martes,distrito 4,4.0,4.0,5.0,25/05/2025
rotación media,"1,70 €",23.0,74.0,7.0,49.0,sí,1.5106768539286073,7629.0,tarde,lunes,distrito 11,-99.0,2.0,7.0,16/04/2025
alta rotación,"3,45 €",45.0,44.0,12.0,54.0,no,0.7699697477804235,3362.0,mediodía,miércoles,distrito 5,2.7,0.0,0.0,26/09/2025
rotacion media,"0,78 €",26.0,54.0,24.0,51.0,sí,1.7540905843995014,5432.0,tarde,viernes,distrito 3,3.1,3.0,5.0,13/01/2025
alta rotación,"1,08 €",59.0,29.0,12.0,2.0,no,2.0503494741551758,5715.0,tarde,viernes,distrito 10,5.0,4.0,1.0,22/01/2025
alta rotación,"1,48 €",16.0,22.0,0.0,161.0,sí,0.8201503436083841,4317.0,mediodía,miércoles,distrito 6,3.8,4.0,3.0,15/06/2025
residentes,"1,56 €",14.0,19.0,15.0,40.0,sí,1.1979118964086233,3034.0,mediodía,jueves,distrito 9,3.9,4.0,2.0,01/11/2025
ROTACIÓN MEDIA,"0,96 €",41.0,31.0,10.0,34.0,sí,1.715444877739454,10227.0,mañana,martes,distrito 8,0.8,2.0,8.0,04/05/2025
larga estancia,"2,07 €",17.0,32.0,17.0,122.0,sí,1.3539041365000517,25008.0,mañana,viernes,distrito 8,5.2,1.0,0.0,11/10/2025
alta rotacion,"2,56 €",19.0,13.0,39.0,122.0,sí,1.0917545924895335,1622.0,tarde,jueves,distrito 2,4.0,6.0,5.0,15/06/2025
larga estancia,"2,18 €",11.0,28.0,4.0,78.0,sí,0.7522497245298333,6153.0,tarde,martes,distrito 1,4.5,1.0,5.0,09/08/2025
residentes,"2,17 €",47.0,11.0,29.0,35.0,no,1.1260047634138353,14921.0,tarde,jueves,distrito 9,0.8,2.0,2.0,19/09/2025
alta rotación,"1,16 €",31.0,33.0,18.0,42.0,sí,1.4335263861410226,10362.0,mediodía,miércoles,distrito 3,3.8,5.0,6.0,28/01/2025
rotación media,"1,77 €",26.0,47.0,1.0,24.0,sí,1.1057097022612157,15597.0,mañana,sábado,distrito 9,3.4,4.0,3.0,07/09/2025
alta rotación,"1,60 €",36.0,14.0,4.0,77.0,sí,0.7876716478610563,12927.0,mediodía,miércoles,distrito 1,3.6,3.0,1.0,14/06/2025
rotacion media,"4,05 €",56.0,4.0,34.0,74.0,sí,0.4831740593763882,9554.0,mediodía,jueves,distrito 3,4.7,3.0,7.0,31/03/2025
  residentes ,"1,77 €",34.0,30.0,11.0,39.0,sí,1.4469691328982512,4642.0,tarde,miércoles,distrito 4,2.9,3.0,6.0,15/04/2025
rotación media,"1,60 €",21.0,30.0,6.0,62.0,sí,1.5637355014348087,16734.0,mediodía,lunes,distrito 10,1.5,5.0,6.0,04/09/2025
  larga estancia ,"2,85 €",59.0,9.0,15.0,65.0,no,0.715715284652336,15560.0,mediodía,lunes,distrito 1,0.8,0.0,0.0,16/05/2025
rotación media,"0,92 €",32.0,30.0,23.0,0.0,sí,2.050632011689002,9802.0,tarde,viernes,distrito 3,2.0,5.0,7.0,17/05/2025
alta rotación,"1,88 €",21.0,7.0,9.0,49.0,sí,1.0608254547981772,7332.0,mañana,martes,distrito 10,2.0,0.0,7.0,16/01/2025
  rotación media ,"1,79 €",51.0,10.0,13.0,80.0,no,0.9729799812874526,8693.0,tarde,sábado,distrito 5,5.1,4.0,0.0,06/02/2025
larga estancia,"1,44 €",43.0,7.0,10.0,141.0,no,1.116304970053477,7045.0,tarde,viernes,distrito 6,4.9,0.0,5.0,16/08/2025
residentes,"0,74 €",57.0,13.0,4.0,15.0,sí,1.5150287680385883,7494.0,mañana,miércoles,distrito 6,4.4,3.0,7.0,05/07/2025
larga estancia,"3,51 €",14.0,8.0,3.0,81.0,sí,0.45469225422684895,7387.0,tarde,lunes,distrito 7,3.7,5.0,0.0,18/08/2025
rotación media,"2,98 €",8.0,20.0,2.0,47.0,sí,0.3716685321636538,4990.0,mañana,miércoles,distrito 1,2.8,4.0,8.0,10/04/2025
rotacion media,"2,47 €",27.0,29.0,10.0,76.0,no,1.1868631444650155,12025.0,mediodía,viernes,distrito 7,3.4,0.0,2.0,11/07/2025
residentes,"2,96 €",48.0,31.0,18.0,50.0,sí,0.7623402108168088,20491.0,mediodía,lunes,distrito 8,-99.0,1.0,6.0,22/02/2025
rotación media,"3,99 €",42.0,43.0,18.0,24.0,sí,0.9261437270463853,15576.0,mediodía,martes,distrito 4,2.8,4.0,3.0,07/08/2025
alta rotación,"2,08 €",29.0,36.0,2.0,20.0,sí,0.927101641491891,9976.0,mañana,viernes,distrito 6,0.8,6.0,0.0,13/06/2025
larga estancia,"1,29 €",49.0,28.0,1.0,42.0,no,1.1423191637982444,8636.0,mañana,sábado,distrito 3,1.5,5.0,5.0,11/03/2025
larga estancia,"1,93 €",49.0,37.0,5.0,91.0,sí,0.8661934687399496,17508.0,tarde,viernes,distrito 3,4.4,2.0,5.0,16/04/2025
alta rotación,"2,48 €",58.0,9.0,4.0,22.0,sí,0.9648422364074067,2710.0,mañana,jueves,distrito 9,1.7,2.0,3.0,12/04/2025
larga estancia,"1,91 €",34.0,19.0,8.0,6.0,sí,1.4698128801994241,7736.0,mediodía,lunes,distrito 8,3.1,6.0,3.0,05/10/2025
alta rotación,"3,19 €",49.0,24.0,2.0,128.0,sí,0.5317454915149034,10888.0,mediodía,sábado,distrito 4,3.2,6.0,2.0,19/06/2025
rotación media,"2,99 €",56.0,39.0,4.0,15.0,sí,0.8725707366854313,12408.0,mediodía,martes,distrito 7,4.3,3.0,5.0,07/01/2025
ALTA ROTACIÓN,"2,47 €",57.0,38.0,5.0,18.0,sí,1.0669395773005177,6130.0,tarde,sábado,distrito 6,3.7,4.0,4.0,08/01/2025
residentes,"2,01 €",17.0,6.0,8.0,92.0,sí,0.9744912119955789,5152.0,mediodía,martes,distrito 5,-99.0,5.0,1.0,10/05/2025
larga estancia,"1,78 €",21.0,10.0,9.0,63.0,sí,0.8070474759520724,3888.0,tarde,sábado,distrito 11,-99.0,0.0,2.0,30/07/2025
rotación media,"1,60 €",39.0,2.0,0.0,72.0,no,0.681662024279976,7833.0,mañana,miércoles,distrito 5,3.6,2.0,4.0,18/06/2025
RESIDENTES,"2,16 €",50.0,29.0,3.0,229.0,sí,0.8530347717646886,4228.0,mediodía,viernes,distrito 11,1.3,5.0,1.0,30/06/2025
rotación media,"1,69 €",30.0,13.0,15.0,38.0,no,1.4950378480593465,30232.0,mediodía,viernes,distrito 10,5.3,4.0,1.0,22/01/2025
ALTA ROTACIÓN,"2,00 €",26.0,39.0,3.0,9.0,sí,0.8235368361275472,3455.0,tarde,sábado,distrito 3,4.8,5.0,0.0,03/10/2025
alta rotación,"2,47 €",37.0,69.0,15.0,81.0,no,1.214643605055835,9808.0,mediodía,jueves,distrito 11,2.3,3.0,7.0,18/08/2025
residentes,"1,87 €",55.0,9.0,13.0,48.0,no,0.9851821424369347,9165.0,mediodía,viernes,distrito 9,3.5,1.0,8.0,18/01/2025
larga estancia,"2,67 €",39.0,4.0,4.0,133.0,sí,0.8194860864228238,7932.0,mañana,jueves,distrito 10,1.2,2.0,5.0,29/08/2025
larga estancia,"1,70 €",34.0,9.0,6.0,30.0,sí,0.7454458285441367,2545.0,mañana,jueves,distrito 6,3.0,2.0,2.0,04/03/2025
rotación media,"0,98 €",16.0,9.0,9.0,40.0,sí,1.6004232398333424,6088.0,mañana,jueves,distrito 9,3.6,0.0,5.0,29/08/2025
alta rotación,"1,46 €",8.0,20.0,17.0,72.0,sí,1.5119268352187119,18692.0,tarde,miércoles,distrito 1,-99.0,6.0,5.0,10/04/2025
larga estancia,"1,49 €",11.0,11.0,6.0,63.0,no,1.2805066093806556,7102.0,tarde,jueves,distrito 3,5.5,2.0,5.0,11/09/2025
alta rotación,"1,81 €",48.0,39.0,5.0,112.0,sí,1.0335499488173796,9177.0,mediodía,martes,distrito 3,4.9,6.0,1.0,10/08/2025
  rotación media ,"2,41 €",11.0,3.0,30.0,218.0,sí,0.4730609096741292,4297.0,tarde,lunes,distrito 6,2.1,3.0,1.0,09/01/2025
larga estancia,"1,77 €",16.0,26.0,0.0,17.0,sí,0.7215838345317203,12834.0,mediodía,sábado,distrito 4,1.9,3.0,2.0,18/10/2025
alta rotación,"3,40 €",44.0,27.0,2.0,20.0,sí,0.48524664390866123,38820.0,mañana,lunes,distrito 11,3.0,5.0,0.0,22/10/2025
rotación media,"2,23 €",29.0,19.0,6.0,35.0,sí,1.0849098340150487,3317.0,mañana,jueves,distrito 6,3.0,2.0,1.0,23/09/2025
larga estancia,"2,74 €",6.0,10.0,5.0,7.0,sí,0.6538326558006244,13696.0,mediodía,jueves,distrito 4,4.2,3.0,0.0,30/08/2025
larga estancia,"3,36 €",33.0,42.0,9.0,21.0,no,1.1739387001578379,5366.0,tarde,miércoles,distrito 6,-99.0,1.0,1.0,08/08/2025
LARGA ESTANCIA,"3,14 €",54.0,27.0,21.0,80.0,sí,1.0276241396414696,21330.0,tarde,lunes,distrito 7,2.6,1.0,3.0,22/08/2025
alta rotacion,"1,54 €",10.0,24.0,2.0,14.0,sí,1.408612206885683,6638.0,mañana,martes,distrito 9,3.2,5.0,4.0,20/04/2025
larga estancia,"1,26 €",34.0,8.0,0.0,19.0,sí,0.7895048566859132,4872.0,tarde,sábado,distrito 6,-99.0,2.0,6.0,01/06/2025
RESIDENTES,"1,99 €",39.0,41.0,1.0,104.0,sí,0.9789198965977969,9557.0,mediodía,viernes,distrito 5,4.0,1.0,4.0,08/06/2025
rotación media,"3,50 €",56.0,14.0,21.0,42.0,no,1.0240890805690563,14053.0,mediodía,jueves,distrito 3,2.6,2.0,2.0,16/10/2025
alta rotación,"2,07 €",18.0,18.0,1.0,6.0,sí,1.272399393819107,8317.0,mediodía,jueves,distrito 3,2.8,1.0,0.0,24/08/2025
rotación media,"2,36 €",29.0,13.0,2.0,147.0,sí,0.629090697236888,3643.0,mediodía,miércoles,distrito 3,0.9,3.0,1.0,08/03/2025
RESIDENTES,"2,43 €",26.0,9.0,2.0,129.0,sí,0.6911691171756659,5843.0,mañana,viernes,distrito 3,5.2,3.0,2.0,12/03/2025
rotación media,"2,05 €",14.0,19.0,4.0,225.0,no,1.1703768227952145,29994.0,mañana,viernes,distrito 11,4.7,4.0,5.0,30/09/2025
rotación media,"2,67 €",54.0,24.0,3.0,88.0,sí,0.5260095435075282,9006.0,mañana,martes,distrito 2,0.9,2.0,4.0,21/03/2025
ALTA ROTACIÓN,"2,38 €",19.0,23.0,6.0,116.0,sí,1.0471196256396125,1948.0,mediodía,lunes,distrito 7,1.2,4.0,8.0,02/10/2025
larga estancia,"1,66 €",44.0,11.0,3.0,76.0,sí,0.7981556934091577,2514.0,mañana,sábado,distrito 3,3.7,6.0,4.0,21/03/2025
rotación media,"2,54 €",18.0,14.0,0.0,188.0,sí,0.4661737783255233,6923.0,mediodía,viernes,distrito 5,1.8,5.0,4.0,16/03/2025
rotación media,"2,98 €",44.0,26.0,9.0,41.0,sí,1.157708146221358,19861.0,mañana,viernes,distrito 10,-99.0,0.0,3.0,11/04/2025
residentes,"2,07 €",41.0,5.0,27.0,56.0,no,1.2361409380569597,3237.0,tarde,martes,distrito 2,2.5,2.0,1.0,08/08/2025
larga estancia,"2,32 €",34.0,16.0,4.0,38.0,sí,0.9236841122511228,14979.0,mañana,jueves,distrito 8,-99.0,5.0,1.0,19/02/2025
alta rotación,"1,68 €",12.0,18.0,4.0,24.0,sí,1.5290495822130563,20613.0,tarde,lunes,distrito 10,2.8,3.0,2.0,20/04/2025
alta rotación,"2,01 €",30.0,12.0,1.0,5.0,sí,0.9362050322590327,5945.0,tarde,lunes,distrito 8,4.6,2.0,5.0,18/04/2025
alta rotacion,"3,22 €",23.0,4.0,29.0,76.0,no,0.9908456127601801,5130.0,mediodía,sábado,distrito 2,1.0,0.0,0.0,18/08/2025
larga estancia,"3,70 €",60.0,22.0,26.0,47.0,sí,0.4317795747532059,10540.0,tarde,viernes,distrito 6,4.6,4.0,8.0,20/05/2025
larga estancia,"2,27 €",20.0,28.0,19.0,144.0,sí,1.2574194630887234,23426.0,tarde,lunes,distrito 3,3.4,3.0,6.0,07/04/2025
alta rotación,"2,97 €",52.0,17.0,1.0,83.0,sí,1.057534916744756,16867.0,tarde,sábado,distrito 8,5.1,1.0,1.0,10/03/2025
larga estancia,"3,63 €",50.0,21.0,11.0,60.0,sí,0.5782305694670108,3506.0,tarde,miércoles,distrito 3,1.6,6.0,1.0,15/06/2025
alta rotación,"2,94 €",9.0,55.0,6.0,13.0,no,1.4320300867030211,22569.0,mañana,lunes,distrito 11,3.5,3.0,7.0,18/06/2025
rotación media,"3,47 €",26.0,68.0,0.0,56.0,sí,0.708204482731443,10395.0,mañana,viernes,distrito 5,3.0,1.0,0.0,25/01/2025
residentes,"0,64 €",37.0,7.0,0.0,65.0,sí,1.3875502235932906,11338.0,tarde,jueves,distrito 4,2.2,5.0,7.0,07/02/2025
alta rotación,"1,95 €",29.0,13.0,11.0,25.0,sí,1.383070832215996,17286.0,mediodía,viernes,distrito 7,4.6,5.0,3.0,24/03/2025
residentes,"2,72 €",45.0,21.0,14.0,17.0,sí,0.6978197563198902,6624.0,tarde,lunes,distrito 5,2.8,1.0,6.0,01/04/2025
alta rotación,"2,80 €",55.0,49.0,3.0,61.0,sí,0.814273016195396,9715.0,tarde,lunes,distrito 10,1.5,2.0,6.0,28/01/2025
  rotación media ,"2,82 €",60.0,10.0,64.0,49.0,sí,1.0379351856528365,2474.0,mediodía,viernes,distrito 2,3.8,1.0,4.0,17/10/2025
rotación media,"3,30 €",36.0,9.0,12.0,77.0,no,0.8438607416018278,2224.0,mañana,jueves,distrito 1,4.8,0.0,2.0,01/03/2025
  residentes ,"2,98 €",16.0,12.0,0.0,83.0,sí,0.4028655671250674,7822.0,tarde,martes,distrito 1,1.6,3.0,8.0,19/03/2025
alta rotación,"2,24 €",50.0,21.0,13.0,47.0,sí,0.8438836839773269,14061.0,mañana,martes,distrito 8,3.7,4.0,6.0,03/04/2025
larga estancia,"0,50 €",53.0,30.0,1.0,165.0,sí,1.22978342086351,27548.0,mediodía,viernes,distrito 7,2.7,0.0,0.0,23/02/2025
alta rotación,"3,51 €",8.0,4.0,1.0,49.0,sí,0.1114599405560273,5914.0,tarde,viernes,distrito 2,2.5,2.0,3.0,09/10/2025
rotación media,"0,57 €",49.0,19.0,8.0,4.0,sí,1.6581685276494176,4022.0,tarde,lunes,distrito 4,-99.0,3.0,0.0,25/07/2025
rotación media,"1,46 €",34.0,27.0,5.0,127.0,no,1.4566450948965513,9321.0,tarde,sábado,distrito 5,2.1,0.0,5.0,13/05/2025
ALTA ROTACIÓN,"1,66 €",28.0,20.0,24.0,12.0,no,1.7778687800795172,5009.0,mañana,viernes,distrito 5,5.0,4.0,6.0,31/08/2025
rotación media,"2,28 €",42.0,1.0,11.0,51.0,sí,0.9826933580186059,5827.0,tarde,martes,distrito 4,3.8,4.0,0.0,23/01/2025
larga estancia,"3,07 €",25.0,13.0,1.0,184.0,sí,0.537190386462529,39469.0,tarde,lunes,distrito 6,3.3,0.0,6.0,25/07/2025
alta rotacion,"1,89 €",55.0,64.0,20.0,17.0,sí,1.515342708048783,21617.0,tarde,jueves,distrito 7,0.9,1.0,5.0,25/10/2025
rotación media,"1,64 €",15.0,6.0,1.0,55.0,sí,0.2869314271749829,4941.0,mañana,sábado,distrito 10,1.4,3.0,1.0,13/08/2025
rotación media,"3,27 €",59.0,21.0,7.0,82.0,sí,0.8950329842931984,3673.0,mañana,jueves,distrito 5,5.0,0.0,6.0,09/07/2025
alta rotación,"2,61 €",14.0,7.0,20.0,71.0,sí,0.8308387079853106,27299.0,mañana,miércoles,distrito 10,0.8,1.0,4.0,03/09/2025
RESIDENTES,"2,45 €",18.0,49.0,0.0,196.0,sí,0.9552116264295377,3658.0,mediodía,viernes,distrito 8,1.3,5.0,3.0,03/07/2025
alta rotación,"2,26 €",29.0,35.0,1.0,17.0,sí,0.9299540442880916,14894.0,mañana,miércoles,distrito 5,0.8,6.0,6.0,19/09/2025
larga estancia,"2,35 €",58.0,4.0,7.0,38.0,sí,0.5745448159484741,2990.0,tarde,sábado,distrito 9,2.5,2.0,6.0,27/10/2025
rotación media,"1,99 €",46.0,49.0,6.0,58.0,sí,1.2376335303993524,5407.0,mañana,miércoles,distrito 8,5.7,1.0,4.0,17/03/2025
rotación media,"1,97 €",40.0,20.0,1.0,211.0,sí,0.4369979994183829,11921.0,mañana,viernes,distrito 8,3.1,0.0,4.0,24/06/2025
larga estancia,"2,37 €",32.0,45.0,22.0,15.0,sí,1.0899423715031662,6847.0,mediodía,sábado,distrito 11,4.2,6.0,8.0,25/08/2025
ALTA ROTACIÓN,"3,08 €",40.0,21.0,19.0,6.0,sí,1.1544696436388138,8406.0,tarde,miércoles,distrito 6,3.4,4.0,1.0,11/01/2025
residentes,"0,80 €",35.0,24.0,42.0,41.0,sí,1.5927712993577126,9802.0,mañana,sábado,distrito 5,2.1,3.0,7.0,10/03/2025
residentes,"2,42 €",26.0,30.0,0.0,35.0,sí,0.7849931374405543,4498.0,tarde,jueves,distrito 5,1.4,0.0,7.0,13/05/2025
larga estancia,"1,18 €",49.0,41.0,10.0,209.0,no,1.1232775993132915,7125.0,mañana,martes,distrito 8,3.5,1.0,6.0,09/07/2025
ROTACIÓN MEDIA,"2,38 €",57.0,14.0,16.0,73.0,sí,1.1463113703928636,3931.0,mañana,lunes,distrito 8,5.6,3.0,6.0,13/09/2025
rotación media,"3,57 €",16.0,9.0,20.0,170.0,sí,0.7532228327728583,5407.0,mañana,martes,distrito 9,5.4,0.0,1.0,22/04/2025
rotacion media,"2,84 €",16.0,14.0,9.0,20.0,sí,0.6610139683186304,7632.0,tarde,lunes,distrito 1,4.8,1.0,2.0,18/02/2025
  alta rotación ,"2,29 €",48.0,30.0,1.0,28.0,no,0.9446019204917474,3302.0,mañana,lunes,distrito 8,2.4,6.0,6.0,31/08/2025
rotación media,"2,84 €",18.0,3.0,5.0,35.0,sí,0.1303674091850972,11066.0,tarde,viernes,distrito 9,4.2,3.0,7.0,02/04/2025
alta rotación,"1,44 €",52.0,12.0,12.0,31.0,no,1.5092127522974803,8080.0,mañana,sábado,distrito 3,4.2,1.0,3.0,19/08/2025
residentes,"2,57 €",32.0,15.0,4.0,152.0,sí,0.8201561259866329,32978.0,mañana,lunes,distrito 3,3.7,6.0,7.0,19/02/2025
larga estancia,"2,04 €",38.0,45.0,8.0,24.0,sí,1.0556533283585963,4349.0,tarde,martes,distrito 7,1.9,6.0,5.0,14/04/2025
rotación media,"1,40 €",28.0,11.0,6.0,31.0,sí,0.8091458310413515,2071.0,mediodía,miércoles,distrito 10,3.7,6.0,3.0,02/05/2025
alta rotación,"1,49 €",30.0,12.0,3.0,98.0,sí,1.0750186616982749,12777.0,mañana,viernes,distrito 7,5.0,4.0,1.0,07/05/2025
alta rotación,"2,02 €",14.0,58.0,4.0,70.0,sí,1.0392705061735557,11191.0,mediodía,lunes,distrito 10,4.6,3.0,7.0,25/08/2025
residentes,"1,24 €",14.0,57.0,18.0,19.0,sí,1.5558930368516608,6212.0,mediodía,martes,distrito 11,2.3,4.0,8.0,14/01/2025
residentes,"2,92 €",41.0,16.0,1.0,33.0,no,0.8181302636926261,12627.0,tarde,miércoles,distrito 4,2.0,4.0,7.0,20/06/2025
ALTA ROTACIÓN,"1,59 €",6.0,6.0,1.0,25.0,sí,0.994045930816512,12684.0,mediodía,miércoles,distrito 1,2.5,4.0,2.0,17/03/2025
residentes,"2,40 €",8.0,1.0,3.0,44.0,sí,0.22243853679826442,8189.0,tarde,lunes,distrito 7,0.8,3.0,7.0,20/07/2025
residentes,"1,34 €",52.0,11.0,29.0,92.0,sí,1.1566581686440376,3835.0,mañana,sábado,distrito 5,2.9,1.0,4.0,28/05/2025
alta rotación,"2,09 €",9.0,22.0,8.0,31.0,no,1.5720173182538169,4246.0,mediodía,lunes,distrito 8,1.9,5.0,6.0,04/08/2025
alta rotación,"3,01 €",26.0,67.0,5.0,107.0,sí,0.8135643718933766,5529.0,mediodía,viernes,distrito 9,4.2,2.0,0.0,02/11/2025
rotación media,"2,31 €",13.0,10.0,7.0,70.0,sí,0.7008833250382149,3804.0,tarde,viernes,distrito 3,-99.0,1.0,7.0,14/04/2025
larga estancia,"2,73 €",58.0,3.0,16.0,17.0,sí,0.7020205991980628,4656.0,tarde,miércoles,distrito 10,1.9,0.0,4.0,09/02/2025
rotación media,"2,04 €",25.0,17.0,1.0,6.0,sí,0.9356358307536968,17734.0,mediodía,martes,distrito 7,3.5,3.0,8.0,01/11/2025
larga estancia,"2,34 €",57.0,19.0,48.0,59.0,no,1.4515145654095267,16435.0,mediodía,sábado,distrito 1,2.3,6.0,8.0,18/08/2025
rotación media,"3,07 €",43.0,38.0,20.0,133.0,no,1.387484205846411,7112.0,mañana,lunes,distrito 2,0.8,4.0,5.0,21/09/2025
alta rotación,"2,56 €",7.0,2.0,5.0,14.0,sí,0.41454524025960976,4935.0,mediodía,viernes,distrito 4,3.4,1.0,3.0,10/04/2025
alta rotacion,"2,94 €",42.0,8.0,1.0,23.0,sí,0.6353563460154283,3346.0,mañana,martes,distrito 11,2.6,5.0,2.0,11/04/2025
alta rotación,"2,05 €",37.0,6.0,1.0,5.0,sí,0.4540442457302352,10487.0,mediodía,viernes,distrito 3,2.3,5.0,7.0,16/07/2025
alta rotación,"2,27 €",13.0,12.0,11.0,38.0,sí,0.7767783518591551,7216.0,mañana,viernes,distrito 7,0.8,2.0,3.0,03/09/2025
LARGA ESTANCIA,"2,42 €",9.0,10.0,6.0,48.0,no,0.75472565047442,13661.0,tarde,miércoles,distrito 3,2.5,3.0,5.0,16/10/2025
rotación media,"2,72 €",10.0,23.0,61.0,37.0,sí,1.1933927703101173,8217.0,tarde,martes,distrito 2,4.2,3.0,7.0,30/09/2025
rotación media,"2,41 €",22.0,49.0,7.0,114.0,no,1.336417235024086,7964.0,tarde,jueves,distrito 11,2.5,3.0,3.0,27/01/2025
residentes,"2,13 €",47.0,37.0,26.0,102.0,no,1.3262380021276214,4097.0,mañana,viernes,distrito 9,4.2,5.0,7.0,10/05/2025
larga estancia,"2,35 €",38.0,2.0,2.0,92.0,sí,0.1697513032775762,10025.0,mediodía,viernes,distrito 11,3.2,6.0,8.0,19/09/2025
larga estancia,"2,93 €",8.0,2.0,2.0,171.0,no,0.3358068759658177,13541.0,tarde,sábado,distrito 8,2.3,0.0,1.0,02/08/2025
larga estancia,"2,78 €",48.0,54.0,30.0,12.0,sí,1.2636432598073641,12000.0,tarde,jueves,distrito 1,4.4,5.0,2.0,10/09/2025
alta rotación,"1,35 €",14.0,29.0,4.0,3.0,sí,1.4839663855479712,6768.0,mediodía,viernes,distrito 5,4.1,2.0,3.0,24/08/2025
residentes,"2,08 €",35.0,41.0,19.0,132.0,sí,1.1004032824430652,19750.0,tarde,viernes,distrito 3,3.2,2.0,0.0,07/07/2025
larga estancia,"2,22 €",6.0,24.0,6.0,44.0,sí,0.9089420378051094,4519.0,mañana,sábado,distrito 1,4.1,4.0,1.0,30/05/2025
rotación media,"2,21 €",33.0,9.0,46.0,107.0,sí,0.6168254966211308,4260.0,mañana,sábado,distrito 10,-99.0,6.0,1.0,19/09/2025
alta rotación,"1,12 €",32.0,23.0,20.0,35.0,sí,1.7090685248298751,7728.0,tarde,viernes,distrito 11,5.5,2.0,2.0,31/05/2025
alta rotación,"3,32 €",45.0,0.0,3.0,32.0,sí,-0.07918144552467321,6684.0,tarde,martes,distrito 4,-99.0,5.0,3.0,20/10/2025
residentes,"2,03 €",41.0,9.0,10.0,18.0,sí,0.9371026825371583,17145.0,mañana,martes,distrito 4,2.1,1.0,4.0,03/02/2025
residentes,"2,64 €",60.0,34.0,20.0,8.0,sí,1.3041358768872964,8179.0,tarde,lunes,distrito 9,3.6,6.0,2.0,01/04/2025
larga estancia,"1,07 €",55.0,11.0,7.0,60.0,sí,1.0898423179784342,24117.0,mediodía,lunes,distrito 2,1.6,5.0,0.0,28/08/2025
larga estancia,"2,76 €",24.0,22.0,6.0,97.0,sí,0.7415123595761544,10353.0,tarde,viernes,distrito 9,3.6,6.0,6.0,07/08/2025
alta rotación,"1,64 €",20.0,20.0,8.0,6.0,sí,1.618737276298114,8340.0,mediodía,jueves,distrito 7,3.9,1.0,8.0,11/02/2025
residentes,"3,04 €",52.0,26.0,1.0,32.0,sí,0.9195654110240841,14466.0,mediodía,lunes,distrito 6,1.8,5.0,5.0,14/05/2025
alta rotación,"1,70 €",16.0,22.0,7.0,97.0,sí,1.104903450981269,8653.0,mediodía,lunes,distrito 1,4.2,0.0,4.0,05/10/2025
alta rotación,"2,42 €",26.0,13.0,2.0,5.0,sí,0.7560470829261103,21028.0,mediodía,viernes,distrito 10,4.1,0.0,2.0,11/05/2025
larga estancia,"2,92 €",13.0,3.0,1.0,15.0,sí,0.406426698309867,9851.0,mañana,jueves,distrito 8,3.1,2.0,1.0,19/06/2025
rotación media,"2,40 €",19.0,8.0,7.0,160.0,no,0.9209155796234416,3124.0,tarde,martes,distrito 11,4.5,3.0,3.0,04/09/2025
rotación media,"0,76 €",18.0,9.0,9.0,288.0,sí,1.080399235896163,5527.0,tarde,lunes,distrito 2,4.7,4.0,2.0,02/03/2025
rotación media,"2,01 €",38.0,21.0,2.0,19.0,sí,1.0240692587998805,8421.0,mediodía,jueves,distrito 11,7.2,4.0,5.0,30/05/2025
larga estancia,"2,08 €",41.0,14.0,3.0,90.0,no,0.948831017253382,10132.0,mañana,viernes,distrito 5,-99.0,5.0,4.0,28/01/2025
rotación media,"1,75 €",53.0,26.0,28.0,216.0,sí,1.5795668540952965,5575.0,mañana,viernes,distrito 1,3.9,2.0,7.0,26/04/2025
rotación media,"2,45 €",44.0,15.0,11.0,228.0,sí,0.4717955999426224,13730.0,tarde,lunes,distrito 2,0.8,2.0,1.0,17/03/2025
larga estancia,"3,33 €",50.0,5.0,0.0,51.0,sí,0.22414044801649932,7035.0,tarde,martes,distrito 9,2.6,3.0,0.0,16/06/2025
alta rotación,"3,07 €",28.0,26.0,1.0,163.0,sí,0.46740195099716214,2726.0,mañana,jueves,distrito 11,3.0,5.0,3.0,21/10/2025
residentes,"2,59 €",9.0,27.0,3.0,227.0,sí,0.9863513084950504,7434.0,tarde,sábado,distrito 8,-99.0,2.0,0.0,06/04/2025
larga estancia,"3,37 €",47.0,68.0,6.0,115.0,no,1.168755107665214,14472.0,mediodía,jueves,distrito 4,2.5,2.0,6.0,25/10/2025
LARGA ESTANCIA,"0,92 €",22.0,25.0,12.0,207.0,sí,1.3251644012469774,16611.0,tarde,jueves,distrito 11,0.8,6.0,7.0,30/01/2025
larga estancia,"2,92 €",27.0,12.0,6.0,76.0,sí,0.4883512752005814,7167.0,mañana,sábado,distrito 1,4.7,6.0,0.0,13/09/2025
alta rotación,"1,76 €",46.0,6.0,3.0,15.0,sí,0.48503977650541635,7890.0,mañana,sábado,distrito 4,1.7,4.0,4.0,27/01/2025
rotación media,"2,71 €",12.0,6.0,16.0,106.0,sí,0.5760337286668897,4301.0,mañana,martes,distrito 9,1.9,4.0,6.0,02/11/2025
alta rotación,"2,90 €",24.0,15.0,4.0,49.0,sí,0.6484866092569794,7524.0,tarde,jueves,distrito 3,3.2,2.0,5.0,01/07/2025
rotación media,"2,83 €",57.0,18.0,9.0,66.0,sí,0.8584134667820564,13542.0,mediodía,lunes,distrito 11,3.2,3.0,4.0,15/02/2025
larga estancia,"2,20 €",40.0,9.0,1.0,45.0,no,0.7427472275275729,12392.0,tarde,sábado,distrito 5,3.7,1.0,3.0,18/02/2025
larga estancia,"0,54 €",50.0,14.0,2.0,6.0,sí,0.9793296569263668,10893.0,mediodía,martes,distrito 4,5.5,4.0,0.0,07/02/2025
alta rotación,"2,46 €",15.0,20.0,50.0,71.0,no,1.0211329090723327,5665.0,mañana,sábado,distrito 5,6.0,6.0,1.0,23/09/2025
rotación media,"2,49 €",54.0,11.0,24.0,369.0,no,1.0322267923420145,5410.0,mediodía,sábado,distrito 3,2.5,4.0,8.0,22/03/2025
rotación media,"1,98 €",17.0,18.0,6.0,4.0,sí,1.1794488948757,10260.0,mañana,viernes,distrito 11,3.8,1.0,5.0,16/04/2025
larga estancia,"2,30 €",30.0,14.0,18.0,8.0,no,0.9864232765932384,11859.0,mediodía,martes,distrito 4,2.9,6.0,0.0,14/01/2025
rotación media,"1,58 €",25.0,45.0,0.0,101.0,sí,0.9350392568760114,4623.0,mañana,viernes,distrito 3,2.7,1.0,8.0,29/09/2025
alta rotacion,"2,02 €",50.0,68.0,0.0,38.0,no,1.1437528343100616,3869.0,mediodía,sábado,distrito 8,2.0,5.0,4.0,09/07/2025
alta rotación,"1,36 €",36.0,8.0,19.0,162.0,sí,1.0137994684376372,10394.0,mañana,sábado,distrito 7,3.1,6.0,4.0,09/03/2025
  alta rotación ,"1,53 €",9.0,37.0,4.0,7.0,sí,1.291992103175405,7456.0,tarde,sábado,distrito 4,-99.0,0.0,7.0,14/07/2025
ALTA ROTACIÓN,"1,63 €",15.0,30.0,1.0,12.0,sí,1.1410277432334288,12008.0,mediodía,miércoles,distrito 8,2.3,6.0,2.0,26/07/2025
rotación media,"2,41 €",18.0,34.0,7.0,39.0,sí,1.1335992842565106,5892.0,mediodía,miércoles,distrito 5,3.2,6.0,4.0,06/04/2025
alta rotación,"1,81 €",29.0,4.0,5.0,261.0,sí,0.8651760768081284,12642.0,tarde,miércoles,distrito 2,5.8,6.0,5.0,21/09/2025
larga estancia,"2,58 €",56.0,8.0,18.0,50.0,sí,0.6250924657190171,6582.0,mañana,martes,distrito 8,3.5,6.0,7.0,11/08/2025
rotación media,"2,99 €",19.0,14.0,14.0,28.0,sí,0.8638193268893488,7156.0,mediodía,viernes,distrito 4,4.7,6.0,3.0,01/07/2025
residentes,"2,21 €",39.0,29.0,0.0,17.0,sí,1.2045470756675218,5470.0,mañana,jueves,distrito 7,1.0,1.0,3.0,20/10/2025
  larga estancia ,"1,48 €",56.0,13.0,3.0,27.0,sí,1.0163922194026644,14015.0,tarde,viernes,distrito 10,4.0,5.0,0.0,24/03/2025
  larga estancia ,"2,25 €",30.0,55.0,4.0,47.0,sí,1.0679308239205254,10894.0,tarde,sábado,distrito 2,3.2,5.0,4.0,16/02/2025
residentes,"2,14 €",29.0,13.0,10.0,79.0,sí,1.1117216691262422,9605.0,mañana,viernes,distrito 2,4.3,2.0,4.0,11/04/2025
larga estancia,"2,94 €",30.0,17.0,2.0,46.0,sí,0.16922994995559087,17098.0,mañana,lunes,distrito 11,2.8,4.0,8.0,15/07/2025
larga estancia,"3,22 €",60.0,28.0,4.0,87.0,no,0.658068008489099,6012.0,mediodía,lunes,distrito 11,2.7,0.0,5.0,15/10/2025
residentes,"2,31 €",50.0,4.0,8.0,92.0,no,0.7855585767574775,13816.0,mediodía,miércoles,distrito 6,2.1,4.0,7.0,29/01/2025
larga estancia,"0,51 €",21.0,8.0,6.0,53.0,sí,1.2588621692651631,14715.0,mediodía,sábado,distrito 2,-99.0,4.0,1.0,03/06/2025
larga estancia,"1,57 €",54.0,10.0,3.0,165.0,sí,0.6387673577166281,13403.0,tarde,viernes,distrito 2,2.4,0.0,7.0,20/05/2025
rotación media,"1,49 €",54.0,17.0,27.0,97.0,no,1.652292792695709,14314.0,tarde,martes,distrito 3,3.7,1.0,7.0,08/09/2025
ROTACIÓN MEDIA,"3,14 €",37.0,21.0,7.0,67.0,sí,0.7608998250161707,19025.0,tarde,lunes,distrito 6,2.8,4.0,8.0,20/02/2025
alta rotación,"2,30 €",29.0,20.0,12.0,181.0,sí,1.1178340768360158,9555.0,mañana,lunes,distrito 8,4.9,1.0,7.0,24/08/2025
ROTACIÓN MEDIA,"2,03 €",16.0,4.0,37.0,167.0,sí,0.8898254231250811,14030.0,mediodía,viernes,distrito 8,0.8,3.0,6.0,19/07/2025
ROTACIÓN MEDIA,"1,19 €",51.0,8.0,8.0,12.0,no,1.3182374019653662,5878.0,tarde,jueves,distrito 6,1.4,1.0,4.0,06/02/2025
alta rotacion,"1,85 €",48.0,15.0,1.0,9.0,no,1.4487863659490836,19220.0,mañana,miércoles,distrito 7,1.2,1.0,8.0,09/06/2025
alta rotación,"1,24 €",57.0,23.0,18.0,25.0,sí,1.5549163252030134,13381.0,tarde,lunes,distrito 11,3.0,4.0,7.0,25/06/2025
alta rotación,"1,65 €",52.0,16.0,14.0,132.0,sí,1.1087718590122415,5692.0,mañana,miércoles,distrito 2,3.9,0.0,4.0,14/08/2025
alta rotación,"1,48 €",22.0,7.0,5.0,26.0,no,1.142379169676692,25063.0,mediodía,miércoles,distrito 11,4.7,0.0,6.0,20/06/2025
larga estancia,"3,39 €",49.0,3.0,29.0,120.0,no,0.6227152913456201,7208.0,mediodía,jueves,distrito 8,5.2,2.0,1.0,18/06/2025
larga estancia,"1,04 €",57.0,17.0,0.0,27.0,sí,0.6801558986077154,12398.0,mañana,martes,distrito 8,2.2,3.0,2.0,24/05/2025
alta rotación,"3,48 €",28.0,26.0,7.0,82.0,sí,0.7944986398867266,7988.0,mediodía,lunes,distrito 3,5.4,5.0,2.0,12/06/2025
residentes,"1,61 €",25.0,37.0,3.0,107.0,sí,1.4777967402623782,9225.0,mañana,sábado,distrito 7,2.2,4.0,8.0,23/06/2025
ALTA ROTACIÓN,"3,17 €",21.0,16.0,8.0,112.0,sí,0.7697317050484112,9514.0,mañana,miércoles,distrito 7,3.5,2.0,4.0,19/05/2025
larga estancia,"1,05 €",11.0,4.0,8.0,55.0,sí,0.6158752813176949,4909.0,mañana,jueves,distrito 5,2.6,2.0,3.0,26/02/2025
residentes,"2,95 €",27.0,25.0,9.0,46.0,sí,1.192959278774807,13209.0,tarde,lunes,distrito 8,5.4,2.0,7.0,02/02/2025
larga estancia,"2,27 €",30.0,8.0,6.0,61.0,no,0.5712296988610835,7013.0,mediodía,miércoles,distrito 7,2.2,6.0,6.0,24/01/2025
  rotación media ,"1,93 €",36.0,14.0,4.0,41.0,no,1.2151544650805841,6144.0,mediodía,jueves,distrito 6,2.6,5.0,4.0,08/09/2025
alta rotacion,"2,94 €",34.0,22.0,17.0,77.0,sí,0.7119148123823801,10510.0,mediodía,jueves,distrito 1,3.4,3.0,7.0,17/05/2025
ALTA ROTACIÓN,"2,32 €",42.0,22.0,4.0,147.0,sí,0.9148552032590416,6440.0,mañana,jueves,distrito 9,2.0,1.0,5.0,25/08/2025
larga estancia,"2,38 €",38.0,5.0,17.0,36.0,sí,0.627760972113072,13345.0,mañana,martes,distrito 1,3.2,0.0,4.0,23/04/2025
LARGA ESTANCIA,"2,47 €",18.0,37.0,23.0,142.0,sí,0.9931666677855912,10966.0,mediodía,miércoles,distrito 8,0.8,5.0,6.0,14/05/2025
rotación media,"1,23 €",50.0,25.0,0.0,101.0,sí,0.7452457607294117,3306.0,mañana,jueves,distrito 9,2.4,6.0,6.0,06/02/2025
  larga estancia ,"2,61 €",15.0,17.0,3.0,34.0,no,0.6851738624182856,11108.0,tarde,martes,distrito 11,4.2,3.0,3.0,27/06/2025
  alta rotación ,"1,17 €",13.0,30.0,3.0,185.0,sí,1.6251697545529074,19436.0,mañana,miércoles,distrito 11,2.5,1.0,2.0,08/10/2025
residentes,"1,75 €",21.0,30.0,11.0,83.0,sí,1.5208034635364096,8261.0,mediodía,miércoles,distrito 10,5.1,5.0,4.0,17/08/2025
rotacion media,"1,16 €",19.0,7.0,1.0,96.0,sí,1.0305735450961901,4021.0,mañana,sábado,distrito 9,0.8,5.0,1.0,28/01/2025
alta rotación,"3,42 €",15.0,20.0,0.0,5.0,sí,0.4554758926295597,5404.0,tarde,viernes,distrito 7,3.5,3.0,7.0,09/08/2025
alta rotación,"1,72 €",43.0,2.0,3.0,187.0,sí,0.40148481164914995,20414.0,mediodía,martes,distrito 2,1.2,6.0,5.0,10/09/2025
residentes,"1,64 €",11.0,37.0,3.0,91.0,sí,1.3027061861017235,9490.0,mañana,miércoles,distrito 2,0.8,2.0,1.0,28/04/2025
rotación media,"1,60 €",55.0,15.0,4.0,22.0,sí,1.3410831301181272,6351.0,mediodía,miércoles,distrito 2,-99.0,4.0,1.0,02/02/2025
rotación media,"2,05 €",24.0,7.0,11.0,8.0,sí,0.8997135065945274,7920.0,mañana,sábado,distrito 4,2.7,0.0,2.0,07/08/2025
residentes,"2,61 €",35.0,19.0,7.0,92.0,sí,0.8471061102660067,9053.0,mediodía,viernes,distrito 2,3.7,5.0,1.0,29/07/2025
residentes,"1,98 €",39.0,18.0,11.0,71.0,sí,1.3954620151309598,17520.0,mañana,miércoles,distrito 4,1.7,0.0,4.0,20/04/2025
larga estancia,"1,43 €",7.0,4.0,9.0,18.0,no,1.2525142024901337,13376.0,mañana,lunes,distrito 2,2.6,6.0,8.0,31/10/2025
larga estancia,"1,71 €",7.0,9.0,1.0,74.0,sí,0.6355336342518103,9668.0,tarde,viernes,distrito 11,4.5,5.0,1.0,15/07/2025
rotación media,"1,37 €",8.0,1.0,2.0,11.0,sí,0.4948188253781736,17557.0,tarde,martes,distrito 5,2.4,3.0,5.0,09/04/2025
larga estancia,"0,73 €",13.0,12.0,14.0,79.0,sí,1.4349935792416288,5343.0,mañana,miércoles,distrito 2,5.5,2.0,6.0,29/08/2025
alta rotación,"2,14 €",13.0,19.0,9.0,33.0,sí,1.0151613610186634,5208.0,mañana,lunes,distrito 3,2.9,4.0,4.0,21/03/2025
rotación media,"1,50 €",11.0,10.0,4.0,23.0,sí,1.2913903909747095,8764.0,mañana,martes,distrito 11,4.8,1.0,0.0,06/10/2025
rotacion media,"1,00 €",49.0,19.0,6.0,52.0,sí,1.6544651090025202,5540.0,mañana,lunes,distrito 9,2.4,5.0,4.0,10/02/2025
alta rotación,"1,10 €",7.0,25.0,10.0,20.0,sí,1.488222503806455,2206.0,mediodía,sábado,distrito 3,4.2,2.0,8.0,03/09/2025
larga estancia,"1,42 €",53.0,4.0,7.0,139.0,sí,0.5937508757330651,11309.0,tarde,viernes,distrito 8,3.7,2.0,8.0,25/02/2025
rotación media,"2,24 €",37.0,30.0,4.0,75.0,sí,0.8682160482121393,11486.0,mañana,miércoles,distrito 2,3.4,3.0,8.0,02/06/2025
rotación media,"1,85 €",27.0,37.0,4.0,30.0,sí,0.9345120524694515,5203.0,mañana,martes,distrito 11,3.7,1.0,5.0,13/06/2025
rotación media,"1,75 €",19.0,47.0,2.0,124.0,no,1.1555815594144854,7578.0,mediodía,martes,distrito 7,4.9,0.0,2.0,18/08/2025
larga estancia,"2,23 €",28.0,57.0,5.0,52.0,sí,0.888459074313969,17814.0,mañana,lunes,distrito 7,2.9,1.0,5.0,15/03/2025
larga estancia,"2,43 €",56.0,30.0,12.0,40.0,sí,0.9677789878312076,5498.0,mañana,jueves,distrito 9,3.2,6.0,6.0,21/08/2025
alta rotación,"1,70 €",31.0,19.0,3.0,197.0,sí,0.9022783052371045,2745.0,mañana,lunes,distrito 7,-99.0,1.0,4.0,20/05/2025
rotación media,"1,26 €",47.0,28.0,8.0,25.0,sí,0.8786017830215274,9546.0,tarde,lunes,distrito 7,4.4,0.0,5.0,12/06/2025
LARGA ESTANCIA,"1,51 €",9.0,85.0,4.0,134.0,sí,1.477573974984876,4070.0,tarde,martes,distrito 8,3.7,2.0,0.0,25/06/2025
alta rotación,"1,39 €",46.0,36.0,20.0,89.0,sí,1.720525977233116,3860.0,tarde,lunes,distrito 1,4.3,1.0,1.0,01/11/2025
alta rotacion,"1,15 €",14.0,15.0,18.0,197.0,sí,1.4778602924380027,13118.0,tarde,lunes,distrito 1,3.6,5.0,2.0,25/10/2025
rotación media,"2,60 €",49.0,12.0,18.0,62.0,sí,0.5073663933708663,3999.0,mediodía,lunes,distrito 11,2.9,4.0,2.0,19/10/2025
alta rotación,"2,12 €",48.0,12.0,10.0,46.0,no,1.4009921355383539,17885.0,mañana,martes,distrito 3,5.5,2.0,3.0,11/05/2025
residentes,"1,27 €",45.0,15.0,3.0,18.0,sí,0.5631910696632675,2924.0,tarde,sábado,distrito 11,3.1,2.0,7.0,01/10/2025
  larga estancia ,"2,13 €",60.0,31.0,5.0,10.0,sí,0.9864509473838727,10282.0,mañana,viernes,distrito 11,4.9,4.0,2.0,02/02/2025
residentes,"2,81 €",22.0,32.0,3.0,25.0,sí,0.6669266743807596,10263.0,mediodía,sábado,distrito 6,2.2,6.0,3.0,18/05/2025
rotación media,"1,02 €",46.0,30.0,20.0,10.0,sí,1.4261336146067685,5129.0,tarde,viernes,distrito 8,3.7,0.0,5.0,29/09/2025
  residentes ,"1,54 €",10.0,6.0,6.0,138.0,sí,1.02474093370637,12925.0,tarde,sábado,distrito 6,2.8,5.0,7.0,07/10/2025
larga estancia,"1,33 €",11.0,9.0,26.0,56.0,sí,1.3850198069638646,4881.0,tarde,miércoles,distrito 3,4.5,3.0,7.0,07/08/2025
  alta rotación ,"2,46 €",17.0,7.0,2.0,111.0,sí,0.49986612603112013,6095.0,mañana,viernes,distrito 4,4.5,3.0,7.0,24/03/2025
residentes,"2,47 €",36.0,22.0,0.0,32.0,no,0.7660847874468155,19900.0,mañana,viernes,distrito 9,4.3,4.0,7.0,08/09/2025
larga estancia,"2,36 €",49.0,34.0,6.0,52.0,no,1.2536964878505639,25390.0,mediodía,lunes,distrito 9,1.2,4.0,0.0,02/06/2025
alta rotación,"1,29 €",52.0,32.0,8.0,23.0,sí,1.333828173858305,10190.0,tarde,miércoles,distrito 2,2.1,2.0,7.0,15/03/2025
ROTACIÓN MEDIA,"1,65 €",45.0,27.0,40.0,3.0,sí,1.8708635757118515,3592.0,tarde,viernes,distrito 6,4.3,6.0,7.0,10/05/2025
larga estancia,"0,50 €",41.0,6.0,1.0,71.0,sí,0.8118842318355759,8921.0,mañana,viernes,distrito 10,3.9,2.0,1.0,14/01/2025
residentes,"1,45 €",30.0,10.0,7.0,44.0,sí,1.1760284484120869,4872.0,mediodía,martes,distrito 5,2.7,5.0,4.0,09/10/2025
larga estancia,"1,75 €",38.0,17.0,2.0,74.0,sí,0.9160749850764625,8560.0,mañana,lunes,distrito 11,4.3,1.0,2.0,28/01/2025
rotación media,"2,29 €",19.0,12.0,9.0,64.0,no,0.834841495182124,7712.0,mañana,lunes,distrito 3,0.8,1.0,1.0,23/10/2025
larga estancia,"2,00 €",38.0,21.0,19.0,150.0,sí,1.2478706886076143,7026.0,mediodía,miércoles,distrito 1,6.6,5.0,0.0,17/10/2025
alta rotación,"1,88 €",56.0,15.0,13.0,37.0,sí,0.9802192273767751,6320.0,mediodía,sábado,distrito 8,3.0,2.0,2.0,30/10/2025
residentes,"2,34 €",37.0,7.0,4.0,41.0,sí,0.903417803163018,12889.0,mediodía,sábado,distrito 11,3.7,2.0,6.0,24/04/2025
residentes,"1,64 €",23.0,7.0,22.0,40.0,no,1.3090093880891023,6168.0,tarde,jueves,distrito 6,5.4,0.0,6.0,16/03/2025
alta rotacion,"2,09 €",55.0,6.0,2.0,13.0,sí,0.5680569717574696,2509.0,tarde,martes,distrito 5,3.8,1.0,0.0,15/09/2025
residentes,"1,93 €",13.0,10.0,20.0,55.0,sí,1.3230739677717043,9729.0,mediodía,jueves,distrito 8,3.8,1.0,5.0,17/10/2025
rotación media,"0,50 €",35.0,49.0,9.0,95.0,sí,1.5576357526369464,3108.0,mediodía,lunes,distrito 1,2.1,6.0,0.0,01/11/2025
RESIDENTES,"2,28 €",19.0,4.0,3.0,85.0,sí,0.7695569717320067,19922.0,tarde,martes,distrito 3,-99.0,1.0,7.0,07/07/2025
larga estancia,"0,90 €",24.0,31.0,2.0,20.0,sí,1.249819064746943,7647.0,mañana,martes,distrito 7,-99.0,5.0,4.0,14/03/2025
alta rotación,"2,46 €",36.0,8.0,2.0,97.0,no,0.7889083986835808,19753.0,tarde,jueves,distrito 11,0.8,3.0,3.0,30/07/2025
rotación media,"2,76 €",37.0,25.0,24.0,3.0,no,1.2213224284095172,4567.0,mañana,lunes,distrito 11,3.2,0.0,8.0,03/02/2025
larga estancia,"2,71 €",18.0,5.0,17.0,59.0,sí,0.4364530836711362,10528.0,mañana,sábado,distrito 4,-99.0,4.0,8.0,24/06/2025
residentes,"2,22 €",54.0,4.0,1.0,14.0,no,0.9874819648028236,28341.0,mediodía,jueves,distrito 5,3.7,6.0,0.0,14/03/2025
rotación media,"2,93 €",17.0,17.0,2.0,93.0,sí,0.33766826899523955,16810.0,mañana,sábado,distrito 4,0.8,4.0,6.0,02/03/2025
  residentes ,"2,06 €",37.0,16.0,2.0,81.0,no,1.1412681695876825,11311.0,tarde,martes,distrito 7,5.4,6.0,0.0,02/11/2025
rotacion media,"2,05 €",45.0,13.0,24.0,31.0,sí,1.2273907142033105,6221.0,mediodía,lunes,distrito 7,3.0,5.0,8.0,04/09/2025
rotación media,"3,58 €",53.0,64.0,6.0,82.0,no,1.2368773707771061,9774.0,mañana,martes,distrito 11,3.6,3.0,4.0,11/10/2025
larga estancia,"1,94 €",14.0,17.0,4.0,6.0,sí,0.8421342205804021,17104.0,mediodía,martes,distrito 4,3.7,1.0,8.0,30/01/2025
rotación media,"1,98 €",28.0,3.0,7.0,79.0,sí,0.5807787959155741,6915.0,mediodía,viernes,distrito 9,3.0,6.0,1.0,09/05/2025
  larga estancia ,"2,31 €",38.0,4.0,24.0,80.0,sí,0.7872576548855768,6146.0,mediodía,sábado,distrito 6,4.4,6.0,2.0,25/01/2025
rotación media,"4,27 €",32.0,37.0,3.0,49.0,sí,0.6091532152904424,3322.0,mañana,sábado,distrito 2,3.2,6.0,6.0,27/07/2025
rotacion media,"2,40 €",58.0,20.0,8.0,9.0,no,1.4647259121903116,3131.0,mañana,viernes,distrito 2,4.0,0.0,4.0,19/07/2025
alta rotación,"2,55 €",41.0,11.0,15.0,89.0,sí,0.6365740278139561,13584.0,mañana,viernes,distrito 5,-99.0,3.0,4.0,16/09/2025
rotacion media,"1,93 €",29.0,8.0,7.0,54.0,sí,0.8885673894238376,13327.0,mañana,jueves,distrito 6,1.3,3.0,3.0,30/01/2025
rotación media,"2,37 €",20.0,6.0,2.0,9.0,sí,0.27333285312694566,3245.0,mediodía,viernes,distrito 5,4.3,5.0,3.0,21/01/2025
  rotación media ,"1,60 €",18.0,22.0,7.0,86.0,sí,1.0750161899137767,10211.0,mañana,viernes,distrito 10,5.2,0.0,0.0,28/01/2025
  alta rotación ,"1,44 €",34.0,26.0,9.0,5.0,sí,1.630727663748506,22369.0,mañana,martes,distrito 6,4.3,1.0,7.0,21/05/2025
larga estancia,"2,69 €",18.0,6.0,18.0,151.0,sí,0.5709482569381903,3249.0,tarde,martes,distrito 4,1.3,5.0,6.0,22/08/2025
RESIDENTES,"1,42 €",9.0,9.0,29.0,22.0,sí,1.544843116411642,3764.0,tarde,miércoles,distrito 2,3.2,0.0,4.0,06/02/2025
rotación media,"1,23 €",30.0,19.0,2.0,34.0,sí,1.0926170432879208,3152.0,mediodía,sábado,distrito 3,1.9,1.0,3.0,16/06/2025
larga estancia,"2,66 €",32.0,22.0,21.0,36.0,sí,0.9874615148104666,3516.0,tarde,miércoles,distrito 8,1.8,6.0,5.0,30/09/2025
residentes,"1,46 €",18.0,11.0,3.0,11.0,sí,1.042727606462635,8287.0,mañana,miércoles,distrito 8,2.7,1.0,8.0,10/05/2025
larga estancia,"1,96 €",31.0,15.0,3.0,38.0,sí,0.8513733290066436,7906.0,mañana,viernes,distrito 4,3.9,2.0,8.0,06/02/2025
larga estancia,"1,53 €",28.0,46.0,2.0,218.0,no,1.227831005656759,9671.0,mañana,lunes,distrito 10,4.8,0.0,4.0,17/10/2025
larga estancia,"1,94 €",30.0,40.0,0.0,115.0,sí,0.9162541041450307,7740.0,mediodía,miércoles,distrito 2,6.3,2.0,1.0,20/05/2025
residentes,"1,38 €",35.0,7.0,4.0,6.0,sí,1.4602615370200842,2064.0,mediodía,viernes,distrito 4,2.3,3.0,7.0,28/05/2025
  rotación media ,"2,11 €",40.0,7.0,6.0,42.0,sí,0.5824991128393822,10844.0,mediodía,sábado,distrito 2,5.7,2.0,1.0,01/11/2025
alta rotación,"2,66 €",23.0,12.0,30.0,45.0,sí,1.0893637530885276,6624.0,tarde,viernes,distrito 2,3.4,5.0,7.0,18/02/2025
  alta rotación ,"2,25 €",25.0,28.0,12.0,38.0,no,1.0498461040829925,5492.0,tarde,viernes,distrito 10,1.9,6.0,4.0,12/02/2025
rotación media,"2,41 €",51.0,44.0,0.0,69.0,sí,0.342824962921733,10816.0,tarde,miércoles,distrito 6,5.0,5.0,3.0,18/07/2025
larga estancia,"1,31 €",34.0,24.0,4.0,50.0,no,1.4522097897392643,3963.0,mediodía,martes,distrito 9,4.1,0.0,6.0,02/03/2025
  larga estancia ,"1,25 €",18.0,11.0,13.0,34.0,sí,1.2579643411894885,3235.0,mediodía,jueves,distrito 9,4.5,0.0,7.0,09/03/2025
alta rotación,"2,58 €",26.0,32.0,23.0,216.0,sí,0.9312356117688415,6676.0,tarde,lunes,distrito 9,3.1,3.0,4.0,08/03/2025
rotación media,"2,48 €",47.0,9.0,32.0,240.0,no,0.6508088267574634,4187.0,mediodía,martes,distrito 7,4.0,5.0,5.0,01/04/2025
ALTA ROTACIÓN,"2,86 €",34.0,34.0,37.0,70.0,no,1.3422575140348696,8207.0,mediodía,martes,distrito 2,5.2,6.0,7.0,07/06/2025
larga estancia,"1,96 €",8.0,4.0,4.0,3.0,sí,0.6300536609587224,8701.0,tarde,martes,distrito 2,5.5,5.0,4.0,22/05/2025
larga estancia,"2,08 €",8.0,18.0,6.0,71.0,sí,1.008155293114736,4024.0,tarde,viernes,distrito 1,4.0,3.0,0.0,22/03/2025
larga estancia,"2,80 €",55.0,31.0,3.0,23.0,sí,0.7293651246052445,14684.0,mediodía,martes,distrito 1,0.8,4.0,8.0,21/05/2025
rotación media,"2,70 €",10.0,12.0,8.0,66.0,sí,0.9241388200891363,10270.0,mañana,sábado,distrito 2,2.7,0.0,8.0,10/03/2025
rotación media,"2,56 €",53.0,19.0,1.0,57.0,sí,0.7637153203108138,9781.0,tarde,lunes,distrito 1,1.4,2.0,0.0,22/03/2025
rotación media,"2,92 €",13.0,32.0,9.0,47.0,sí,0.8306799132610012,5901.0,mediodía,sábado,distrito 7,2.5,2.0,5.0,09/09/2025
rotación media,"1,57 €",20.0,16.0,6.0,142.0,sí,0.8506680551360253,9387.0,mañana,jueves,distrito 4,4.6,5.0,3.0,06/06/2025
larga estancia,"3,78 €",31.0,9.0,4.0,63.0,sí,0.016283027051677168,5755.0,tarde,lunes,distrito 2,-99.0,3.0,8.0,25/06/2025
alta rotación,"2,40 €",15.0,18.0,11.0,48.0,sí,1.244385728699893,4648.0,mañana,lunes,distrito 1,3.0,3.0,5.0,09/07/2025
larga estancia,"2,47 €",44.0,24.0,9.0,86.0,sí,0.8079371427513232,17516.0,mañana,martes,distrito 7,5.5,0.0,7.0,09/09/2025
larga estancia,"2,75 €",19.0,7.0,2.0,69.0,sí,0.5900235760232414,73782.0,tarde,sábado,distrito 8,3.6,5.0,8.0,20/03/2025
larga estancia,"1,33 €",54.0,35.0,11.0,64.0,no,1.714662795992159,10670.0,mañana,miércoles,distrito 9,3.1,2.0,6.0,23/06/2025
rotación media,"2,35 €",12.0,17.0,18.0,76.0,sí,1.5517760743043656,3432.0,mañana,lunes,distrito 3,3.5,2.0,6.0,05/10/2025
residentes,"1,95 €",54.0,18.0,5.0,13.0,sí,1.1327912190810983,37666.0,mediodía,miércoles,distrito 3,2.5,5.0,3.0,12/07/2025
residentes,"2,46 €",45.0,17.0,4.0,34.0,sí,1.173979685055625,2596.0,mediodía,lunes,distrito 9,0.9,1.0,0.0,07/08/2025
rotación media,"2,18 €",56.0,21.0,2.0,42.0,no,1.0641676051892592,1727.0,mañana,viernes,distrito 2,1.5,0.0,7.0,19/04/2025
rotación media,"2,99 €",8.0,11.0,7.0,74.0,no,1.3390085008156416,14607.0,mañana,martes,distrito 2,3.3,1.0,3.0,17/03/2025
rotación media,"1,99 €",21.0,33.0,5.0,70.0,sí,0.9134399405428907,12723.0,mediodía,jueves,distrito 2,4.0,6.0,7.0,05/05/2025
residentes,"1,98 €",59.0,42.0,5.0,123.0,sí,1.1499782537543979,7308.0,mañana,sábado,distrito 3,3.6,2.0,1.0,03/02/2025
alta rotación,"1,82 €",43.0,30.0,22.0,10.0,sí,1.5384063120883293,4151.0,mañana,viernes,distrito 4,2.2,2.0,6.0,28/09/2025
RESIDENTES,"2,21 €",26.0,2.0,5.0,10.0,no,0.6679709333783013,14885.0,mañana,viernes,distrito 2,3.8,4.0,3.0,01/09/2025
alta rotación,"2,62 €",14.0,48.0,0.0,37.0,sí,0.9759976303456326,14464.0,mediodía,sábado,distrito 3,1.6,5.0,2.0,12/09/2025
rotación media,"0,50 €",39.0,19.0,10.0,66.0,sí,1.466453340578394,3901.0,tarde,jueves,distrito 11,2.5,1.0,4.0,27/02/2025
larga estancia,"2,02 €",54.0,3.0,1.0,33.0,no,0.2388878442629,6929.0,mediodía,lunes,distrito 11,4.2,3.0,1.0,27/02/2025
rotación media,"1,61 €",11.0,19.0,5.0,1.0,no,1.9478369089048235,16461.0,mañana,lunes,distrito 3,-99.0,1.0,6.0,15/05/2025
larga estancia,"3,04 €",30.0,48.0,1.0,52.0,sí,0.671852945501534,3940.0,mañana,lunes,distrito 3,5.5,6.0,2.0,30/05/2025
rotación media,"1,95 €",23.0,24.0,0.0,12.0,sí,0.8065193355230843,17563.0,mañana,sábado,distrito 9,4.6,5.0,0.0,14/09/2025
  larga estancia ,"2,40 €",10.0,47.0,40.0,138.0,no,1.4910917319505272,15444.0,mañana,sábado,distrito 10,0.8,4.0,6.0,05/06/2025
rotación media,"2,21 €",60.0,24.0,14.0,134.0,no,1.2802967390052846,5272.0,mañana,martes,distrito 3,5.4,5.0,0.0,20/07/2025
ROTACIÓN MEDIA,"2,46 €",7.0,25.0,2.0,56.0,sí,0.8083139075415586,9128.0,tarde,sábado,distrito 5,2.4,5.0,7.0,23/02/2025
rotación media,"1,73 €",60.0,3.0,13.0,122.0,sí,1.0497367401358846,5860.0,tarde,martes,distrito 10,4.5,3.0,8.0,24/01/2025
rotación media,"1,83 €",60.0,55.0,6.0,50.0,no,1.8109663042888366,14295.0,tarde,lunes,distrito 11,6.4,1.0,6.0,18/05/2025
larga estancia,"0,89 €",59.0,27.0,7.0,54.0,no,1.802695931523046,3040.0,mañana,jueves,distrito 2,1.4,2.0,4.0,17/07/2025
alta rotación,"2,67 €",19.0,17.0,0.0,112.0,sí,0.2080825914733881,6775.0,tarde,jueves,distrito 10,4.9,5.0,6.0,04/09/2025
alta rotación,"2,89 €",43.0,43.0,24.0,70.0,no,1.4652609472848666,3109.0,mediodía,jueves,distrito 2,0.8,6.0,2.0,30/08/2025
alta rotación,"2,13 €",58.0,45.0,41.0,83.0,no,1.456594799244873,7190.0,tarde,jueves,distrito 3,4.7,3.0,2.0,05/05/2025
residentes,"1,84 €",52.0,17.0,7.0,31.0,sí,1.254188382813559,45495.0,mediodía,viernes,distrito 8,4.8,1.0,2.0,11/05/2025
  alta rotación ,"1,14 €",39.0,15.0,11.0,88.0,no,1.458494540479875,7390.0,mañana,martes,distrito 2,2.9,2.0,7.0,19/02/2025
rotación media,"1,80 €",55.0,7.0,6.0,48.0,sí,0.8891758001315487,15307.0,mediodía,viernes,distrito 1,4.6,6.0,3.0,04/07/2025
  alta rotación ,"1,40 €",11.0,33.0,3.0,168.0,sí,1.4335660306090205,2905.0,mediodía,miércoles,distrito 1,3.8,3.0,8.0,05/08/2025
alta rotación,"2,55 €",52.0,8.0,9.0,36.0,sí,0.7012233460203758,27250.0,mediodía,jueves,distrito 5,2.5,0.0,3.0,31/08/2025
  alta rotación ,"2,80 €",34.0,42.0,15.0,152.0,sí,0.7889161098235874,7763.0,tarde,sábado,distrito 3,1.9,5.0,2.0,07/03/2025
larga estancia,"1,97 €",37.0,13.0,7.0,63.0,no,1.0697479448567664,9330.0,mediodía,miércoles,distrito 8,3.4,0.0,6.0,02/02/2025
larga estancia,"2,12 €",36.0,14.0,7.0,96.0,sí,0.8920222468272349,4825.0,mañana,miércoles,distrito 11,3.2,5.0,1.0,04/08/2025
alta rotación,"0,50 €",15.0,14.0,7.0,9.0,no,1.7249985755182862,31869.0,tarde,martes,distrito 7,0.8,1.0,6.0,28/05/2025
rotación media,"2,07 €",48.0,21.0,13.0,106.0,no,1.1483804389640764,11489.0,mañana,miércoles,distrito 8,2.3,4.0,3.0,21/04/2025
larga estancia,"2,56 €",51.0,3.0,10.0,202.0,no,0.2922369710093528,3028.0,mañana,martes,distrito 7,4.5,3.0,7.0,28/08/2025
residentes,"1,61 €",55.0,10.0,14.0,91.0,sí,0.846837750714589,24325.0,mediodía,miércoles,distrito 5,-99.0,0.0,0.0,20/09/2025
rotación media,"3,06 €",27.0,16.0,3.0,51.0,sí,0.7496392124487581,32069.0,mediodía,viernes,distrito 4,2.1,1.0,2.0,29/03/2025
  rotación media ,"2,51 €",23.0,12.0,10.0,104.0,sí,1.048467329035893,13909.0,mediodía,jueves,distrito 10,2.6,6.0,0.0,03/03/2025
larga estancia,"1,24 €",42.0,25.0,23.0,32.0,no,1.7432969496934472,14881.0,mañana,miércoles,distrito 6,5.1,2.0,5.0,12/04/2025
rotación media,"1,71 €",59.0,18.0,23.0,89.0,no,1.5099581965251048,3227.0,mediodía,martes,distrito 3,3.0,3.0,1.0,10/09/2025
larga estancia,"1,98 €",54.0,29.0,15.0,79.0,sí,1.1575718569687745,6690.0,tarde,viernes,distrito 8,3.2,3.0,5.0,07/09/2025
  alta rotación ,"2,10 €",33.0,45.0,7.0,49.0,sí,1.2024907697963592,11319.0,mañana,viernes,distrito 4,2.3,1.0,0.0,26/10/2025
residentes,"2,55 €",29.0,21.0,3.0,46.0,sí,0.7937173997370515,4599.0,mañana,martes,distrito 1,1.2,0.0,4.0,15/08/2025
alta rotacion,"2,75 €",35.0,28.0,7.0,28.0,sí,1.1325737220794145,5296.0,mañana,martes,distrito 1,3.6,0.0,5.0,18/09/2025
residentes,"1,60 €",10.0,26.0,6.0,102.0,no,1.4224951685888152,8740.0,mañana,jueves,distrito 1,2.7,4.0,4.0,20/07/2025
alta rotación,"2,04 €",13.0,14.0,17.0,45.0,sí,0.9480400806543177,3872.0,mediodía,miércoles,distrito 7,3.4,0.0,1.0,15/09/2025
residentes,"1,75 €",49.0,36.0,15.0,71.0,no,1.3843104872361534,10280.0,mediodía,viernes,distrito 1,2.8,4.0,4.0,02/08/2025
ALTA ROTACIÓN,"3,10 €",29.0,8.0,14.0,217.0,sí,0.4396866009541517,8826.0,mañana,martes,distrito 10,3.6,5.0,4.0,06/04/2025
larga estancia,"1,14 €",10.0,8.0,16.0,6.0,sí,1.3191831968732786,10963.0,mañana,jueves,distrito 2,5.9,6.0,3.0,14/08/2025
alta rotación,"2,20 €",58.0,17.0,1.0,98.0,sí,0.8843101507220475,2964.0,mañana,martes,distrito 11,3.2,0.0,1.0,14/10/2025
  alta rotación ,"2,33 €",18.0,17.0,1.0,128.0,no,0.8278342142714862,13878.0,mañana,sábado,distrito 7,4.8,4.0,5.0,08/06/2025
alta rotación,"3,57 €",20.0,26.0,26.0,2.0,sí,1.3472648936714635,4868.0,tarde,lunes,distrito 2,1.7,4.0,8.0,19/08/2025
larga estancia,"0,69 €",56.0,6.0,9.0,36.0,sí,1.4905764466537732,2706.0,mañana,sábado,distrito 7,0.8,6.0,6.0,27/05/2025
  rotación media ,"2,87 €",27.0,12.0,2.0,45.0,sí,0.23888085401226494,8999.0,mañana,sábado,distrito 7,2.5,5.0,1.0,07/09/2025
larga estancia,"2,03 €",8.0,21.0,30.0,16.0,no,1.268732078707594,5033.0,mediodía,lunes,distrito 7,2.1,1.0,6.0,04/06/2025
  larga estancia ,"1,91 €",26.0,25.0,2.0,60.0,sí,0.9358153495184409,8640.0,tarde,miércoles,distrito 1,4.0,0.0,6.0,08/07/2025
alta rotación,"1,34 €",56.0,12.0,13.0,24.0,sí,1.4194428566302468,5652.0,mañana,sábado,distrito 7,2.3,5.0,1.0,11/01/2025
alta rotacion,"1,71 €",53.0,21.0,22.0,123.0,sí,1.2576465995928368,9823.0,mediodía,viernes,distrito 11,4.5,0.0,7.0,01/09/2025
larga estancia,"2,80 €",30.0,9.0,4.0,43.0,sí,0.5120549206861538,21094.0,mediodía,viernes,distrito 8,5.9,4.0,1.0,15/07/2025
residentes,"3,16 €",15.0,7.0,6.0,114.0,sí,0.46026738737104067,6177.0,tarde,martes,distrito 3,0.8,4.0,8.0,24/08/2025
LARGA ESTANCIA,"1,45 €",28.0,6.0,72.0,28.0,sí,1.3912917551304387,5265.0,tarde,sábado,distrito 3,3.1,3.0,7.0,07/03/2025
rotación media,"1,06 €",8.0,25.0,19.0,111.0,sí,0.9959767031952329,5778.0,mediodía,jueves,distrito 4,4.2,4.0,2.0,30/03/2025
ROTACIÓN MEDIA,"1,57 €",40.0,25.0,9.0,53.0,sí,1.2044080574571288,24044.0,tarde,martes,distrito 1,4.7,3.0,1.0,18/07/2025
larga estancia,"2,05 €",18.0,32.0,1.0,44.0,sí,0.6642435723656741,7027.0,mediodía,lunes,distrito 6,6.3,1.0,8.0,01/08/2025
alta rotación,"2,30 €",14.0,13.0,17.0,54.0,sí,1.2486650329225735,37662.0,mediodía,sábado,distrito 10,4.5,3.0,8.0,21/04/2025
larga estancia,"2,40 €",24.0,41.0,15.0,214.0,sí,0.8330626986724067,9214.0,tarde,martes,distrito 10,2.8,0.0,0.0,02/11/2025
rotación media,"2,45 €",24.0,63.0,10.0,59.0,sí,0.8302024509347796,12893.0,mediodía,viernes,distrito 11,3.1,1.0,1.0,02/05/2025
larga estancia,"1,37 €",60.0,9.0,0.0,57.0,sí,0.510897821878907,6508.0,mediodía,lunes,distrito 11,2.1,4.0,6.0,19/06/2025
alta rotación,"1,88 €",46.0,6.0,5.0,6.0,sí,1.0121617344610998,4060.0,mañana,miércoles,distrito 3,2.8,1.0,5.0,21/06/2025
alta rotación,"1,26 €",20.0,10.0,28.0,44.0,sí,1.5212370435888247,6920.0,mediodía,lunes,distrito 6,4.3,6.0,5.0,12/09/2025
residentes,"2,50 €",37.0,27.0,3.0,31.0,no,1.252796154702779,8855.0,mediodía,jueves,distrito 6,-99.0,6.0,2.0,06/05/2025
LARGA ESTANCIA,"2,35 €",35.0,8.0,23.0,77.0,no,0.9561939182923355,3589.0,mañana,miércoles,distrito 11,-99.0,3.0,8.0,02/06/2025
larga estancia,"2,44 €",27.0,4.0,16.0,54.0,no,0.4511937571577871,6521.0,mediodía,miércoles,distrito 6,4.9,6.0,5.0,27/05/2025
alta rotación,"1,36 €",31.0,38.0,25.0,56.0,no,1.7987858702774246,5147.0,tarde,martes,distrito 9,1.7,2.0,0.0,12/05/2025
larga estancia,"2,08 €",14.0,41.0,4.0,37.0,sí,1.068188495093573,9856.0,tarde,viernes,distrito 2,2.9,3.0,4.0,23/03/2025
residentes,"2,10 €",49.0,21.0,4.0,21.0,no,1.1049965932882855,7613.0,tarde,jueves,distrito 6,3.3,3.0,3.0,01/09/2025
alta rotación,"2,32 €",33.0,27.0,8.0,125.0,sí,1.5132526275058509,5481.0,mediodía,jueves,distrito 5,0.8,4.0,1.0,03/10/2025
alta rotación,"1,54 €",12.0,15.0,39.0,205.0,sí,1.3366647970449004,12331.0,mediodía,sábado,distrito 5,0.8,4.0,3.0,15/08/2025
larga estancia,"1,30 €",53.0,14.0,23.0,8.0,sí,1.3129211768532696,12889.0,mediodía,jueves,distrito 7,1.9,6.0,3.0,15/10/2025
larga estancia,"1,33 €",32.0,25.0,2.0,36.0,sí,1.504147188337908,11851.0,mediodía,miércoles,distrito 7,3.6,2.0,4.0,11/08/2025
alta rotación,"2,58 €",40.0,3.0,8.0,74.0,sí,0.8590812167089954,10551.0,mediodía,martes,distrito 11,4.3,2.0,2.0,22/03/2025
  alta rotación ,"2,27 €",25.0,30.0,9.0,49.0,sí,1.2259182270347326,4893.0,tarde,viernes,distrito 8,3.8,0.0,1.0,06/02/2025
alta rotación,"2,33 €",43.0,7.0,0.0,30.0,sí,0.37723870739161064,9511.0,mañana,sábado,distrito 8,3.9,5.0,8.0,27/07/2025
residentes,"2,31 €",36.0,13.0,32.0,24.0,no,1.6318127588222318,24548.0,mediodía,viernes,distrito 10,4.5,6.0,0.0,06/07/2025
larga estancia,"2,20 €",19.0,4.0,8.0,107.0,no,0.8278365509851573,7699.0,tarde,viernes,distrito 3,3.1,2.0,0.0,26/10/2025
larga estancia,"1,05 €",10.0,28.0,10.0,81.0,sí,0.9981680468618586,17604.0,tarde,lunes,distrito 1,2.9,1.0,8.0,21/06/2025
  rotación media ,"2,19 €",11.0,39.0,2.0,113.0,no,1.2222311412847873,8724.0,tarde,jueves,distrito 4,3.4,0.0,3.0,05/04/2025
LARGA ESTANCIA,"1,36 €",38.0,13.0,3.0,70.0,sí,0.7757015445657252,4492.0,mañana,jueves,distrito 8,1.4,6.0,4.0,15/10/2025
alta rotación,"2,74 €",56.0,52.0,17.0,72.0,sí,1.3796525376271287,3492.0,mañana,miércoles,distrito 9,2.3,0.0,4.0,07/09/2025
residentes,"2,57 €",12.0,19.0,9.0,144.0,no,0.7983781498186538,17163.0,mediodía,lunes,distrito 8,-99.0,3.0,8.0,21/02/2025
larga estancia,"2,13 €",17.0,15.0,5.0,7.0,sí,1.2826519924605329,15886.0,mañana,martes,distrito 8,2.9,1.0,7.0,19/03/2025
rotacion media,"0,88 €",25.0,12.0,0.0,1.0,sí,1.4601903694535079,4973.0,mediodía,viernes,distrito 4,3.8,0.0,3.0,21/06/2025
rotación media,"2,50 €",46.0,10.0,17.0,127.0,no,0.5728202850358769,6747.0,mañana,lunes,distrito 7,4.4,6.0,7.0,30/06/2025
larga estancia,"2,64 €",26.0,10.0,5.0,112.0,sí,0.6968468644146489,31032.0,tarde,sábado,distrito 3,2.6,3.0,0.0,02/03/2025
rotación media,"2,33 €",59.0,42.0,1.0,68.0,sí,0.8040016015098547,6880.0,mediodía,sábado,distrito 8,-99.0,0.0,7.0,05/05/2025
alta rotacion,"1,97 €",25.0,29.0,3.0,81.0,sí,1.3193468805442239,3901.0,mediodía,miércoles,distrito 1,5.3,5.0,4.0,17/03/2025
RESIDENTES,"2,83 €",50.0,25.0,3.0,82.0,sí,0.5426046110611837,9120.0,mediodía,lunes,distrito 4,3.4,6.0,7.0,26/07/2025
residentes,"2,89 €",18.0,14.0,5.0,93.0,no,0.8837084142126471,7251.0,tarde,miércoles,distrito 1,0.8,3.0,8.0,04/02/2025
  rotación media ,"2,69 €",51.0,30.0,15.0,191.0,no,0.8178927814990373,5087.0,mediodía,martes,distrito 5,2.9,3.0,0.0,25/10/2025
rotación media,"2,13 €",6.0,6.0,8.0,47.0,sí,0.7287908208228452,7237.0,tarde,viernes,distrito 8,2.8,0.0,5.0,04/05/2025
residentes,"1,28 €",47.0,19.0,0.0,65.0,no,0.9154047323365071,7556.0,tarde,miércoles,distrito 1,2.0,2.0,8.0,28/10/2025
rotación media,"2,25 €",59.0,49.0,15.0,6.0,sí,1.2344813666230958,10427.0,mañana,martes,distrito 10,-99.0,2.0,6.0,07/09/2025
residentes,"2,93 €",45.0,34.0,4.0,29.0,no,1.2228891781974496,6143.0,tarde,sábado,distrito 1,2.6,5.0,1.0,13/07/2025
rotación media,"2,30 €",15.0,11.0,30.0,148.0,sí,1.0279717382185214,13700.0,tarde,sábado,distrito 7,0.8,3.0,5.0,28/02/2025
larga estancia,"2,23 €",53.0,21.0,10.0,23.0,sí,0.5899311243732108,8117.0,mañana,jueves,distrito 7,4.4,1.0,8.0,29/10/2025
alta rotación,"2,93 €",10.0,52.0,5.0,1.0,sí,1.1149354155944426,5802.0,mañana,viernes,distrito 8,1.7,1.0,3.0,08/04/2025
residentes,"3,11 €",47.0,15.0,40.0,172.0,sí,0.9150211739822892,18101.0,mediodía,viernes,distrito 10,2.6,0.0,1.0,12/10/2025
rotación media,"1,32 €",16.0,14.0,14.0,37.0,sí,1.5477512493579477,20099.0,mañana,miércoles,distrito 1,2.3,1.0,0.0,04/10/2025
larga estancia,"1,11 €",50.0,16.0,5.0,186.0,no,0.6117589144047579,9596.0,mediodía,lunes,distrito 9,4.3,5.0,3.0,17/04/2025
alta rotación,"3,10 €",7.0,12.0,3.0,101.0,no,0.5375807325608388,8737.0,mañana,lunes,distrito 9,3.0,1.0,3.0,27/07/2025
alta rotación,"1,92 €",41.0,30.0,8.0,7.0,sí,1.127504321208584,8446.0,tarde,jueves,distrito 7,4.0,0.0,0.0,17/10/2025
rotación media,"1,46 €",7.0,4.0,2.0,53.0,sí,0.897675019958201,6564.0,mañana,lunes,distrito 10,2.9,5.0,8.0,02/08/2025
rotación media,"1,83 €",56.0,6.0,30.0,34.0,sí,1.2058518756214858,12663.0,mañana,martes,distrito 4,1.6,4.0,7.0,09/10/2025
residentes,"2,28 €",20.0,25.0,13.0,55.0,sí,1.4114070502006553,9194.0,tarde,lunes,distrito 4,4.8,2.0,1.0,04/09/2025
rotacion media,"1,51 €",58.0,27.0,1.0,111.0,sí,1.2588325711241675,4287.0,mañana,miércoles,distrito 2,5.4,0.0,8.0,08/10/2025
rotacion media,"1,56 €",24.0,86.0,14.0,24.0,no,1.952837482821068,14684.0,tarde,jueves,distrito 9,4.5,2.0,1.0,20/02/2025
  alta rotación ,"2,88 €",39.0,35.0,8.0,94.0,no,1.4001605804773716,9719.0,mañana,jueves,distrito 4,2.6,3.0,0.0,02/03/2025
residentes,"0,57 €",35.0,18.0,1.0,84.0,sí,1.399364815465678,3973.0,mediodía,sábado,distrito 3,4.3,1.0,4.0,23/05/2025
rotacion media,"2,10 €",59.0,33.0,6.0,17.0,sí,1.0292512603289388,7473.0,mañana,miércoles,distrito 10,1.2,3.0,8.0,26/07/2025
alta rotación,"1,77 €",38.0,23.0,6.0,96.0,no,1.146377835985891,16624.0,mañana,miércoles,distrito 7,4.1,3.0,8.0,10/02/2025
alta rotación,"2,00 €",15.0,7.0,0.0,2.0,sí,1.3037276753799056,13627.0,tarde,martes,distrito 9,2.5,4.0,3.0,21/09/2025
rotación media,"0,99 €",10.0,4.0,5.0,73.0,sí,0.8096395602078172,4000.0,mañana,jueves,distrito 8,5.4,0.0,3.0,17/04/2025
alta rotacion,"3,08 €",42.0,20.0,10.0,41.0,sí,0.8247072287427543,10500.0,tarde,miércoles,distrito 4,0.8,2.0,6.0,26/04/2025
  larga estancia ,"2,13 €",17.0,44.0,0.0,46.0,sí,0.870860460448614,28281.0,mañana,miércoles,distrito 2,2.6,6.0,7.0,19/04/2025
larga estancia,"1,60 €",21.0,14.0,0.0,34.0,sí,0.5057196742295146,2113.0,mediodía,lunes,distrito 11,2.6,1.0,3.0,13/04/2025
residentes,"1,00 €",29.0,24.0,57.0,63.0,no,1.8606692664162379,4438.0,mañana,viernes,distrito 6,3.3,6.0,4.0,06/06/2025
  residentes ,"0,84 €",23.0,33.0,1.0,61.0,sí,1.3344737814734184,12778.0,mediodía,sábado,distrito 11,1.5,1.0,0.0,27/05/2025
alta rotación,"1,90 €",40.0,11.0,7.0,30.0,sí,1.081843195979405,4492.0,mediodía,viernes,distrito 2,3.0,3.0,3.0,11/06/2025
ROTACIÓN MEDIA,"1,99 €",15.0,24.0,8.0,180.0,sí,1.4359835942173391,3676.0,tarde,lunes,distrito 11,0.8,4.0,6.0,20/05/2025
ALTA ROTACIÓN,"3,18 €",32.0,14.0,25.0,35.0,no,1.2983519748496604,16052.0,mediodía,martes,distrito 9,0.8,4.0,1.0,21/03/2025
rotación media,"1,60 €",18.0,11.0,5.0,93.0,sí,0.9716166562896754,6948.0,mañana,lunes,distrito 1,4.4,3.0,5.0,18/10/2025
rotación media,"1,73 €",7.0,12.0,0.0,25.0,sí,0.4600500727200316,6099.0,mañana,lunes,distrito 8,5.2,6.0,7.0,10/02/2025
alta rotación,"1,42 €",31.0,8.0,16.0,13.0,sí,1.1518002934281342,9324.0,tarde,martes,distrito 11,3.7,3.0,7.0,04/09/2025
  larga estancia ,"2,06 €",50.0,32.0,15.0,18.0,no,1.4790209504928418,6306.0,tarde,jueves,distrito 3,4.0,0.0,6.0,29/09/2025
larga estancia,"2,29 €",60.0,4.0,12.0,46.0,sí,0.4661567277034557,5587.0,mañana,lunes,distrito 4,2.6,4.0,6.0,28/01/2025
rotación media,"3,42 €",20.0,21.0,22.0,198.0,sí,0.2908485569590841,9330.0,mañana,viernes,distrito 3,4.3,1.0,2.0,31/07/2025
alta rotacion,"2,95 €",16.0,50.0,2.0,36.0,sí,0.8278800809374199,11424.0,tarde,sábado,distrito 10,1.8,2.0,0.0,06/06/2025
  rotación media ,"1,86 €",56.0,12.0,16.0,15.0,sí,1.007117468744446,10267.0,tarde,sábado,distrito 9,3.2,0.0,8.0,22/03/2025
larga estancia,"1,33 €",55.0,23.0,1.0,26.0,sí,1.0053299017554889,11436.0,tarde,martes,distrito 4,1.3,1.0,8.0,04/02/2025
alta rotación,"1,01 €",30.0,39.0,7.0,179.0,no,1.7076180720789673,11693.0,mañana,lunes,distrito 3,5.4,2.0,3.0,16/01/2025
larga estancia,"2,13 €",46.0,30.0,23.0,28.0,sí,1.1118290613937778,31434.0,tarde,lunes,distrito 8,4.0,2.0,3.0,02/07/2025
rotación media,"1,83 €",21.0,5.0,13.0,143.0,sí,0.7277771524948186,23557.0,mediodía,miércoles,distrito 6,3.3,1.0,8.0,08/02/2025
rotación media,"1,06 €",24.0,13.0,5.0,93.0,sí,0.830219533520629,8016.0,tarde,martes,distrito 4,-99.0,5.0,2.0,06/06/2025
ROTACIÓN MEDIA,"3,36 €",24.0,26.0,14.0,26.0,sí,1.2504708652847554,20462.0,tarde,jueves,distrito 9,1.8,6.0,4.0,02/02/2025
  alta rotación ,"1,68 €",55.0,32.0,1.0,136.0,sí,1.2854270912801096,15837.0,mediodía,lunes,distrito 10,3.2,4.0,8.0,22/09/2025
rotación media,"2,52 €",34.0,35.0,6.0,143.0,no,1.3950857401015475,10271.0,tarde,martes,distrito 11,6.0,5.0,3.0,15/05/2025
ALTA ROTACIÓN,"3,28 €",21.0,11.0,17.0,13.0,no,0.9295850759345281,15095.0,mediodía,sábado,distrito 9,3.9,0.0,3.0,15/04/2025
larga estancia,"2,27 €",50.0,13.0,14.0,45.0,no,1.3554735343332132,5229.0,tarde,jueves,distrito 3,4.4,2.0,1.0,24/01/2025
larga estancia,"2,40 €",29.0,22.0,12.0,10.0,no,0.9625352964053439,2553.0,mediodía,jueves,distrito 1,1.2,0.0,5.0,27/09/2025
residentes,"2,29 €",28.0,8.0,24.0,19.0,sí,1.0835024495613896,3454.0,tarde,lunes,distrito 7,4.1,4.0,6.0,26/05/2025
rotación media,"2,52 €",15.0,16.0,0.0,64.0,sí,0.6032184825453042,3437.0,mañana,jueves,distrito 2,2.2,5.0,1.0,11/08/2025
rotación media,"2,49 €",24.0,18.0,0.0,14.0,sí,0.31517808231791133,5783.0,tarde,jueves,distrito 8,-99.0,6.0,7.0,07/02/2025
residentes,"2,72 €",23.0,6.0,10.0,64.0,sí,1.1016301303429177,12013.0,mediodía,viernes,distrito 6,2.9,2.0,5.0,22/07/2025
rotación media,"1,47 €",10.0,36.0,5.0,13.0,sí,1.3845485611828383,3991.0,mañana,miércoles,distrito 7,1.5,2.0,8.0,30/01/2025
rotación media,"3,02 €",7.0,9.0,16.0,41.0,no,0.9221364735516824,6573.0,tarde,sábado,distrito 6,4.5,2.0,8.0,22/06/2025
larga estancia,"2,58 €",60.0,13.0,5.0,34.0,sí,0.5479313076710759,12250.0,mañana,martes,distrito 5,-99.0,5.0,4.0,17/05/2025
residentes,"2,94 €",17.0,20.0,1.0,17.0,sí,0.4840638662516392,4733.0,tarde,viernes,distrito 5,0.8,1.0,3.0,28/06/2025
larga estancia,"1,80 €",34.0,28.0,4.0,222.0,sí,0.6582600970017662,16642.0,tarde,lunes,distrito 8,3.3,2.0,4.0,27/08/2025
larga estancia,"1,95 €",18.0,25.0,11.0,57.0,sí,1.0134112209661394,15245.0,mañana,sábado,distrito 5,2.3,1.0,1.0,22/10/2025
LARGA ESTANCIA,"2,46 €",26.0,29.0,3.0,6.0,sí,1.0540529236185674,5855.0,mañana,sábado,distrito 1,3.2,6.0,7.0,23/02/2025
  larga estancia ,"1,68 €",17.0,25.0,3.0,24.0,no,1.0426112036825377,4088.0,mediodía,jueves,distrito 10,3.9,6.0,0.0,03/09/2025
ROTACIÓN MEDIA,"0,99 €",42.0,14.0,1.0,10.0,sí,1.1432114264694793,9941.0,mediodía,sábado,distrito 3,2.6,1.0,1.0,10/02/2025
larga estancia,"0,94 €",12.0,3.0,13.0,60.0,no,1.3027325361293016,7694.0,tarde,jueves,distrito 6,3.0,5.0,2.0,27/07/2025
alta rotación,"1,24 €",48.0,13.0,4.0,34.0,sí,1.2307858998030206,2048.0,mediodía,martes,distrito 6,4.4,6.0,8.0,18/05/2025
larga estancia,"1,60 €",30.0,7.0,10.0,106.0,sí,0.8515286227490686,9617.0,tarde,jueves,distrito 6,2.3,3.0,3.0,10/10/2025
  alta rotación ,"2,14 €",41.0,46.0,2.0,369.0,no,1.4193650179034871,16296.0,tarde,miércoles,distrito 3,3.3,1.0,0.0,24/02/2025
residentes,"2,17 €",60.0,27.0,13.0,460.0,no,0.6098286131022183,2254.0,mañana,lunes,distrito 4,3.3,0.0,3.0,23/04/2025
rotación media,"1,95 €",38.0,12.0,1.0,125.0,no,0.8728923816224265,10475.0,mañana,lunes,distrito 1,4.8,6.0,5.0,08/10/2025
residentes,"2,54 €",23.0,36.0,23.0,175.0,sí,1.213025517819164,5073.0,tarde,lunes,distrito 8,5.3,5.0,5.0,12/01/2025
larga estancia,"1,23 €",46.0,2.0,6.0,34.0,sí,1.101428709411104,10010.0,tarde,sábado,distrito 7,0.8,3.0,7.0,14/10/2025
alta rotación,"1,24 €",20.0,21.0,3.0,30.0,sí,1.437077020053521,7137.0,tarde,jueves,distrito 3,2.4,6.0,0.0,10/02/2025
rotación media,"2,62 €",28.0,5.0,2.0,87.0,sí,0.6438526179777327,5256.0,tarde,miércoles,distrito 1,3.0,1.0,8.0,28/08/2025
alta rotacion,"2,54 €",49.0,41.0,14.0,69.0,no,1.8664244274144377,17894.0,mañana,jueves,distrito 2,2.9,4.0,3.0,08/07/2025
rotación media,"1,86 €",22.0,34.0,0.0,77.0,sí,0.7185591259255769,13872.0,tarde,martes,distrito 4,2.6,4.0,1.0,13/03/2025
residentes,"0,72 €",29.0,8.0,7.0,78.0,sí,1.1924711677832966,8376.0,mañana,miércoles,distrito 10,2.0,2.0,5.0,01/05/2025
rotación media,"1,83 €",37.0,15.0,16.0,47.0,sí,1.0315249233763286,12267.0,mañana,viernes,distrito 10,4.7,2.0,1.0,03/09/2025
  rotación media ,"1,87 €",30.0,7.0,9.0,44.0,sí,0.6022079797786597,16556.0,mañana,miércoles,distrito 5,2.3,2.0,3.0,30/07/2025
  residentes ,"1,29 €",6.0,14.0,5.0,77.0,sí,0.8070461181520041,13522.0,tarde,viernes,distrito 1,2.2,4.0,3.0,16/07/2025
residentes,"1,79 €",37.0,47.0,10.0,63.0,sí,1.634957860002772,18016.0,mediodía,lunes,distrito 3,0.8,0.0,5.0,21/07/2025
larga estancia,"1,21 €",15.0,6.0,35.0,26.0,sí,1.3774971153587665,64254.0,mañana,jueves,distrito 1,1.8,4.0,1.0,14/01/2025
larga estancia,"0,50 €",26.0,77.0,14.0,239.0,sí,1.88313527764944,12169.0,mañana,sábado,distrito 11,-99.0,5.0,5.0,27/08/2025
rotación media,"1,55 €",34.0,36.0,7.0,18.0,no,1.5388222138858714,4516.0,mediodía,martes,distrito 7,3.5,1.0,1.0,06/03/2025
LARGA ESTANCIA,"1,49 €",29.0,8.0,1.0,90.0,no,0.8217161808729538,4016.0,tarde,lunes,distrito 3,2.7,2.0,2.0,14/09/2025
alta rotación,"1,84 €",20.0,65.0,1.0,54.0,sí,1.032646035955069,13880.0,tarde,viernes,distrito 3,2.4,6.0,4.0,26/04/2025
larga estancia,"1,38 €",46.0,18.0,6.0,40.0,sí,1.0426393674386658,12352.0,mañana,sábado,distrito 5,3.5,0.0,6.0,17/07/2025
rotación media,"1,18 €",8.0,5.0,2.0,135.0,sí,0.7478278640182137,19649.0,mañana,martes,distrito 7,-99.0,1.0,6.0,04/10/2025
ROTACIÓN MEDIA,"3,39 €",12.0,17.0,55.0,39.0,no,1.1995826337278268,25341.0,tarde,lunes,distrito 1,4.1,6.0,7.0,09/04/2025
rotación media,"3,53 €",10.0,21.0,4.0,18.0,no,0.8635866688367146,2067.0,mañana,viernes,distrito 5,3.1,3.0,7.0,01/05/2025
alta rotación,"2,17 €",21.0,5.0,18.0,169.0,sí,1.112689868914973,2473.0,mediodía,lunes,distrito 7,1.8,4.0,4.0,10/09/2025
larga estancia,"1,90 €",7.0,22.0,9.0,47.0,sí,1.1486721258501285,9282.0,mañana,viernes,distrito 5,1.7,0.0,3.0,15/09/2025
larga estancia,"2,41 €",22.0,58.0,3.0,21.0,sí,0.7771967579189896,19688.0,mañana,miércoles,distrito 2,1.6,2.0,4.0,22/02/2025
alta rotación,"1,34 €",8.0,33.0,5.0,25.0,sí,1.6534967662776485,41864.0,tarde,martes,distrito 8,2.9,2.0,4.0,02/04/2025
  alta rotación ,"1,30 €",13.0,2.0,20.0,205.0,sí,1.0194230339373158,6428.0,mediodía,viernes,distrito 2,2.8,6.0,3.0,09/10/2025
rotacion media,"3,35 €",48.0,25.0,12.0,212.0,no,1.1169472344612563,9771.0,mañana,miércoles,distrito 5,2.9,2.0,6.0,16/02/2025
residentes,"1,28 €",17.0,22.0,14.0,117.0,sí,1.7730020282169683,2811.0,tarde,miércoles,distrito 8,6.1,6.0,4.0,28/05/2025
rotación media,"3,18 €",55.0,26.0,2.0,11.0,sí,0.5372001850946339,2780.0,tarde,viernes,distrito 6,1.2,0.0,0.0,21/02/2025
rotación media,"2,13 €",28.0,37.0,16.0,34.0,sí,1.0754016784815055,25353.0,tarde,sábado,distrito 9,2.3,1.0,5.0,30/09/2025
rotacion media,"2,81 €",41.0,21.0,8.0,22.0,sí,0.7636300604542728,13592.0,mañana,lunes,distrito 6,4.0,4.0,6.0,17/02/2025
larga estancia,"1,66 €",50.0,27.0,4.0,72.0,sí,0.9605077773239223,8963.0,tarde,jueves,distrito 10,5.0,3.0,4.0,28/05/2025
  rotación media ,"2,14 €",51.0,26.0,6.0,2.0,sí,1.2627902901952486,7770.0,tarde,lunes,distrito 10,4.2,4.0,2.0,22/06/2025
alta rotacion,"2,10 €",37.0,14.0,13.0,54.0,no,1.0869220062594493,10468.0,mañana,lunes,distrito 7,2.4,6.0,3.0,12/02/2025
alta rotación,"1,86 €",57.0,11.0,1.0,31.0,sí,0.8426090659454298,7375.0,mañana,miércoles,distrito 1,4.1,1.0,6.0,21/01/2025
larga estancia,"2,18 €",33.0,45.0,2.0,11.0,no,1.6131793017136675,10260.0,mañana,sábado,distrito 4,3.6,2.0,5.0,22/03/2025
  rotación media ,"3,42 €",30.0,14.0,5.0,35.0,sí,0.826040138450599,4437.0,mediodía,miércoles,distrito 2,1.6,0.0,3.0,27/08/2025
rotación media,"1,42 €",22.0,38.0,4.0,54.0,sí,1.216402403816579,9272.0,tarde,sábado,distrito 9,3.1,1.0,2.0,05/10/2025
residentes,"2,30 €",35.0,2.0,30.0,11.0,sí,0.9634434713239103,2378.0,tarde,martes,distrito 11,2.3,4.0,4.0,04/03/2025
LARGA ESTANCIA,"1,33 €",51.0,19.0,7.0,37.0,sí,0.9180476376370622,7562.0,tarde,viernes,distrito 10,2.1,3.0,2.0,22/06/2025
rotación media,"2,30 €",11.0,9.0,19.0,152.0,sí,0.8544748871872423,20845.0,mediodía,viernes,distrito 9,3.3,6.0,6.0,13/08/2025
RESIDENTES,"1,40 €",48.0,10.0,5.0,23.0,sí,1.102285148492624,7936.0,mediodía,lunes,distrito 3,1.0,2.0,1.0,18/03/2025
larga estancia,"2,77 €",51.0,16.0,7.0,1.0,no,1.273830341100395,6202.0,mañana,martes,distrito 10,4.1,2.0,5.0,04/10/2025
rotación media,"2,78 €",30.0,29.0,2.0,99.0,sí,0.8845142853204462,5718.0,mañana,sábado,distrito 1,3.8,6.0,6.0,02/06/2025
alta rotación,"2,12 €",52.0,5.0,1.0,52.0,sí,0.3241190236157089,3286.0,tarde,martes,distrito 10,5.8,1.0,1.0,05/05/2025
rotación media,"1,89 €",42.0,17.0,7.0,161.0,sí,1.0778972512052305,10725.0,mediodía,sábado,distrito 2,3.6,6.0,1.0,13/06/2025
LARGA ESTANCIA,"1,25 €",55.0,17.0,8.0,75.0,sí,1.2279547969030011,8912.0,mediodía,viernes,distrito 2,3.5,1.0,7.0,22/02/2025
ALTA ROTACIÓN,"3,54 €",37.0,35.0,8.0,112.0,sí,0.5811929039706702,6534.0,mañana,sábado,distrito 7,7.7,0.0,6.0,19/05/2025
residentes,"2,10 €",46.0,16.0,21.0,34.0,sí,0.9644702087126286,6590.0,tarde,jueves,distrito 1,4.2,1.0,4.0,23/10/2025
rotacion media,"2,20 €",23.0,44.0,2.0,99.0,sí,0.7994599427331577,5270.0,mediodía,viernes,distrito 4,4.4,1.0,8.0,24/02/2025
residentes,"1,86 €",43.0,16.0,5.0,66.0,sí,1.3408811690359905,6671.0,mediodía,sábado,distrito 5,4.5,3.0,7.0,03/07/2025
rotación media,"1,94 €",53.0,14.0,7.0,92.0,sí,0.809797841995262,6133.0,mañana,miércoles,distrito 8,3.6,5.0,5.0,25/05/2025
LARGA ESTANCIA,"2,77 €",15.0,24.0,5.0,23.0,sí,0.9309682761757281,3839.0,mañana,miércoles,distrito 7,4.7,5.0,8.0,15/03/2025
rotación media,"2,07 €",40.0,7.0,9.0,133.0,sí,0.7849787053629261,5837.0,tarde,viernes,distrito 8,2.3,0.0,7.0,08/02/2025
alta rotación,"2,04 €",24.0,6.0,3.0,9.0,sí,0.9488194444516804,11307.0,mediodía,viernes,distrito 7,5.2,6.0,5.0,26/04/2025
residentes,"1,85 €",53.0,7.0,2.0,49.0,sí,0.9020712643383184,11725.0,tarde,lunes,distrito 10,0.8,5.0,1.0,18/04/2025
rotación media,"1,45 €",42.0,44.0,2.0,67.0,sí,1.4607711032018462,41749.0,mañana,martes,distrito 11,0.9,0.0,8.0,25/03/2025
  rotación media ,"3,08 €",32.0,43.0,31.0,75.0,sí,0.8750317863942809,15120.0,mediodía,miércoles,distrito 1,3.2,4.0,8.0,04/08/2025
residentes,"0,88 €",39.0,47.0,10.0,30.0,sí,1.8855135611651814,7878.0,mediodía,viernes,distrito 1,3.3,3.0,0.0,29/01/2025
  rotación media ,"1,47 €",53.0,23.0,2.0,21.0,sí,0.9859805137226187,9868.0,mediodía,lunes,distrito 10,2.2,4.0,2.0,07/09/2025
residentes,"1,57 €",24.0,11.0,25.0,85.0,sí,1.0818173868285954,6204.0,mediodía,sábado,distrito 3,-99.0,3.0,5.0,15/02/2025
alta rotación,"1,40 €",50.0,41.0,6.0,41.0,sí,1.5845965512148155,8601.0,mediodía,lunes,distrito 6,5.9,2.0,2.0,10/10/2025
rotación media,"2,36 €",23.0,13.0,3.0,34.0,no,0.9034903306535438,4473.0,mediodía,viernes,distrito 6,3.6,6.0,0.0,24/01/2025
alta rotacion,"2,80 €",12.0,13.0,27.0,124.0,sí,0.45148054794767534,12848.0,mediodía,sábado,distrito 11,3.7,1.0,8.0,21/02/2025
rotación media,"2,51 €",21.0,51.0,1.0,79.0,no,0.8986072601599078,12847.0,mañana,jueves,distrito 11,4.6,4.0,4.0,18/02/2025
residentes,"2,80 €",38.0,10.0,3.0,145.0,no,0.7279661491182668,11489.0,mañana,martes,distrito 3,3.8,5.0,4.0,31/05/2025
residentes,"2,66 €",9.0,5.0,1.0,59.0,sí,0.6791140255428374,6267.0,tarde,martes,distrito 6,0.8,1.0,5.0,02/04/2025
residentes,"1,10 €",46.0,43.0,6.0,81.0,sí,1.7876195973250018,14464.0,mañana,miércoles,distrito 4,5.3,2.0,7.0,26/04/2025
alta rotación,"3,03 €",22.0,9.0,25.0,42.0,sí,0.5053074349290652,6185.0,mediodía,lunes,distrito 1,5.2,2.0,3.0,02/08/2025
LARGA ESTANCIA,"3,49 €",38.0,6.0,14.0,5.0,no,0.5154872805942861,9709.0,mediodía,miércoles,distrito 11,3.9,4.0,0.0,02/11/2025
ALTA ROTACIÓN,"1,43 €",39.0,32.0,8.0,36.0,sí,1.5803642024554176,8000.0,tarde,sábado,distrito 10,4.9,1.0,2.0,26/05/2025
alta rotación,"2,14 €",11.0,11.0,1.0,37.0,sí,0.7063760942028974,11778.0,tarde,viernes,distrito 10,0.8,0.0,1.0,13/03/2025
  larga estancia ,"3,16 €",48.0,17.0,12.0,168.0,sí,0.41049264448440814,9705.0,mañana,sábado,distrito 7,4.2,6.0,4.0,16/07/2025
alta rotación,"2,70 €",10.0,39.0,17.0,138.0,sí,1.0243735970075165,3802.0,tarde,viernes,distrito 3,1.8,3.0,2.0,17/08/2025
  rotación media ,"2,09 €",52.0,20.0,13.0,117.0,sí,1.0189747400380724,12448.0,mediodía,viernes,distrito 8,4.5,3.0,1.0,29/05/2025
alta rotación,"2,54 €",53.0,9.0,5.0,13.0,no,0.7738371260846767,14425.0,mañana,lunes,distrito 3,5.6,1.0,5.0,22/09/2025
alta rotación,"2,06 €",10.0,44.0,20.0,17.0,sí,1.454279886675344,3828.0,mañana,jueves,distrito 2,1.6,2.0,5.0,12/01/2025
alta rotación,"3,22 €",32.0,42.0,0.0,50.0,sí,0.5205945659748117,19124.0,tarde,miércoles,distrito 4,4.4,1.0,2.0,05/10/2025
alta rotación,"1,58 €",40.0,16.0,5.0,8.0,sí,1.1320659721456408,28561.0,mañana,lunes,distrito 6,5.1,1.0,7.0,20/09/2025
residentes,"1,82 €",51.0,29.0,7.0,5.0,sí,1.199649820325124,12609.0,mañana,jueves,distrito 1,3.4,2.0,7.0,25/04/2025
residentes,"2,56 €",19.0,13.0,7.0,25.0,no,0.9053475922616098,5449.0,tarde,viernes,distrito 4,4.8,5.0,1.0,07/05/2025
larga estancia,"1,06 €",10.0,41.0,6.0,57.0,sí,0.8431940175211944,11731.0,tarde,sábado,distrito 5,-99.0,5.0,0.0,09/03/2025
larga estancia,"3,21 €",37.0,31.0,14.0,46.0,sí,0.6141687883143577,6440.0,tarde,martes,distrito 9,3.9,3.0,5.0,20/01/2025
rotacion media,"2,27 €",53.0,45.0,3.0,171.0,sí,1.0201950773861745,7101.0,mediodía,miércoles,distrito 1,4.9,1.0,4.0,28/10/2025
rotación media,"2,13 €",57.0,13.0,6.0,395.0,sí,1.0824159198391412,18208.0,mañana,lunes,distrito 5,1.4,4.0,1.0,11/09/2025
ROTACIÓN MEDIA,"1,70 €",30.0,42.0,8.0,15.0,no,1.3288629476235598,9285.0,mañana,miércoles,distrito 5,-99.0,1.0,4.0,20/06/2025
rotación media,"0,82 €",45.0,4.0,1.0,49.0,sí,0.9247125801418535,3418.0,mañana,martes,distrito 5,2.0,6.0,7.0,07/03/2025
rotación media,"1,69 €",25.0,16.0,15.0,33.0,sí,0.7579613802252563,4408.0,mañana,martes,distrito 2,2.7,2.0,2.0,21/09/2025
rotación media,"1,82 €",50.0,17.0,3.0,176.0,sí,0.8780895959834503,6122.0,tarde,sábado,distrito 7,1.5,1.0,1.0,06/07/2025
ALTA ROTACIÓN,"1,98 €",29.0,19.0,0.0,66.0,sí,0.3809867409580572,4141.0,mañana,martes,distrito 8,2.9,6.0,5.0,28/02/2025
larga estancia,"0,91 €",37.0,67.0,5.0,19.0,sí,1.574038101202197,8309.0,mediodía,sábado,distrito 4,3.9,2.0,4.0,24/07/2025
ALTA ROTACIÓN,"2,93 €",19.0,4.0,12.0,1.0,sí,1.0398495530849248,6617.0,mediodía,sábado,distrito 5,2.8,6.0,4.0,20/04/2025
rotación media,"1,53 €",47.0,13.0,2.0,61.0,sí,0.6957844430784248,5939.0,tarde,viernes,distrito 11,5.1,0.0,4.0,29/04/2025
  alta rotación ,"1,49 €",31.0,19.0,5.0,14.0,sí,1.14725879054203,7971.0,mañana,miércoles,distrito 9,-99.0,3.0,0.0,24/03/2025
residentes,"2,69 €",44.0,4.0,13.0,58.0,sí,0.4444812236324381,5675.0,mañana,martes,distrito 1,6.4,5.0,5.0,27/02/2025
alta rotación,"2,04 €",42.0,11.0,5.0,21.0,sí,1.3192934912355454,10666.0,mediodía,lunes,distrito 10,4.1,5.0,8.0,22/05/2025
rotación media,"1,45 €",60.0,22.0,8.0,26.0,no,1.1265836366849564,5271.0,mañana,sábado,distrito 11,5.8,1.0,4.0,29/03/2025
larga estancia,"2,14 €",51.0,15.0,16.0,36.0,sí,1.0966245695727466,29634.0,tarde,lunes,distrito 3,0.8,5.0,2.0,30/09/2025
alta rotación,"2,79 €",50.0,7.0,32.0,67.0,sí,0.7084873989970761,20297.0,tarde,sábado,distrito 5,5.2,3.0,5.0,04/02/2025
larga estancia,"2,11 €",31.0,12.0,18.0,29.0,sí,0.8054285541557441,7599.0,mañana,sábado,distrito 11,2.9,2.0,6.0,02/08/2025
rotacion media,"1,78 €",8.0,13.0,5.0,15.0,sí,0.9277999216808643,25644.0,mañana,miércoles,distrito 3,2.1,0.0,7.0,20/07/2025
alta rotación,"2,33 €",25.0,43.0,2.0,46.0,sí,0.7326089835645264,9755.0,tarde,miércoles,distrito 4,3.8,2.0,7.0,06/08/2025
larga estancia,"3,80 €",50.0,33.0,6.0,187.0,no,0.5439118731723671,4009.0,mañana,lunes,distrito 6,0.9,3.0,3.0,14/03/2025
rotación media,"2,52 €",34.0,14.0,0.0,92.0,sí,0.6408374356021374,13726.0,mañana,sábado,distrito 8,3.2,0.0,4.0,16/07/2025
alta rotación,"2,58 €",48.0,64.0,16.0,149.0,sí,1.0308634163232369,11497.0,mediodía,sábado,distrito 3,5.1,2.0,0.0,16/02/2025
residentes,"2,43 €",50.0,9.0,3.0,32.0,sí,0.7371880301330322,10966.0,tarde,jueves,distrito 3,4.6,6.0,1.0,25/10/2025
residentes,"2,23 €",14.0,48.0,1.0,23.0,sí,1.0741015266911966,2729.0,tarde,sábado,distrito 5,4.6,0.0,4.0,08/08/2025
residentes,"0,73 €",15.0,55.0,20.0,36.0,no,2.064572302810935,5578.0,mediodía,viernes,distrito 5,3.2,5.0,7.0,30/08/2025
larga estancia,"2,52 €",43.0,7.0,12.0,120.0,sí,0.9083516930094235,32147.0,mañana,viernes,distrito 2,2.7,6.0,5.0,04/02/2025
rotación media,"1,39 €",32.0,21.0,1.0,73.0,sí,1.267043343995514,3390.0,mediodía,lunes,distrito 2,5.3,1.0,3.0,09/01/2025
larga estancia,"1,67 €",45.0,23.0,7.0,37.0,sí,1.069404863763089,27700.0,mañana,sábado,distrito 4,0.8,1.0,7.0,28/04/2025
rotación media,"3,16 €",28.0,14.0,6.0,96.0,sí,0.6778623308337973,27949.0,mediodía,lunes,distrito 8,4.2,6.0,1.0,08/10/2025
larga estancia,"2,21 €",60.0,9.0,5.0,35.0,no,0.6490018327784561,6633.0,mañana,martes,distrito 7,3.3,4.0,1.0,06/03/2025
rotación media,"2,50 €",18.0,11.0,3.0,33.0,sí,0.6594737280796051,6645.0,tarde,viernes,distrito 2,-99.0,3.0,1.0,24/07/2025
larga estancia,"2,37 €",52.0,2.0,6.0,64.0,sí,0.29347285654486044,8165.0,mañana,sábado,distrito 4,4.4,1.0,0.0,08/09/2025
  larga estancia ,"2,20 €",44.0,11.0,33.0,170.0,sí,0.7123900552365343,7403.0,mañana,miércoles,distrito 9,2.9,2.0,8.0,16/08/2025
rotación media,"3,14 €",39.0,12.0,3.0,23.0,no,0.8261546352181329,9113.0,tarde,jueves,distrito 4,4.2,0.0,6.0,19/10/2025
larga estancia,"1,36 €",36.0,22.0,12.0,49.0,sí,1.0410584448741302,12400.0,mediodía,lunes,distrito 7,-99.0,5.0,1.0,23/09/2025
larga estancia,"2,07 €",55.0,53.0,3.0,123.0,sí,0.6966326155621638,8542.0,tarde,miércoles,distrito 3,3.7,6.0,2.0,09/04/2025
residentes,"2,31 €",9.0,8.0,9.0,55.0,sí,1.21939149338287,73009.0,mediodía,jueves,distrito 4,1.2,6.0,7.0,14/06/2025
alta rotación,"2,56 €",35.0,23.0,2.0,48.0,sí,0.5002950516510097,4205.0,mediodía,sábado,distrito 11,2.0,4.0,0.0,08/08/2025
  rotación media ,"1,51 €",29.0,12.0,3.0,42.0,sí,0.9962420159216341,8276.0,tarde,martes,distrito 6,4.4,1.0,4.0,14/06/2025
rotación media,"2,71 €",33.0,46.0,2.0,61.0,no,0.7975893530968956,5431.0,tarde,martes,distrito 2,2.9,1.0,7.0,08/03/2025
alta rotación,"1,22 €",42.0,20.0,8.0,34.0,sí,1.3535961479266747,9298.0,tarde,lunes,distrito 9,0.8,5.0,2.0,22/03/2025
residentes,"2,31 €",36.0,19.0,13.0,50.0,sí,1.1040355226442502,10166.0,tarde,martes,distrito 3,1.7,2.0,3.0,04/10/2025
ALTA ROTACIÓN,"0,50 €",54.0,13.0,3.0,31.0,no,1.8267876794037903,9309.0,mañana,jueves,distrito 9,0.8,3.0,3.0,27/10/2025
  residentes ,"1,74 €",27.0,17.0,1.0,78.0,sí,0.7148752246698153,8622.0,mañana,lunes,distrito 4,0.8,5.0,5.0,23/10/2025
residentes,"2,64 €",60.0,15.0,13.0,68.0,sí,0.6869706354359439,18108.0,mediodía,jueves,distrito 5,4.0,0.0,6.0,23/02/2025
rotación media,"2,38 €",15.0,8.0,14.0,45.0,sí,0.9054955844958836,2639.0,mañana,viernes,distrito 4,-99.0,6.0,1.0,12/09/2025
rotación media,"2,32 €",8.0,34.0,3.0,43.0,sí,0.8591365346048718,4978.0,tarde,martes,distrito 6,2.5,0.0,3.0,08/04/2025
rotación media,"2,29 €",14.0,18.0,8.0,71.0,sí,1.3513160510063074,5528.0,mediodía,sábado,distrito 9,2.4,4.0,3.0,28/02/2025
  residentes ,"2,67 €",46.0,7.0,4.0,37.0,sí,0.5570633013421524,12480.0,mediodía,martes,distrito 3,3.4,3.0,7.0,08/05/2025
rotación media,"1,86 €",53.0,7.0,6.0,141.0,sí,1.0187766049277491,8967.0,mediodía,viernes,distrito 3,-99.0,4.0,0.0,20/03/2025
  rotación media ,"2,52 €",14.0,16.0,8.0,53.0,sí,0.9535420631533446,4793.0,mañana,martes,distrito 8,1.1,2.0,2.0,17/04/2025
alta rotación,"1,47 €",44.0,38.0,18.0,73.0,sí,1.41994686530745,4436.0,tarde,sábado,distrito 8,1.8,5.0,4.0,09/03/2025
rotación media,"2,03 €",48.0,28.0,11.0,78.0,no,1.1119374127820887,6874.0,mediodía,lunes,distrito 9,2.8,6.0,2.0,20/06/2025
larga estancia,"1,37 €",20.0,64.0,6.0,17.0,sí,1.262956400004538,2831.0,mediodía,miércoles,distrito 11,3.7,1.0,8.0,28/03/2025
alta rotación,"0,67 €",58.0,17.0,18.0,131.0,no,1.5718980221252425,3758.0,tarde,martes,distrito 6,6.0,6.0,8.0,22/04/2025
  rotación media ,"1,01 €",49.0,12.0,11.0,9.0,no,1.923275082449883,5931.0,mañana,viernes,distrito 4,2.4,1.0,5.0,07/09/2025
rotación media,"3,10 €",23.0,20.0,0.0,39.0,sí,0.08633923373917601,2893.0,mediodía,lunes,distrito 9,-99.0,3.0,8.0,29/03/2025
residentes,"2,79 €",20.0,14.0,6.0,27.0,sí,0.9273281203862422,11332.0,mañana,lunes,distrito 9,5.3,1.0,4.0,23/04/2025
larga estancia,"2,42 €",8.0,41.0,7.0,7.0,no,1.1007909932311588,11053.0,tarde,sábado,distrito 2,1.3,4.0,8.0,24/09/2025
  alta rotación ,"3,06 €",22.0,12.0,3.0,38.0,sí,0.6822904386032739,6870.0,mañana,sábado,distrito 4,4.0,3.0,3.0,20/02/2025
residentes,"3,61 €",55.0,5.0,6.0,203.0,no,0.4076138503900728,5845.0,mediodía,martes,distrito 11,3.5,4.0,1.0,01/11/2025
residentes,"2,61 €",21.0,16.0,8.0,64.0,no,1.4035862855010195,10570.0,tarde,sábado,distrito 3,4.3,0.0,5.0,11/07/2025
alta rotación,"2,98 €",55.0,43.0,24.0,17.0,sí,1.2538300518279393,9679.0,tarde,sábado,distrito 10,4.5,1.0,2.0,10/08/2025
LARGA ESTANCIA,"2,63 €",32.0,46.0,8.0,68.0,sí,1.0132134736294216,3560.0,mediodía,sábado,distrito 5,3.1,6.0,6.0,15/09/2025
larga estancia,"2,61 €",11.0,26.0,7.0,41.0,sí,0.825334897522301,10470.0,mañana,lunes,distrito 1,2.0,0.0,1.0,02/03/2025
rotación media,"2,45 €",24.0,4.0,15.0,18.0,sí,0.42687501643701925,12682.0,mediodía,jueves,distrito 7,2.9,3.0,7.0,15/04/2025
residentes,"2,50 €",53.0,15.0,6.0,76.0,no,0.7932724792297484,4239.0,mañana,martes,distrito 5,4.5,3.0,2.0,05/07/2025
larga estancia,"2,31 €",11.0,22.0,26.0,92.0,no,1.25461765728022,8064.0,tarde,lunes,distrito 11,3.8,2.0,4.0,27/10/2025
alta rotación,"2,90 €",45.0,7.0,22.0,30.0,sí,0.5356627755074181,5983.0,mañana,martes,distrito 7,3.2,4.0,0.0,11/02/2025
alta rotacion,"1,55 €",9.0,10.0,10.0,25.0,no,1.2910191659719048,17032.0,mañana,sábado,distrito 5,3.0,3.0,7.0,17/01/2025
rotación media,"1,81 €",54.0,48.0,1.0,44.0,sí,1.040698300596915,7206.0,tarde,sábado,distrito 7,4.3,2.0,1.0,13/08/2025
LARGA ESTANCIA,"2,15 €",13.0,31.0,3.0,129.0,sí,1.02195268690522,24085.0,mediodía,miércoles,distrito 4,4.8,6.0,6.0,25/03/2025
alta rotación,"2,40 €",54.0,21.0,9.0,54.0,sí,0.6976357071371291,5890.0,mediodía,martes,distrito 8,2.0,3.0,4.0,04/08/2025
rotación media,"1,38 €",10.0,4.0,11.0,59.0,sí,0.9153335832745925,12340.0,mañana,jueves,distrito 2,2.2,5.0,4.0,06/10/2025
larga estancia,"2,49 €",27.0,11.0,4.0,29.0,no,0.7881384584717733,9372.0,tarde,sábado,distrito 4,3.9,1.0,6.0,12/01/2025
  rotación media ,"1,75 €",8.0,37.0,4.0,60.0,sí,1.2261437850456962,4921.0,mañana,lunes,distrito 5,4.4,5.0,3.0,21/05/2025
larga estancia,"0,91 €",39.0,28.0,1.0,121.0,no,1.4438048574347842,5802.0,mañana,lunes,distrito 6,4.0,5.0,7.0,11/09/2025
alta rotación,"1,94 €",40.0,47.0,1.0,22.0,no,1.4472108689690055,9546.0,mañana,sábado,distrito 6,6.0,5.0,4.0,05/02/2025
rotación media,"2,20 €",6.0,20.0,13.0,46.0,no,1.4617266297270453,32925.0,mañana,jueves,distrito 6,4.5,3.0,3.0,28/03/2025
larga estancia,"1,88 €",42.0,32.0,7.0,48.0,sí,0.9789720743813651,19219.0,mañana,miércoles,distrito 4,5.2,3.0,6.0,21/10/2025
  residentes ,"2,65 €",14.0,29.0,9.0,105.0,sí,0.6890389075241197,12785.0,mediodía,lunes,distrito 10,5.1,4.0,8.0,11/10/2025
alta rotación,"2,02 €",15.0,43.0,6.0,145.0,sí,0.9797915263833826,32027.0,mañana,sábado,distrito 7,1.6,2.0,5.0,03/04/2025
ALTA ROTACIÓN,"3,04 €",11.0,0.0,7.0,54.0,no,0.30521856411908366,3324.0,mediodía,viernes,distrito 7,1.2,3.0,4.0,05/02/2025
residentes,"1,58 €",58.0,30.0,22.0,39.0,sí,1.621347637266225,10783.0,mediodía,lunes,distrito 3,1.8,5.0,1.0,21/02/2025
alta rotación,"1,88 €",29.0,19.0,0.0,127.0,sí,1.0878158567653449,1744.0,tarde,jueves,distrito 1,1.6,6.0,7.0,29/04/2025
residentes,"1,05 €",56.0,3.0,13.0,172.0,no,0.8406459908693475,10114.0,mañana,jueves,distrito 6,3.5,5.0,8.0,14/06/2025
LARGA ESTANCIA,"3,04 €",58.0,14.0,11.0,77.0,sí,0.8831590639009628,13794.0,tarde,miércoles,distrito 9,2.7,6.0,1.0,29/06/2025
larga estancia,"1,56 €",31.0,4.0,15.0,90.0,sí,1.1613674477926486,7801.0,mediodía,sábado,distrito 5,4.4,5.0,7.0,06/07/2025
larga estancia,"1,74 €",29.0,10.0,13.0,46.0,sí,1.2686947232559629,16777.0,mediodía,martes,distrito 7,4.5,1.0,4.0,09/05/2025
larga estancia,"1,86 €",52.0,25.0,9.0,38.0,no,1.332706173796157,2742.0,tarde,viernes,distrito 10,3.5,6.0,0.0,29/04/2025
  alta rotación ,"1,30 €",6.0,1.0,7.0,49.0,sí,1.0343916165493645,8121.0,mediodía,sábado,distrito 4,3.8,1.0,0.0,08/01/2025
larga estancia,"2,23 €",22.0,18.0,7.0,71.0,sí,0.463142428509119,7128.0,tarde,lunes,distrito 8,1.1,0.0,3.0,12/10/2025
residentes,"2,46 €",40.0,3.0,16.0,49.0,sí,0.6843284892885267,7713.0,tarde,viernes,distrito 7,2.6,6.0,0.0,02/11/2025
larga estancia,"2,05 €",24.0,1.0,3.0,292.0,sí,0.3494732921134063,14473.0,mañana,miércoles,distrito 1,6.0,5.0,3.0,08/01/2025
alta rotacion,"0,91 €",49.0,33.0,17.0,26.0,sí,1.6914056435523988,4709.0,mañana,miércoles,distrito 3,4.2,5.0,2.0,14/07/2025
ALTA ROTACIÓN,"1,30 €",31.0,4.0,7.0,78.0,sí,0.9952374938661587,5048.0,tarde,lunes,distrito 5,2.8,6.0,5.0,06/08/2025
larga estancia,"2,93 €",55.0,36.0,1.0,3.0,sí,0.4028565764156411,5618.0,mañana,jueves,distrito 10,1.1,6.0,6.0,06/02/2025
RESIDENTES,"2,73 €",25.0,70.0,3.0,65.0,sí,1.1785948206621564,12884.0,mediodía,sábado,distrito 3,2.8,0.0,2.0,05/07/2025
alta rotación,"2,58 €",60.0,36.0,8.0,224.0,no,1.1065159445194113,2830.0,tarde,jueves,distrito 7,2.5,6.0,1.0,19/07/2025
ALTA ROTACIÓN,"0,99 €",30.0,8.0,23.0,120.0,sí,1.4207337461108718,4429.0,tarde,miércoles,distrito 9,3.8,3.0,7.0,10/07/2025
rotación media,"1,82 €",19.0,29.0,5.0,9.0,sí,0.9600235804846311,17727.0,mediodía,martes,distrito 11,1.9,6.0,2.0,12/06/2025
residentes,"2,20 €",23.0,23.0,12.0,6.0,sí,0.9618392962401978,3167.0,mañana,jueves,distrito 11,1.1,1.0,0.0,23/08/2025
alta rotación,"3,05 €",36.0,8.0,10.0,80.0,no,0.8855974355018883,14042.0,mañana,viernes,distrito 5,1.8,0.0,3.0,08/10/2025
  alta rotación ,"2,32 €",7.0,45.0,1.0,52.0,sí,0.8532704760874511,7450.0,tarde,jueves,distrito 7,4.5,5.0,1.0,27/09/2025
ALTA ROTACIÓN,"2,91 €",54.0,55.0,11.0,38.0,sí,0.9717195299511492,7544.0,mediodía,jueves,distrito 7,4.2,6.0,8.0,19/02/2025
residentes,"0,94 €",20.0,5.0,10.0,85.0,no,1.2624857371611526,3039.0,tarde,jueves,distrito 5,0.8,6.0,3.0,10/05/2025
alta rotación,"2,46 €",15.0,7.0,18.0,67.0,no,0.7427053915331248,22069.0,tarde,martes,distrito 9,4.1,1.0,2.0,18/03/2025
larga estancia,"1,91 €",49.0,1.0,1.0,110.0,sí,0.05135270292715824,5291.0,mañana,lunes,distrito 1,3.0,3.0,5.0,09/08/2025
ROTACIÓN MEDIA,"1,54 €",26.0,38.0,5.0,27.0,sí,1.5987574804169042,5543.0,mañana,jueves,distrito 2,2.3,0.0,5.0,14/05/2025
  rotación media ,"1,91 €",17.0,9.0,3.0,28.0,no,0.9512062690763803,11910.0,tarde,viernes,distrito 11,0.8,0.0,1.0,26/07/2025
larga estancia,"1,49 €",34.0,0.0,6.0,38.0,sí,0.5321245567679249,18040.0,mañana,martes,distrito 10,0.8,0.0,6.0,06/05/2025
larga estancia,"2,40 €",58.0,16.0,24.0,128.0,sí,0.5544893991601041,2484.0,tarde,sábado,distrito 6,2.5,4.0,0.0,19/08/2025
larga estancia,"3,05 €",39.0,28.0,22.0,124.0,no,0.8925158904573683,14091.0,mediodía,miércoles,distrito 5,3.0,4.0,6.0,24/06/2025
larga estancia,"1,29 €",7.0,11.0,0.0,11.0,sí,1.195839055788318,3344.0,tarde,miércoles,distrito 6,4.9,6.0,5.0,31/10/2025
alta rotación,"4,22 €",23.0,36.0,31.0,115.0,sí,0.23948749229410082,5628.0,tarde,sábado,distrito 9,4.6,2.0,4.0,14/10/2025
larga estancia,"1,12 €",40.0,13.0,6.0,77.0,sí,0.8657911957573323,4069.0,mañana,viernes,distrito 6,3.9,2.0,5.0,14/06/2025
  alta rotación ,"2,74 €",58.0,4.0,20.0,109.0,no,0.8879311535817681,2907.0,mediodía,martes,distrito 1,-99.0,5.0,5.0,27/03/2025
residentes,"1,70 €",9.0,60.0,0.0,81.0,sí,1.2860598756972332,40473.0,tarde,lunes,distrito 11,2.8,2.0,5.0,16/05/2025
alta rotación,"0,53 €",19.0,23.0,10.0,20.0,no,2.029507557591107,10577.0,mañana,sábado,distrito 4,5.1,3.0,3.0,31/10/2025
rotación media,"2,28 €",18.0,5.0,1.0,21.0,no,1.2350879675537678,12741.0,mañana,lunes,distrito 9,4.6,5.0,1.0,27/04/2025
larga estancia,"3,21 €",33.0,13.0,2.0,163.0,no,0.4042052071067979,11709.0,mediodía,jueves,distrito 8,-99.0,0.0,3.0,29/05/2025
residentes,"1,93 €",41.0,27.0,24.0,58.0,sí,1.2728103723940714,9521.0,mañana,viernes,distrito 3,5.1,5.0,7.0,21/09/2025
residentes,"1,76 €",23.0,8.0,4.0,136.0,sí,1.0034926530060022,5690.0,mediodía,miércoles,distrito 8,1.9,1.0,0.0,11/02/2025
alta rotación,"2,19 €",48.0,27.0,17.0,100.0,sí,1.0645005959655822,5599.0,tarde,lunes,distrito 6,4.7,2.0,7.0,05/05/2025
alta rotacion,"1,73 €",18.0,10.0,15.0,73.0,no,1.5081481668969436,8016.0,mediodía,lunes,distrito 8,1.8,6.0,2.0,03/04/2025
residentes,"1,09 €",9.0,36.0,16.0,115.0,sí,1.517127115416764,6660.0,tarde,martes,distrito 9,3.3,5.0,3.0,21/07/2025
LARGA ESTANCIA,"1,89 €",26.0,56.0,1.0,54.0,sí,0.972960692420652,6291.0,mediodía,sábado,distrito 1,2.0,1.0,4.0,19/09/2025
ROTACIÓN MEDIA,"1,29 €",12.0,4.0,5.0,20.0,sí,0.9000580304753083,4744.0,mañana,martes,distrito 10,2.6,5.0,5.0,16/05/2025
residentes,"1,97 €",58.0,27.0,10.0,28.0,sí,1.470771208382202,5884.0,tarde,viernes,distrito 7,3.3,4.0,1.0,02/06/2025
rotación media,"1,26 €",44.0,7.0,1.0,161.0,sí,0.9087788221948515,2326.0,mañana,sábado,distrito 8,2.3,0.0,3.0,28/06/2025
rotacion media,"1,92 €",11.0,10.0,28.0,34.0,sí,1.0950766697119616,3621.0,mediodía,lunes,distrito 4,4.7,6.0,2.0,05/07/2025
alta rotacion,"0,58 €",29.0,11.0,2.0,82.0,no,1.7131140982374446,24776.0,mañana,miércoles,distrito 4,3.2,6.0,6.0,26/02/2025
ALTA ROTACIÓN,"1,86 €",43.0,44.0,26.0,146.0,sí,1.5710252272492375,22505.0,mañana,lunes,distrito 6,2.9,2.0,8.0,30/03/2025
alta rotación,"1,68 €",39.0,19.0,31.0,105.0,sí,1.4869311369218152,16638.0,mañana,martes,distrito 3,4.4,3.0,2.0,23/03/2025
alta rotación,"1,05 €",33.0,31.0,6.0,23.0,sí,1.2282841012049335,8406.0,tarde,jueves,distrito 1,3.9,5.0,3.0,04/05/2025
alta rotación,"2,45 €",34.0,43.0,8.0,27.0,no,1.2687250491388953,14118.0,tarde,jueves,distrito 5,2.7,4.0,8.0,15/06/2025
alta rotación,"2,25 €",44.0,7.0,6.0,20.0,sí,0.7592501850333799,5903.0,tarde,jueves,distrito 2,2.7,1.0,5.0,27/05/2025
alta rotación,"2,20 €",29.0,30.0,1.0,61.0,sí,0.9789384337560738,14219.0,mediodía,miércoles,distrito 7,3.6,1.0,2.0,11/04/2025
rotación media,"1,74 €",32.0,26.0,7.0,51.0,sí,0.8449555844016315,9127.0,mediodía,lunes,distrito 5,3.7,2.0,0.0,21/05/2025
alta rotación,"2,55 €",60.0,1.0,3.0,15.0,sí,0.3797996789572739,14844.0,mediodía,sábado,distrito 9,3.5,4.0,6.0,14/02/2025
rotación media,"2,76 €",43.0,7.0,5.0,193.0,no,0.7806126368805485,12042.0,mañana,jueves,distrito 10,2.7,2.0,3.0,20/06/2025
residentes,"2,58 €",31.0,32.0,49.0,54.0,sí,1.1518317410278014,10411.0,tarde,martes,distrito 10,2.2,6.0,4.0,17/08/2025
rotación media,"2,31 €",22.0,19.0,12.0,123.0,no,1.7494462996769444,25556.0,tarde,lunes,distrito 11,2.2,2.0,6.0,14/03/2025
alta rotación,"0,76 €",32.0,17.0,1.0,107.0,sí,0.9307554712242474,4282.0,tarde,martes,distrito 1,5.3,0.0,6.0,17/02/2025
  alta rotación ,"2,95 €",20.0,3.0,10.0,69.0,sí,0.08880871212351488,2556.0,tarde,sábado,distrito 2,1.0,1.0,2.0,21/09/2025
alta rotación,"1,00 €",41.0,1.0,1.0,31.0,sí,0.7288423588650225,6905.0,tarde,sábado,distrito 8,3.7,2.0,4.0,13/09/2025
residentes,"3,70 €",52.0,38.0,9.0,108.0,sí,0.9832431172652862,28189.0,mediodía,lunes,distrito 8,2.9,6.0,2.0,17/02/2025
larga estancia,"1,33 €",24.0,1.0,9.0,41.0,sí,0.9221521013952422,21560.0,mediodía,sábado,distrito 11,3.4,1.0,1.0,02/11/2025
rotación media,"2,67 €",60.0,12.0,18.0,58.0,sí,0.9148973593563954,10460.0,mediodía,miércoles,distrito 7,2.1,6.0,7.0,16/05/2025
larga estancia,"1,64 €",26.0,1.0,4.0,33.0,no,0.5613113214431925,5515.0,mañana,martes,distrito 10,1.1,3.0,2.0,29/09/2025
larga estancia,"3,16 €",40.0,24.0,10.0,119.0,sí,0.5046099361722431,10141.0,mediodía,miércoles,distrito 6,3.9,4.0,6.0,15/06/2025
residentes,"1,87 €",39.0,35.0,4.0,33.0,sí,1.3582081357609628,1836.0,tarde,miércoles,distrito 2,2.0,6.0,8.0,24/07/2025
alta rotación,"3,61 €",9.0,21.0,16.0,76.0,sí,0.5707698104172991,26410.0,tarde,jueves,distrito 2,3.7,4.0,4.0,27/04/2025
alta rotación,"2,47 €",17.0,39.0,0.0,35.0,no,1.16883920672688,9608.0,mañana,miércoles,distrito 1,3.5,4.0,5.0,27/05/2025
rotación media,"1,72 €",46.0,39.0,5.0,11.0,sí,1.6931731605529907,8641.0,mañana,lunes,distrito 1,2.1,3.0,0.0,13/08/2025
alta rotación,"0,53 €",51.0,24.0,1.0,159.0,sí,1.491056352087972,10742.0,tarde,sábado,distrito 7,3.3,6.0,7.0,24/08/2025
alta rotación,"1,83 €",52.0,11.0,5.0,157.0,sí,0.5833490519120985,8806.0,tarde,viernes,distrito 2,0.9,4.0,0.0,01/03/2025
larga estancia,"2,68 €",31.0,16.0,17.0,171.0,sí,0.8427857988384414,6584.0,mediodía,jueves,distrito 9,2.7,1.0,1.0,05/06/2025
alta rotación,"3,40 €",27.0,1.0,4.0,3.0,sí,0.3386949768879191,9814.0,mañana,jueves,distrito 6,4.6,3.0,4.0,30/10/2025
LARGA ESTANCIA,"2,92 €",34.0,20.0,10.0,44.0,sí,0.30274346425605464,4461.0,mañana,miércoles,distrito 10,6.5,6.0,0.0,27/07/2025
residentes,"2,66 €",20.0,1.0,8.0,2.0,sí,0.6392866647728535,5424.0,mañana,jueves,distrito 3,4.2,0.0,4.0,17/10/2025
alta rotación,"2,20 €",57.0,21.0,1.0,139.0,no,0.8213436361853331,9607.0,tarde,miércoles,distrito 11,3.5,6.0,0.0,20/03/2025
alta rotación,"3,19 €",16.0,5.0,2.0,56.0,sí,0.5846361910771248,6485.0,tarde,martes,distrito 1,1.8,0.0,7.0,21/03/2025
  alta rotación ,"1,52 €",8.0,81.0,9.0,123.0,sí,1.1691107186413532,4158.0,tarde,sábado,distrito 10,5.6,3.0,1.0,24/10/2025
rotación media,"1,24 €",11.0,32.0,1.0,142.0,sí,1.2327882086259707,6918.0,mañana,lunes,distrito 9,4.0,4.0,5.0,18/05/2025
alta rotación,"2,11 €",56.0,9.0,5.0,186.0,no,0.7071685170968689,30557.0,mañana,lunes,distrito 4,1.6,6.0,4.0,20/05/2025
rotación media,"1,45 €",20.0,77.0,2.0,77.0,sí,1.3251364541512154,17727.0,tarde,sábado,distrito 11,3.4,1.0,0.0,12/04/2025
alta rotación,"0,71 €",18.0,3.0,37.0,9.0,sí,1.358979851889921,4071.0,mediodía,miércoles,distrito 6,2.3,0.0,3.0,01/09/2025
rotación media,"2,59 €",12.0,5.0,41.0,97.0,sí,0.8133337670632913,6599.0,tarde,miércoles,distrito 11,0.8,2.0,4.0,25/02/2025
larga estancia,"1,82 €",42.0,35.0,4.0,24.0,sí,0.9923010938163899,12828.0,mediodía,jueves,distrito 1,3.4,2.0,0.0,04/07/2025
residentes,"2,51 €",53.0,82.0,24.0,179.0,sí,1.2877512320142217,6559.0,tarde,lunes,distrito 9,3.0,0.0,0.0,12/04/2025
rotación media,"2,05 €",7.0,16.0,15.0,72.0,sí,0.9039784706662113,5882.0,tarde,lunes,distrito 2,3.8,1.0,3.0,14/07/2025
  alta rotación ,"1,69 €",25.0,12.0,2.0,217.0,sí,0.46539852904892526,32692.0,mañana,sábado,distrito 3,5.2,4.0,1.0,09/08/2025
larga estancia,"2,22 €",52.0,17.0,15.0,148.0,sí,0.9725104682679343,23884.0,mediodía,jueves,distrito 11,0.8,5.0,7.0,06/09/2025
rotación media,"3,33 €",19.0,1.0,11.0,137.0,sí,0.5460956459987696,7883.0,tarde,miércoles,distrito 10,5.7,4.0,2.0,01/02/2025
alta rotación,"1,76 €",22.0,16.0,2.0,32.0,no,1.4966979880735987,7346.0,mediodía,jueves,distrito 8,2.6,2.0,4.0,06/04/2025
larga estancia,"1,96 €",47.0,5.0,9.0,46.0,no,0.6688814906140463,3346.0,mediodía,martes,distrito 9,2.8,4.0,7.0,29/06/2025
larga estancia,"1,37 €",41.0,19.0,1.0,25.0,no,1.0878074967548614,3041.0,mediodía,miércoles,distrito 10,1.4,2.0,6.0,05/10/2025
residentes,"1,34 €",28.0,13.0,3.0,5.0,no,1.5499429409313503,17178.0,mañana,miércoles,distrito 9,2.2,3.0,6.0,03/02/2025
ROTACIÓN MEDIA,"2,77 €",54.0,27.0,5.0,47.0,sí,1.2603082164026007,9201.0,tarde,sábado,distrito 2,3.4,4.0,4.0,28/01/2025
rotación media,"2,49 €",33.0,27.0,13.0,70.0,no,1.1526263049184402,3476.0,mañana,jueves,distrito 10,3.1,6.0,5.0,27/05/2025
alta rotacion,"0,62 €",48.0,31.0,2.0,64.0,sí,1.7922917277780166,13087.0,mañana,viernes,distrito 1,2.4,5.0,3.0,16/03/2025
alta rotación,"3,07 €",48.0,26.0,2.0,184.0,sí,0.792816107838828,4463.0,tarde,viernes,distrito 3,1.7,1.0,2.0,09/10/2025
alta rotación,"1,62 €",41.0,27.0,6.0,55.0,no,1.2692694722012374,7430.0,mediodía,jueves,distrito 9,-99.0,2.0,0.0,31/01/2025
larga estancia,"2,57 €",14.0,18.0,0.0,75.0,no,0.19836417350431212,12645.0,mediodía,martes,distrito 10,0.8,3.0,6.0,27/08/2025
larga estancia,"2,10 €",23.0,7.0,7.0,9.0,sí,1.0637944514536524,25198.0,mañana,viernes,distrito 4,-99.0,4.0,1.0,08/03/2025
rotación media,"2,05 €",13.0,24.0,21.0,10.0,sí,1.5936824978679869,7405.0,mañana,miércoles,distrito 8,4.2,4.0,5.0,03/07/2025
residentes,"0,50 €",24.0,47.0,8.0,7.0,no,2.089988180368253,9952.0,mañana,lunes,distrito 7,3.3,6.0,5.0,30/08/2025
larga estancia,"1,77 €",35.0,32.0,21.0,46.0,no,1.492058160274365,4485.0,mediodía,jueves,distrito 2,2.6,3.0,5.0,22/05/2025
  rotación media ,"2,46 €",9.0,22.0,30.0,255.0,sí,1.1128932516857972,7859.0,mañana,jueves,distrito 3,4.2,5.0,1.0,03/02/2025
  larga estancia ,"1,37 €",57.0,13.0,4.0,152.0,sí,0.8049141315046033,11021.0,mañana,sábado,distrito 5,3.0,2.0,8.0,23/10/2025
alta rotación,"3,34 €",25.0,33.0,20.0,177.0,sí,0.6196537049306345,7822.0,tarde,viernes,distrito 9,4.2,3.0,7.0,02/09/2025
rotación media,"2,13 €",23.0,50.0,16.0,51.0,sí,1.2339448758389344,4986.0,mañana,martes,distrito 6,4.5,4.0,5.0,17/03/2025
larga estancia,"3,07 €",9.0,9.0,8.0,23.0,sí,0.3764796218384515,3989.0,tarde,sábado,distrito 3,2.5,6.0,8.0,21/01/2025
residentes,"3,06 €",10.0,49.0,19.0,20.0,sí,1.3185306384293571,16757.0,mañana,martes,distrito 6,5.9,2.0,2.0,10/06/2025
rotación media,"3,13 €",23.0,8.0,6.0,9.0,sí,0.6744699629946993,12525.0,mañana,lunes,distrito 9,6.0,4.0,1.0,11/10/2025
alta rotación,"1,64 €",10.0,9.0,5.0,11.0,sí,1.2821980841196587,28438.0,mediodía,lunes,distrito 9,6.3,0.0,4.0,09/09/2025
alta rotación,"2,40 €",46.0,35.0,2.0,162.0,no,1.0743541933459468,11421.0,tarde,lunes,distrito 11,0.8,0.0,3.0,10/04/2025
alta rotacion,"1,54 €",40.0,26.0,3.0,30.0,sí,1.6405093642020592,22411.0,mañana,lunes,distrito 1,3.7,5.0,2.0,25/05/2025
ROTACIÓN MEDIA,"1,61 €",27.0,14.0,1.0,161.0,sí,0.6756725778180181,3694.0,tarde,miércoles,distrito 5,2.6,1.0,1.0,30/10/2025
larga estancia,"1,98 €",40.0,63.0,17.0,100.0,sí,0.896191064647021,13780.0,tarde,viernes,distrito 4,2.7,6.0,1.0,08/02/2025
larga estancia,"1,04 €",37.0,6.0,22.0,8.0,no,1.304077433131284,11638.0,mañana,viernes,distrito 9,2.7,0.0,5.0,14/06/2025
rotación media,"0,62 €",34.0,14.0,20.0,49.0,no,1.7177961404934574,25073.0,tarde,miércoles,distrito 1,4.6,5.0,4.0,30/07/2025
ALTA ROTACIÓN,"1,56 €",57.0,32.0,12.0,54.0,sí,1.4388641742921293,10745.0,tarde,viernes,distrito 2,3.5,4.0,4.0,05/02/2025
rotación media,"2,52 €",48.0,34.0,10.0,6.0,no,1.6431455377817619,19929.0,mediodía,lunes,distrito 6,-99.0,5.0,4.0,30/09/2025
rotación media,"1,33 €",16.0,3.0,0.0,36.0,sí,0.37134536925902195,8610.0,mañana,viernes,distrito 6,3.9,6.0,3.0,06/03/2025
alta rotacion,"2,21 €",51.0,21.0,2.0,72.0,sí,0.8775157859179458,7118.0,mañana,miércoles,distrito 9,5.0,6.0,0.0,20/04/2025
alta rotación,"1,96 €",35.0,33.0,9.0,111.0,sí,1.266622749044133,12050.0,tarde,jueves,distrito 11,4.9,5.0,2.0,10/05/2025
larga estancia,"2,97 €",14.0,31.0,3.0,21.0,no,0.9095046503321246,4901.0,mañana,martes,distrito 7,1.8,6.0,3.0,07/04/2025
rotación media,"1,64 €",20.0,28.0,4.0,110.0,sí,1.0437419661774388,6767.0,mediodía,viernes,distrito 2,3.5,3.0,6.0,02/11/2025
  rotación media ,"1,66 €",55.0,20.0,25.0,162.0,sí,1.1194335266564777,13072.0,mediodía,jueves,distrito 7,4.7,1.0,1.0,01/08/2025
rotación media,"1,60 €",28.0,17.0,18.0,48.0,sí,1.2659477250285156,25482.0,mañana,martes,distrito 1,4.5,2.0,4.0,13/03/2025
alta rotación,"1,06 €",32.0,26.0,12.0,112.0,sí,1.5001259583776116,10011.0,mañana,jueves,distrito 3,-99.0,1.0,7.0,22/03/2025
alta rotacion,"1,95 €",48.0,12.0,2.0,105.0,no,1.097826976564507,7368.0,mediodía,jueves,distrito 2,4.1,6.0,1.0,09/10/2025
rotación media,"1,39 €",35.0,29.0,2.0,100.0,no,1.7459776282357735,5171.0,tarde,sábado,distrito 11,-99.0,2.0,4.0,24/05/2025
  larga estancia ,"0,80 €",12.0,40.0,8.0,19.0,sí,1.3514677395934065,6338.0,mediodía,sábado,distrito 11,3.9,4.0,7.0,18/08/2025
  alta rotación ,"0,96 €",24.0,12.0,24.0,40.0,sí,1.593150088367802,15029.0,tarde,viernes,distrito 7,3.7,5.0,3.0,24/03/2025
alta rotación,"2,18 €",45.0,6.0,3.0,47.0,sí,0.8163088687538763,47272.0,tarde,martes,distrito 10,2.1,5.0,2.0,17/03/2025
rotación media,"2,98 €",60.0,31.0,7.0,38.0,sí,1.0012750313488368,5928.0,mediodía,viernes,distrito 10,4.8,0.0,2.0,08/08/2025
rotación media,"2,83 €",45.0,3.0,4.0,81.0,no,0.29549490816076124,19624.0,tarde,miércoles,distrito 10,3.8,5.0,4.0,18/09/2025
rotación media,"1,09 €",17.0,14.0,3.0,2.0,sí,1.0987750915126862,4435.0,mañana,lunes,distrito 11,4.4,4.0,8.0,16/09/2025
larga estancia,"1,52 €",53.0,9.0,0.0,36.0,sí,0.815804213656196,35422.0,mediodía,viernes,distrito 11,3.7,5.0,6.0,20/02/2025
larga estancia,"2,50 €",50.0,13.0,41.0,49.0,no,0.9924002850269662,8372.0,mañana,lunes,distrito 4,2.9,4.0,7.0,27/08/2025
larga estancia,"2,38 €",11.0,68.0,3.0,38.0,sí,0.9490733773116903,4563.0,tarde,jueves,distrito 5,1.5,6.0,3.0,22/06/2025
rotación media,"2,17 €",48.0,30.0,3.0,155.0,no,1.1187127988707015,5623.0,mediodía,martes,distrito 10,4.1,4.0,7.0,26/02/2025
larga estancia,"1,45 €",49.0,23.0,34.0,1.0,sí,1.6369492444961782,8371.0,tarde,martes,distrito 1,3.2,2.0,4.0,27/07/2025
rotación media,"1,74 €",57.0,9.0,9.0,251.0,sí,0.8365151708710256,11622.0,mañana,lunes,distrito 1,1.9,5.0,5.0,14/03/2025
rotación media,"0,50 €",43.0,37.0,1.0,57.0,sí,1.4055083154171732,6082.0,mañana,jueves,distrito 8,2.9,0.0,1.0,19/03/2025
residentes,"2,67 €",51.0,10.0,15.0,109.0,sí,1.0608201508240354,12195.0,mediodía,viernes,distrito 1,1.3,5.0,3.0,14/04/2025
rotación media,"0,87 €",30.0,45.0,7.0,28.0,sí,1.6479024839373824,9289.0,mediodía,sábado,distrito 2,4.9,4.0,7.0,10/07/2025
rotación media,"3,03 €",8.0,8.0,19.0,68.0,no,0.8217608443144053,5685.0,tarde,martes,distrito 3,2.1,1.0,7.0,30/03/2025
  residentes ,"2,44 €",15.0,17.0,2.0,33.0,sí,1.0679179002621542,10259.0,mediodía,sábado,distrito 6,2.9,1.0,7.0,29/04/2025
rotacion media,"2,71 €",60.0,34.0,19.0,142.0,no,1.1156021584199887,11671.0,tarde,lunes,distrito 2,5.3,0.0,3.0,26/07/2025
rotación media,"1,92 €",48.0,30.0,19.0,5.0,sí,1.4805286371041642,6950.0,mañana,jueves,distrito 11,2.4,5.0,3.0,16/02/2025
residentes,"2,43 €",20.0,0.0,9.0,8.0,no,0.4955959746565832,14898.0,tarde,martes,distrito 1,1.2,1.0,5.0,23/05/2025
rotación media,"1,85 €",39.0,7.0,0.0,59.0,sí,0.3447177679985357,7043.0,mediodía,sábado,distrito 3,3.6,4.0,6.0,12/01/2025
rotación media,"1,92 €",36.0,27.0,8.0,38.0,no,1.2323283794251434,14530.0,mañana,jueves,distrito 11,4.7,1.0,8.0,19/09/2025
residentes,"2,84 €",47.0,14.0,4.0,0.0,no,1.064145122344988,17609.0,mediodía,lunes,distrito 6,3.7,2.0,4.0,27/04/2025
larga estancia,"2,09 €",22.0,17.0,16.0,59.0,sí,0.9716625282802949,7649.0,mediodía,martes,distrito 3,3.3,3.0,5.0,18/03/2025
alta rotación,"1,96 €",31.0,6.0,12.0,23.0,sí,0.7749251724005535,4456.0,mañana,miércoles,distrito 4,1.9,4.0,2.0,24/08/2025
larga estancia,"1,55 €",20.0,15.0,9.0,174.0,sí,1.063126521020924,19564.0,mañana,viernes,distrito 7,2.7,5.0,6.0,15/05/2025
LARGA ESTANCIA,"1,59 €",9.0,13.0,0.0,66.0,sí,0.40820118068257805,9050.0,mediodía,lunes,distrito 2,3.7,2.0,0.0,28/06/2025
larga estancia,"1,28 €",6.0,20.0,6.0,90.0,sí,1.1956930458283708,14280.0,mañana,jueves,distrito 7,3.4,6.0,1.0,17/02/2025
ROTACIÓN MEDIA,"1,50 €",52.0,28.0,13.0,56.0,sí,1.2640149933465226,2634.0,tarde,miércoles,distrito 9,2.7,5.0,8.0,18/09/2025
alta rotación,"3,51 €",11.0,10.0,11.0,62.0,sí,0.7546563833227582,8179.0,mediodía,jueves,distrito 6,4.3,3.0,6.0,10/03/2025
rotación media,"0,66 €",28.0,30.0,15.0,278.0,sí,1.4364720510238067,6306.0,mañana,viernes,distrito 2,1.7,1.0,2.0,16/05/2025
RESIDENTES,"1,51 €",15.0,27.0,9.0,27.0,sí,1.1679198473838106,5517.0,mediodía,lunes,distrito 7,-99.0,6.0,5.0,29/01/2025
larga estancia,"1,72 €",52.0,9.0,14.0,83.0,sí,0.8963972984633657,18030.0,mañana,jueves,distrito 4,0.8,4.0,8.0,29/10/2025
residentes,"0,91 €",56.0,34.0,4.0,77.0,no,1.5098990879375427,7061.0,tarde,martes,distrito 5,0.8,5.0,6.0,11/08/2025
ROTACIÓN MEDIA,"1,53 €",15.0,10.0,5.0,52.0,sí,1.0017064672967002,23435.0,tarde,martes,distrito 7,3.1,6.0,5.0,14/08/2025
larga estancia,"2,88 €",8.0,15.0,0.0,64.0,sí,0.47879857619750277,14495.0,mediodía,sábado,distrito 11,3.7,0.0,7.0,12/02/2025
larga estancia,"2,34 €",54.0,13.0,10.0,100.0,sí,0.7374597964487761,11641.0,mediodía,lunes,distrito 10,3.1,1.0,1.0,07/02/2025
residentes,"2,69 €",48.0,40.0,23.0,36.0,no,1.155427336076376,7855.0,tarde,martes,distrito 6,2.5,6.0,2.0,20/01/2025
alta rotación,"2,61 €",53.0,2.0,14.0,74.0,no,0.6699603763732727,5292.0,mañana,miércoles,distrito 2,6.3,3.0,6.0,25/05/2025
ALTA ROTACIÓN,"2,55 €",40.0,41.0,10.0,73.0,sí,0.8975746946349636,5800.0,tarde,sábado,distrito 5,4.7,5.0,1.0,23/06/2025
residentes,"1,04 €",21.0,13.0,23.0,20.0,sí,1.5677986424894383,33131.0,tarde,sábado,distrito 1,3.2,1.0,6.0,23/09/2025
rotación media,"1,60 €",9.0,34.0,20.0,85.0,sí,1.4250762073307124,16964.0,mañana,lunes,distrito 5,4.0,1.0,2.0,28/08/2025
residentes,"2,89 €",36.0,7.0,18.0,180.0,sí,0.988296526163843,10728.0,mañana,martes,distrito 10,2.9,5.0,0.0,06/09/2025
residentes,"3,74 €",47.0,25.0,22.0,11.0,sí,0.726013724529303,6965.0,mañana,sábado,distrito 2,3.0,6.0,8.0,11/05/2025
residentes,"2,57 €",38.0,32.0,0.0,102.0,sí,0.7492676815449657,7534.0,tarde,jueves,distrito 4,1.1,5.0,1.0,15/09/2025
larga estancia,"2,53 €",37.0,18.0,0.0,63.0,no,0.5541725978404627,8272.0,mañana,jueves,distrito 5,4.3,2.0,5.0,18/02/2025
larga estancia,"2,40 €",10.0,37.0,6.0,73.0,sí,1.2576240657434088,5214.0,mañana,lunes,distrito 8,4.5,0.0,6.0,12/03/2025
larga estancia,"2,20 €",11.0,53.0,16.0,86.0,sí,1.0488940547211572,4391.0,mañana,lunes,distrito 11,4.3,5.0,7.0,28/03/2025
rotación media,"1,41 €",35.0,21.0,14.0,102.0,no,1.7428193807442642,7189.0,mañana,lunes,distrito 9,1.9,4.0,0.0,14/01/2025
rotación media,"2,02 €",6.0,1.0,35.0,15.0,no,1.4608955754664654,19074.0,mediodía,jueves,distrito 9,6.0,2.0,2.0,13/06/2025
larga estancia,"1,92 €",48.0,11.0,2.0,62.0,no,0.589526334862482,11628.0,tarde,viernes,distrito 9,3.3,1.0,8.0,30/10/2025
residentes,"1,54 €",48.0,22.0,1.0,56.0,sí,1.0098901213533915,8358.0,mediodía,lunes,distrito 7,2.2,4.0,4.0,20/05/2025
residentes,"2,64 €",13.0,74.0,10.0,56.0,no,1.2717075027326599,13459.0,tarde,martes,distrito 3,6.7,6.0,2.0,10/03/2025
rotación media,"2,69 €",27.0,63.0,1.0,81.0,sí,0.977603681065007,13290.0,mañana,viernes,distrito 6,4.6,6.0,5.0,08/03/2025
  alta rotación ,"2,09 €",51.0,4.0,1.0,141.0,sí,0.6605780247707291,6774.0,tarde,martes,distrito 9,3.5,0.0,7.0,05/04/2025
alta rotación,"3,32 €",58.0,10.0,11.0,67.0,sí,0.43182245418195764,3055.0,tarde,sábado,distrito 10,2.3,3.0,4.0,13/05/2025
alta rotación,"1,61 €",56.0,11.0,16.0,154.0,sí,1.2220875118753942,3574.0,tarde,viernes,distrito 10,4.4,1.0,4.0,26/01/2025
larga estancia,"2,37 €",33.0,26.0,19.0,199.0,sí,0.9054852519984348,6676.0,tarde,lunes,distrito 11,0.8,0.0,6.0,08/09/2025
larga estancia,"1,29 €",6.0,6.0,10.0,39.0,no,1.098468493910097,12438.0,mediodía,viernes,distrito 8,3.8,1.0,6.0,22/05/2025
rotación media,"2,29 €",12.0,22.0,3.0,69.0,sí,1.2808620166653641,4854.0,mediodía,martes,distrito 8,0.8,0.0,2.0,26/07/2025
larga estancia,"2,49 €",26.0,16.0,12.0,137.0,no,0.893414549764468,6055.0,tarde,martes,distrito 9,4.7,0.0,8.0,02/11/2025
larga estancia,"1,52 €",22.0,23.0,4.0,53.0,sí,1.1285018737309693,8940.0,mediodía,jueves,distrito 7,2.8,2.0,8.0,24/07/2025
alta rotación,"1,78 €",44.0,58.0,7.0,27.0,sí,1.4113543949884881,12626.0,mañana,martes,distrito 3,2.5,2.0,0.0,06/09/2025
residentes,"1,07 €",36.0,23.0,7.0,47.0,sí,1.1894076934304443,14362.0,mañana,miércoles,distrito 6,2.8,5.0,1.0,28/08/2025
LARGA ESTANCIA,"3,49 €",31.0,17.0,10.0,70.0,sí,0.8890710355316755,11619.0,mañana,jueves,distrito 11,1.0,0.0,1.0,04/05/2025
alta rotación,"1,78 €",18.0,18.0,6.0,37.0,no,1.1459902394524486,4307.0,mediodía,jueves,distrito 4,-99.0,4.0,5.0,11/03/2025
  alta rotación ,"1,25 €",52.0,5.0,3.0,102.0,no,1.164432071436777,4015.0,tarde,jueves,distrito 2,2.3,6.0,6.0,10/01/2025
larga estancia,"2,58 €",40.0,6.0,0.0,226.0,sí,0.08085355595919676,7955.0,mañana,viernes,distrito 4,3.4,0.0,1.0,25/05/2025
rotacion media,"2,42 €",40.0,56.0,6.0,41.0,sí,1.379355004112624,5383.0,mediodía,martes,distrito 8,3.7,5.0,6.0,16/01/2025
ROTACIÓN MEDIA,"1,70 €",51.0,10.0,2.0,27.0,sí,1.1063218083748056,9122.0,mediodía,jueves,distrito 4,-99.0,4.0,4.0,07/06/2025
  larga estancia ,"2,03 €",30.0,8.0,27.0,141.0,no,0.8457123804026732,16632.0,mañana,martes,distrito 6,3.0,5.0,8.0,09/04/2025
residentes,"2,27 €",31.0,9.0,7.0,4.0,sí,0.9669469691871057,11870.0,mañana,jueves,distrito 11,2.4,4.0,2.0,05/05/2025
rotación media,"2,43 €",13.0,35.0,6.0,78.0,sí,1.4193749846453567,9830.0,mañana,sábado,distrito 5,3.0,0.0,8.0,19/10/2025
  residentes ,"1,13 €",50.0,42.0,1.0,37.0,sí,1.3013109301173873,24280.0,mañana,viernes,distrito 10,1.2,4.0,3.0,04/10/2025
residentes,"2,24 €",26.0,6.0,7.0,61.0,sí,0.9137480262483995,5440.0,mañana,jueves,distrito 11,0.8,3.0,0.0,18/07/2025
alta rotación,"2,17 €",8.0,18.0,0.0,46.0,sí,0.4904309979120839,16646.0,tarde,viernes,distrito 7,2.2,3.0,5.0,18/06/2025
residentes,"2,29 €",14.0,4.0,19.0,81.0,no,1.3615752428181844,5831.0,mediodía,martes,distrito 5,-99.0,0.0,0.0,10/03/2025
alta rotacion,"4,08 €",39.0,13.0,0.0,47.0,no,0.501327731212996,14864.0,mañana,martes,distrito 11,3.4,4.0,2.0,03/08/2025
alta rotacion,"2,12 €",28.0,14.0,1.0,33.0,sí,0.7981748091764264,56700.0,mediodía,jueves,distrito 9,3.8,3.0,2.0,31/08/2025
rotación media,"1,96 €",11.0,19.0,2.0,68.0,sí,0.7036574400361533,5992.0,tarde,viernes,distrito 4,4.1,3.0,5.0,06/06/2025
alta rotación,"1,90 €",28.0,26.0,6.0,15.0,sí,1.053054670842157,7700.0,tarde,jueves,distrito 11,4.9,6.0,3.0,11/02/2025
rotación media,"1,32 €",36.0,38.0,7.0,64.0,sí,1.6463163095576956,7811.0,mañana,lunes,distrito 2,2.9,2.0,7.0,01/09/2025
rotación media,"1,86 €",51.0,40.0,3.0,80.0,no,1.5990041788783251,7147.0,mañana,jueves,distrito 7,4.0,4.0,8.0,08/03/2025
alta rotacion,"2,37 €",17.0,22.0,15.0,134.0,sí,0.6583458456609323,5964.0,mañana,martes,distrito 5,4.2,3.0,0.0,14/07/2025
alta rotación,"2,32 €",58.0,21.0,42.0,212.0,sí,1.2144620257902794,9534.0,mediodía,viernes,distrito 11,3.0,1.0,8.0,14/07/2025
larga estancia,"3,18 €",45.0,19.0,1.0,32.0,sí,0.4737103193129149,14498.0,tarde,jueves,distrito 7,3.1,6.0,2.0,25/04/2025
  alta rotación ,"3,03 €",17.0,44.0,10.0,309.0,sí,0.9042226906903192,2897.0,mañana,martes,distrito 2,5.0,2.0,6.0,24/01/2025
rotación media,"2,76 €",52.0,32.0,0.0,116.0,no,1.0198154688664265,6890.0,mediodía,miércoles,distrito 1,-99.0,3.0,0.0,02/04/2025
larga estancia,"1,30 €",46.0,34.0,7.0,20.0,sí,1.5167720971592444,17326.0,mediodía,martes,distrito 6,1.3,1.0,1.0,27/09/2025
alta rotación,"1,15 €",49.0,15.0,4.0,26.0,sí,1.5182632237205864,7046.0,tarde,viernes,distrito 10,4.4,5.0,0.0,19/04/2025
alta rotación,"2,50 €",11.0,20.0,8.0,105.0,sí,1.0234709461717848,9660.0,tarde,jueves,distrito 3,-99.0,3.0,7.0,01/02/2025
rotación media,"2,94 €",10.0,31.0,7.0,31.0,no,1.192446923068772,6582.0,tarde,jueves,distrito 8,1.6,1.0,4.0,12/01/2025
alta rotación,"1,22 €",6.0,30.0,21.0,58.0,sí,1.6388557614492636,6524.0,tarde,lunes,distrito 4,3.8,2.0,1.0,06/08/2025
alta rotación,"2,50 €",35.0,9.0,0.0,64.0,sí,0.5568540170608715,6045.0,mediodía,lunes,distrito 2,2.5,1.0,1.0,30/06/2025
ALTA ROTACIÓN,"2,03 €",23.0,27.0,6.0,16.0,sí,0.7795524869357672,7757.0,mediodía,miércoles,distrito 9,1.9,1.0,7.0,12/02/2025
residentes,"0,78 €",45.0,86.0,10.0,48.0,no,1.7946878770038717,12592.0,mediodía,sábado,distrito 11,-99.0,6.0,8.0,07/09/2025
rotación media,"2,68 €",20.0,4.0,11.0,30.0,sí,0.8802145390844791,6991.0,mañana,martes,distrito 7,6.0,6.0,2.0,05/05/2025
rotación media,"3,20 €",26.0,23.0,2.0,88.0,no,0.6605572698772696,4810.0,tarde,jueves,distrito 7,2.4,6.0,8.0,11/03/2025
residentes,"0,50 €",32.0,12.0,31.0,29.0,no,2.3970336484641805,7641.0,mediodía,viernes,distrito 2,4.1,0.0,6.0,11/08/2025
larga estancia,"1,54 €",20.0,6.0,16.0,3.0,sí,0.9302187158380641,7185.0,mañana,lunes,distrito 8,4.2,0.0,1.0,10/04/2025
larga estancia,"1,57 €",45.0,13.0,4.0,4.0,sí,1.0604174068177106,18291.0,mañana,viernes,distrito 3,4.5,3.0,7.0,13/01/2025
RESIDENTES,"2,03 €",38.0,31.0,4.0,151.0,no,0.9548236288041363,9953.0,mañana,miércoles,distrito 6,2.2,6.0,2.0,17/05/2025
larga estancia,"1,89 €",38.0,57.0,8.0,14.0,sí,1.1125522900884048,8065.0,mañana,jueves,distrito 9,2.4,5.0,1.0,28/05/2025
larga estancia,"1,66 €",53.0,25.0,15.0,122.0,sí,1.1523926563932916,21220.0,mañana,viernes,distrito 6,6.6,5.0,5.0,27/07/2025
alta rotación,"1,09 €",26.0,7.0,28.0,32.0,sí,1.4117632049811328,30874.0,mediodía,sábado,distrito 10,-99.0,0.0,1.0,13/10/2025
ALTA ROTACIÓN,"2,32 €",24.0,43.0,6.0,115.0,sí,1.1698429720475803,14699.0,mediodía,lunes,distrito 3,5.0,1.0,5.0,14/06/2025
  rotación media ,"2,14 €",43.0,1.0,8.0,18.0,sí,0.8472090712394408,5318.0,mañana,sábado,distrito 5,4.1,2.0,0.0,24/02/2025
alta rotación,"1,39 €",34.0,42.0,21.0,56.0,no,1.7411539040715762,5274.0,mañana,lunes,distrito 10,2.0,1.0,5.0,07/10/2025
larga estancia,"1,11 €",15.0,78.0,16.0,4.0,sí,1.6166560474606535,5413.0,mañana,miércoles,distrito 7,4.7,4.0,8.0,31/10/2025
alta rotación,"0,50 €",46.0,7.0,6.0,33.0,no,1.8780329666334064,28497.0,mediodía,viernes,distrito 11,3.7,5.0,4.0,19/02/2025
ROTACIÓN MEDIA,"1,10 €",45.0,35.0,0.0,90.0,sí,1.4066230272487097,4710.0,mediodía,jueves,distrito 3,4.5,1.0,3.0,06/06/2025
larga estancia,"1,79 €",32.0,70.0,5.0,46.0,no,1.9510743127052363,6272.0,tarde,jueves,distrito 1,3.6,2.0,7.0,22/06/2025
alta rotación,"2,67 €",59.0,12.0,21.0,56.0,no,1.1470696414416752,14765.0,tarde,martes,distrito 3,2.7,1.0,2.0,02/05/2025
residentes,"2,30 €",6.0,8.0,20.0,91.0,sí,0.5381934926425345,2858.0,mañana,jueves,distrito 2,0.8,0.0,6.0,17/10/2025
rotación media,"1,40 €",13.0,13.0,18.0,54.0,no,1.0306272064863573,8831.0,mediodía,jueves,distrito 1,1.4,6.0,6.0,29/01/2025
residentes,"2,45 €",24.0,24.0,13.0,83.0,sí,1.217951195662846,9620.0,mediodía,martes,distrito 10,3.6,6.0,1.0,21/05/2025
rotación media,"2,11 €",6.0,8.0,13.0,15.0,no,0.8251622438194672,6753.0,mañana,jueves,distrito 8,3.4,5.0,4.0,10/02/2025
residentes,"2,44 €",21.0,19.0,0.0,6.0,sí,0.708839102379317,15975.0,mañana,jueves,distrito 8,6.1,3.0,1.0,23/10/2025
larga estancia,"2,12 €",22.0,25.0,7.0,21.0,sí,0.8869921070146306,22067.0,mañana,lunes,distrito 1,2.2,5.0,6.0,28/05/2025
residentes,"1,94 €",10.0,49.0,10.0,81.0,sí,1.4807940090366816,17812.0,tarde,lunes,distrito 11,4.1,1.0,3.0,19/02/2025
larga estancia,"0,50 €",39.0,27.0,0.0,163.0,sí,0.9685980517164368,7991.0,mañana,jueves,distrito 4,2.3,1.0,8.0,11/05/2025
alta rotación,"1,57 €",15.0,41.0,15.0,113.0,no,1.8367347969047612,35632.0,mañana,miércoles,distrito 11,4.3,1.0,4.0,30/07/2025
larga estancia,"1,65 €",50.0,10.0,5.0,46.0,sí,0.974485886337542,4331.0,mañana,miércoles,distrito 9,2.9,2.0,4.0,02/11/2025
larga estancia,"1,59 €",18.0,22.0,0.0,254.0,sí,0.4108997571315817,7442.0,mañana,lunes,distrito 3,4.9,0.0,7.0,02/04/2025
ROTACIÓN MEDIA,"2,48 €",40.0,28.0,7.0,16.0,no,0.9153320223316519,6700.0,mediodía,martes,distrito 3,4.9,5.0,4.0,28/05/2025
rotación media,"2,80 €",47.0,42.0,4.0,45.0,sí,1.0355663369624917,23657.0,tarde,lunes,distrito 1,2.9,1.0,7.0,24/06/2025
alta rotación,"2,18 €",33.0,8.0,21.0,77.0,sí,1.206503500258075,9174.0,mediodía,sábado,distrito 8,3.8,1.0,3.0,14/08/2025
residentes,"1,24 €",14.0,13.0,20.0,21.0,sí,1.4797308764878876,8987.0,tarde,lunes,distrito 2,3.1,3.0,2.0,15/03/2025
rotacion media,"1,33 €",47.0,6.0,12.0,36.0,no,1.2528015808422335,4959.0,tarde,sábado,distrito 5,4.5,1.0,4.0,19/04/2025
rotación media,"3,25 €",24.0,23.0,11.0,106.0,no,0.8580093395904927,3314.0,mediodía,miércoles,distrito 11,4.2,4.0,6.0,25/08/2025
residentes,"3,49 €",27.0,9.0,3.0,80.0,sí,0.25920040978391734,1833.0,mediodía,jueves,distrito 10,1.8,1.0,6.0,25/05/2025
larga estancia,"2,51 €",53.0,36.0,7.0,21.0,sí,1.1095650043800531,14654.0,mañana,martes,distrito 5,2.7,2.0,5.0,12/10/2025
  residentes ,"1,28 €",48.0,16.0,11.0,149.0,sí,1.5051646989966627,5508.0,tarde,jueves,distrito 3,2.6,6.0,3.0,28/02/2025
LARGA ESTANCIA,"1,69 €",44.0,20.0,21.0,96.0,sí,1.091889174855655,2548.0,tarde,jueves,distrito 4,2.3,1.0,5.0,23/06/2025
rotación media,"2,28 €",17.0,31.0,14.0,105.0,sí,1.2474193385675556,18061.0,mañana,jueves,distrito 2,2.4,0.0,0.0,07/06/2025
larga estancia,"2,32 €",36.0,5.0,44.0,23.0,sí,0.9850294155488744,9213.0,mediodía,viernes,distrito 2,2.1,4.0,3.0,17/10/2025
larga estancia,"2,76 €",59.0,10.0,3.0,113.0,sí,0.605007759427487,4270.0,mañana,martes,distrito 5,2.6,4.0,6.0,23/08/2025
  residentes ,"1,39 €",10.0,29.0,2.0,151.0,sí,1.3820046889881619,18988.0,mañana,viernes,distrito 4,3.5,2.0,2.0,27/05/2025
rotación media,"2,05 €",17.0,33.0,0.0,46.0,sí,0.6454618922025825,9935.0,mañana,viernes,distrito 9,4.0,4.0,8.0,14/10/2025
LARGA ESTANCIA,"2,06 €",27.0,6.0,3.0,132.0,no,0.6939734931853041,14311.0,tarde,martes,distrito 1,3.3,0.0,0.0,24/06/2025
rotación media,"2,63 €",26.0,25.0,10.0,92.0,sí,0.8274112634995031,9082.0,mediodía,jueves,distrito 5,1.1,1.0,0.0,20/07/2025
alta rotación,"3,17 €",50.0,15.0,24.0,52.0,sí,0.5655294001723523,18831.0,mañana,jueves,distrito 7,-99.0,0.0,3.0,11/02/2025
rotación media,"3,03 €",27.0,29.0,1.0,155.0,sí,0.8453687688799116,6373.0,tarde,viernes,distrito 2,3.5,3.0,6.0,24/05/2025
alta rotación,"1,94 €",25.0,7.0,13.0,85.0,sí,0.8879433410054601,29848.0,tarde,martes,distrito 1,-99.0,4.0,8.0,14/02/2025
alta rotación,"1,40 €",23.0,16.0,0.0,25.0,no,1.5616961753508987,10289.0,mañana,sábado,distrito 11,0.8,5.0,5.0,03/09/2025
  rotación media ,"1,63 €",12.0,90.0,10.0,116.0,sí,1.979740057865944,7129.0,mañana,martes,distrito 3,3.3,2.0,8.0,26/06/2025
  rotación media ,"3,38 €",53.0,12.0,5.0,7.0,sí,0.8951370234952061,29508.0,tarde,miércoles,distrito 10,4.0,4.0,7.0,03/09/2025
rotación media,"2,38 €",30.0,54.0,0.0,28.0,no,1.0379197169762122,4283.0,mañana,lunes,distrito 4,5.7,0.0,6.0,15/04/2025
larga estancia,"3,04 €",12.0,5.0,20.0,144.0,sí,0.7133786288084851,10632.0,mediodía,martes,distrito 10,2.1,5.0,3.0,03/04/2025
ROTACIÓN MEDIA,"1,53 €",13.0,39.0,3.0,1.0,no,1.5624130188621905,11017.0,mediodía,viernes,distrito 7,6.2,2.0,8.0,10/01/2025
residentes,"2,41 €",48.0,38.0,4.0,245.0,sí,1.4964028405550827,12602.0,mañana,lunes,distrito 2,2.1,2.0,7.0,12/08/2025
rotación media,"2,04 €",6.0,22.0,3.0,17.0,sí,1.4743221173883563,18986.0,tarde,sábado,distrito 5,4.4,0.0,5.0,21/02/2025
rotacion media,"2,55 €",31.0,10.0,1.0,99.0,sí,0.5781362531016322,2508.0,mañana,lunes,distrito 11,1.9,4.0,5.0,28/07/2025
  alta rotación ,"2,12 €",18.0,33.0,2.0,142.0,sí,0.8056461778713447,5458.0,mañana,miércoles,distrito 3,3.3,0.0,5.0,19/01/2025
alta rotación,"0,95 €",51.0,22.0,4.0,9.0,sí,1.340439200117248,9731.0,tarde,sábado,distrito 1,-99.0,1.0,6.0,29/07/2025
alta rotación,"1,40 €",17.0,5.0,9.0,7.0,sí,1.2229507983292573,5618.0,mediodía,miércoles,distrito 11,5.7,1.0,7.0,09/04/2025
larga estancia,"2,10 €",46.0,5.0,1.0,21.0,sí,0.49073008774582405,14341.0,mañana,miércoles,distrito 11,-99.0,3.0,7.0,16/08/2025
rotacion media,"1,33 €",54.0,17.0,6.0,232.0,sí,1.0085143680494415,20962.0,mañana,jueves,distrito 9,3.1,4.0,1.0,18/10/2025
RESIDENTES,"1,09 €",57.0,12.0,6.0,41.0,sí,1.3113333221852894,13989.0,tarde,sábado,distrito 3,2.8,2.0,0.0,01/04/2025
residentes,"2,31 €",50.0,34.0,4.0,63.0,no,0.8317103339399752,9210.0,mediodía,miércoles,distrito 11,4.3,6.0,8.0,09/08/2025
residentes,"3,99 €",36.0,20.0,10.0,152.0,sí,0.6905977297198781,8952.0,mediodía,lunes,distrito 3,2.7,5.0,3.0,31/10/2025
larga estancia,"2,13 €",26.0,48.0,12.0,155.0,sí,0.770128471028795,11221.0,mañana,viernes,distrito 10,4.0,1.0,4.0,07/02/2025
ALTA ROTACIÓN,"1,89 €",19.0,35.0,15.0,11.0,sí,1.2885120295608639,6001.0,mediodía,jueves,distrito 6,4.6,1.0,2.0,12/06/2025
rotación media,"2,66 €",59.0,2.0,7.0,93.0,sí,0.496811919561425,15956.0,mañana,jueves,distrito 6,0.8,4.0,2.0,22/05/2025
residentes,"2,21 €",32.0,35.0,17.0,37.0,sí,1.420892745965408,14109.0,mediodía,viernes,distrito 3,2.7,5.0,3.0,12/07/2025
alta rotación,"1,82 €",28.0,20.0,6.0,100.0,sí,1.2506355820626063,22074.0,tarde,miércoles,distrito 9,5.3,3.0,1.0,23/03/2025
alta rotación,"2,35 €",38.0,18.0,28.0,45.0,no,1.12886119453465,16431.0,mañana,viernes,distrito 8,5.7,5.0,4.0,09/10/2025
alta rotación,"1,82 €",56.0,34.0,0.0,118.0,sí,0.9055781653371467,6249.0,mediodía,jueves,distrito 11,3.0,5.0,8.0,18/05/2025
rotación media,"2,17 €",10.0,18.0,10.0,169.0,sí,0.7671994879686909,4603.0,mañana,jueves,distrito 9,4.3,2.0,5.0,29/10/2025
larga estancia,"2,12 €",45.0,25.0,5.0,47.0,sí,0.5921224057147825,20975.0,tarde,martes,distrito 10,3.9,6.0,3.0,23/01/2025
larga estancia,"2,14 €",36.0,2.0,23.0,18.0,sí,1.0157805249375544,14351.0,mediodía,sábado,distrito 11,3.5,5.0,8.0,20/07/2025
  residentes ,"2,86 €",48.0,26.0,16.0,14.0,sí,1.0275072716284974,20097.0,mediodía,viernes,distrito 10,2.0,4.0,6.0,28/10/2025
alta rotación,"1,39 €",25.0,16.0,2.0,37.0,no,1.1930302978811977,28255.0,mediodía,lunes,distrito 8,3.3,4.0,0.0,14/07/2025
rotación media,"3,67 €",56.0,68.0,10.0,24.0,sí,0.9979739552795428,9796.0,mediodía,sábado,distrito 1,-99.0,6.0,2.0,09/08/2025
alta rotación,"1,98 €",50.0,35.0,4.0,50.0,no,1.4344435131113376,10705.0,mañana,lunes,distrito 10,-99.0,4.0,8.0,19/08/2025
ALTA ROTACIÓN,"2,25 €",21.0,4.0,8.0,66.0,no,0.8302771010180305,5836.0,tarde,sábado,distrito 4,4.1,4.0,3.0,30/10/2025
rotación media,"1,62 €",20.0,13.0,4.0,68.0,sí,1.1668036524645746,5114.0,mañana,lunes,distrito 3,2.0,1.0,2.0,05/08/2025
alta rotación,"2,64 €",11.0,11.0,4.0,5.0,sí,0.4794002265854256,8825.0,mediodía,sábado,distrito 10,3.9,4.0,0.0,01/09/2025
  rotación media ,"2,05 €",50.0,16.0,3.0,114.0,sí,0.783813939701056,23721.0,mañana,sábado,distrito 6,3.2,5.0,0.0,23/08/2025
alta rotacion,"1,49 €",19.0,7.0,4.0,61.0,sí,1.060186921754789,7009.0,tarde,lunes,distrito 9,2.1,2.0,3.0,29/04/2025
residentes,"2,11 €",31.0,13.0,22.0,117.0,sí,0.8482518823696461,5545.0,mediodía,jueves,distrito 11,2.4,0.0,3.0,03/02/2025
RESIDENTES,"3,64 €",40.0,11.0,6.0,74.0,sí,0.3279228238238478,9578.0,tarde,viernes,distrito 2,3.2,3.0,3.0,09/01/2025
alta rotacion,"2,38 €",47.0,24.0,24.0,59.0,sí,1.1575824618416073,7258.0,tarde,martes,distrito 6,4.3,5.0,5.0,07/04/2025
rotación media,"2,20 €",8.0,12.0,4.0,43.0,no,0.9369571065170212,16699.0,mañana,martes,distrito 8,5.5,3.0,4.0,25/04/2025
larga estancia,"2,68 €",39.0,12.0,4.0,11.0,sí,0.8289991177274241,10729.0,mediodía,lunes,distrito 8,3.1,1.0,2.0,11/09/2025
residentes,"1,36 €",51.0,36.0,2.0,243.0,sí,1.0356657064499304,11289.0,mediodía,jueves,distrito 5,1.6,2.0,7.0,02/10/2025
ROTACIÓN MEDIA,"0,64 €",28.0,11.0,0.0,73.0,no,0.9240767157459262,6150.0,mañana,sábado,distrito 7,2.8,2.0,1.0,27/08/2025
ALTA ROTACIÓN,"2,59 €",60.0,10.0,3.0,3.0,sí,0.46647763195850894,2511.0,tarde,viernes,distrito 7,3.1,3.0,8.0,23/10/2025
LARGA ESTANCIA,"2,03 €",27.0,37.0,20.0,28.0,no,1.1468278897922692,13957.0,tarde,viernes,distrito 5,-99.0,5.0,6.0,26/06/2025
rotación media,"1,38 €",43.0,25.0,5.0,159.0,sí,1.088879574345372,2948.0,mañana,jueves,distrito 3,0.8,1.0,0.0,23/03/2025
alta rotacion,"1,36 €",30.0,16.0,6.0,113.0,no,1.7027852835827253,6961.0,mañana,lunes,distrito 6,4.2,5.0,4.0,23/09/2025
larga estancia,"2,10 €",7.0,22.0,2.0,3.0,sí,0.9220443881019198,8058.0,tarde,jueves,distrito 4,3.9,3.0,2.0,22/01/2025
residentes,"2,53 €",55.0,8.0,7.0,85.0,sí,0.537952045910264,5402.0,mediodía,miércoles,distrito 7,1.9,1.0,7.0,04/07/2025
rotación media,"2,40 €",51.0,16.0,9.0,104.0,sí,0.9374012732418638,3582.0,mediodía,miércoles,distrito 11,2.3,1.0,2.0,04/06/2025
rotación media,"0,76 €",46.0,9.0,7.0,69.0,sí,1.711893438066988,5686.0,mañana,miércoles,distrito 5,2.1,5.0,0.0,18/10/2025
larga estancia,"0,84 €",13.0,41.0,20.0,10.0,sí,1.7239007748623099,11864.0,mañana,martes,distrito 4,-99.0,0.0,0.0,27/08/2025
  rotación media ,"1,06 €",29.0,11.0,3.0,34.0,sí,1.1427927058025689,5831.0,mañana,martes,distrito 3,1.7,3.0,6.0,12/04/2025
alta rotación,"1,54 €",49.0,55.0,11.0,42.0,no,1.8873715773638262,12809.0,mediodía,jueves,distrito 8,3.9,1.0,8.0,18/04/2025
rotación media,"0,50 €",51.0,4.0,8.0,47.0,sí,1.3315703716612965,17698.0,mañana,miércoles,distrito 8,5.2,6.0,4.0,27/08/2025
rotación media,"1,36 €",11.0,17.0,12.0,109.0,sí,1.4234236095001802,10218.0,mediodía,sábado,distrito 10,4.7,1.0,7.0,01/04/2025
residentes,"3,19 €",47.0,13.0,11.0,80.0,sí,0.5880474686853929,7331.0,mediodía,martes,distrito 6,2.2,4.0,4.0,03/07/2025
alta rotación,"0,92 €",30.0,30.0,3.0,81.0,no,1.801331612736356,2032.0,mediodía,sábado,distrito 1,5.0,5.0,1.0,05/05/2025
alta rotacion,"2,03 €",54.0,11.0,9.0,26.0,sí,0.7978832987715735,8095.0,mañana,martes,distrito 5,1.7,5.0,2.0,08/07/2025
alta rotación,"2,04 €",36.0,7.0,3.0,2.0,sí,0.9112436486370821,5517.0,mañana,jueves,distrito 1,3.0,6.0,3.0,29/06/2025
residentes,"1,72 €",38.0,6.0,0.0,77.0,sí,1.1519738743222476,5404.0,mediodía,miércoles,distrito 6,3.1,2.0,0.0,18/07/2025
residentes,"2,00 €",27.0,4.0,6.0,5.0,sí,0.9023653358759962,8247.0,tarde,miércoles,distrito 5,4.2,1.0,4.0,01/05/2025
alta rotación,"1,03 €",18.0,10.0,14.0,2.0,sí,1.599643411090279,16214.0,mañana,jueves,distrito 3,3.4,6.0,3.0,05/08/2025
ROTACIÓN MEDIA,"1,84 €",44.0,4.0,3.0,90.0,no,0.8277402315039197,6584.0,tarde,miércoles,distrito 6,2.0,4.0,0.0,03/08/2025
larga estancia,"2,43 €",16.0,32.0,1.0,14.0,sí,0.7340144590129737,5960.0,mañana,sábado,distrito 4,3.4,1.0,5.0,14/09/2025
rotación media,"2,62 €",44.0,12.0,26.0,24.0,sí,1.186295941270951,6453.0,mediodía,martes,distrito 4,2.5,0.0,6.0,13/02/2025
larga estancia,"1,83 €",46.0,9.0,5.0,57.0,no,0.8148005735555358,2683.0,mediodía,viernes,distrito 3,2.1,2.0,2.0,19/10/2025
rotación media,"2,11 €",17.0,23.0,20.0,33.0,sí,0.9948040670654332,12411.0,mediodía,jueves,distrito 3,1.5,1.0,5.0,26/01/2025
larga estancia,"1,80 €",15.0,17.0,6.0,71.0,no,0.9418986351413113,11277.0,mañana,jueves,distrito 6,-99.0,5.0,1.0,09/10/2025
alta rotación,"0,50 €",14.0,20.0,4.0,32.0,no,1.8109102008940252,10116.0,mañana,sábado,distrito 6,3.1,0.0,8.0,22/04/2025
alta rotación,"2,00 €",14.0,10.0,6.0,21.0,sí,0.9496275065535829,10087.0,mediodía,sábado,distrito 8,2.6,3.0,4.0,13/02/2025
larga estancia,"2,48 €",18.0,29.0,3.0,42.0,sí,0.7106412357617502,14483.0,mañana,jueves,distrito 9,4.7,4.0,1.0,07/03/2025
alta rotación,"1,75 €",37.0,16.0,46.0,48.0,no,0.9738687133642032,5754.0,mañana,lunes,distrito 8,3.1,0.0,2.0,08/10/2025
rotación media,"2,13 €",17.0,5.0,9.0,65.0,sí,0.9850616821789351,18842.0,mañana,jueves,distrito 7,2.3,1.0,7.0,20/03/2025
rotacion media,"2,05 €",26.0,22.0,13.0,40.0,no,0.945491939821625,20397.0,mediodía,martes,distrito 8,2.8,1.0,4.0,10/03/2025
residentes,"3,04 €",36.0,20.0,13.0,40.0,no,0.9940578835262474,5937.0,tarde,viernes,distrito 10,2.0,3.0,4.0,09/08/2025
rotación media,"2,67 €",37.0,12.0,17.0,70.0,sí,1.1427532846685233,3478.0,mediodía,martes,distrito 6,3.8,6.0,0.0,21/02/2025
rotación media,"2,42 €",16.0,51.0,0.0,0.0,no,1.1560075475351643,12958.0,mañana,jueves,distrito 9,3.6,1.0,0.0,13/09/2025
alta rotación,"2,82 €",52.0,7.0,4.0,41.0,sí,0.6031167284082208,7396.0,tarde,martes,distrito 8,4.1,6.0,1.0,21/02/2025
RESIDENTES,"2,04 €",14.0,7.0,4.0,43.0,no,1.0668630416151577,22279.0,mediodía,martes,distrito 10,3.3,4.0,2.0,30/06/2025
larga estancia,"2,26 €",44.0,36.0,4.0,10.0,sí,0.9524192087361788,12716.0,mediodía,jueves,distrito 2,4.5,6.0,2.0,28/04/2025
larga estancia,"1,23 €",51.0,42.0,40.0,85.0,no,1.5893834791862378,5684.0,mañana,jueves,distrito 7,4.0,6.0,7.0,28/05/2025
alta rotacion,"2,55 €",53.0,14.0,22.0,15.0,no,1.2153703424461115,9916.0,mediodía,viernes,distrito 3,4.2,3.0,0.0,02/02/2025
residentes,"2,79 €",23.0,9.0,9.0,12.0,sí,0.5525921355519596,27525.0,mediodía,sábado,distrito 5,-99.0,6.0,3.0,24/03/2025
rotación media,"1,39 €",46.0,12.0,1.0,6.0,sí,1.0176995385235748,5507.0,mediodía,miércoles,distrito 4,2.6,1.0,1.0,28/09/2025
RESIDENTES,"1,67 €",22.0,22.0,13.0,56.0,sí,1.2798110030899679,11249.0,mañana,lunes,distrito 9,4.2,3.0,6.0,20/09/2025
larga estancia,"2,72 €",16.0,21.0,16.0,54.0,no,0.9560779862211141,12766.0,mañana,viernes,distrito 4,2.3,3.0,1.0,20/04/2025
rotación media,"1,12 €",59.0,42.0,4.0,92.0,sí,1.2930097555580071,9079.0,mañana,martes,distrito 5,1.4,6.0,1.0,07/01/2025
rotación media,"1,67 €",23.0,10.0,4.0,18.0,no,1.2390564291132333,29708.0,mediodía,sábado,distrito 7,3.9,6.0,2.0,02/05/2025
larga estancia,"1,72 €",24.0,17.0,9.0,35.0,sí,1.0934374120202703,7773.0,mediodía,sábado,distrito 6,-99.0,3.0,1.0,09/03/2025
residentes,"2,37 €",8.0,4.0,6.0,43.0,sí,0.8701582950709245,18688.0,tarde,lunes,distrito 6,3.9,3.0,7.0,21/02/2025
alta rotación,"2,53 €",27.0,26.0,10.0,14.0,sí,0.8339091020964053,18507.0,mediodía,sábado,distrito 6,3.0,4.0,0.0,01/10/2025
alta rotacion,"2,24 €",13.0,26.0,7.0,22.0,sí,0.893354001593204,8934.0,mediodía,viernes,distrito 8,4.2,5.0,6.0,01/03/2025
rotación media,"2,50 €",56.0,17.0,5.0,53.0,sí,1.179975338521843,8362.0,mañana,viernes,distrito 11,2.2,2.0,5.0,02/06/2025
rotación media,"2,07 €",29.0,6.0,2.0,16.0,sí,1.2814127639449477,8619.0,tarde,viernes,distrito 10,2.3,2.0,2.0,05/09/2025
rotacion media,"1,83 €",50.0,1.0,1.0,66.0,sí,0.35511712411753027,14975.0,tarde,lunes,distrito 7,2.4,6.0,7.0,26/05/2025
larga estancia,"2,20 €",16.0,28.0,9.0,74.0,sí,1.0507908144453244,32520.0,mediodía,jueves,distrito 11,3.4,6.0,4.0,28/03/2025
larga estancia,"2,89 €",19.0,20.0,5.0,203.0,sí,0.4724300003009835,29100.0,mediodía,miércoles,distrito 7,3.0,6.0,2.0,17/02/2025
rotación media,"2,45 €",55.0,33.0,3.0,89.0,sí,0.7685659774989722,6588.0,tarde,viernes,distrito 4,3.4,1.0,1.0,25/06/2025
larga estancia,"2,13 €",48.0,28.0,0.0,36.0,sí,0.5567396811453755,11410.0,tarde,jueves,distrito 8,6.4,0.0,8.0,01/03/2025
  alta rotación ,"2,84 €",9.0,32.0,1.0,19.0,sí,0.6102340162889246,16355.0,mañana,jueves,distrito 11,3.0,2.0,8.0,17/04/2025
LARGA ESTANCIA,"2,45 €",6.0,16.0,17.0,9.0,sí,1.158915729600435,12616.0,mediodía,viernes,distrito 11,2.7,3.0,6.0,07/09/2025
larga estancia,"0,86 €",50.0,14.0,15.0,21.0,sí,1.3126006243169266,3148.0,mañana,viernes,distrito 2,6.0,1.0,0.0,10/04/2025
rotación media,"3,18 €",21.0,4.0,4.0,98.0,no,0.3796238130645103,5600.0,tarde,miércoles,distrito 4,3.8,6.0,1.0,13/07/2025
rotación media,"2,42 €",25.0,50.0,24.0,21.0,sí,1.4226537648055315,12421.0,mañana,miércoles,distrito 4,1.6,1.0,4.0,27/09/2025
rotación media,"1,18 €",55.0,7.0,0.0,30.0,no,1.2685270568532891,8156.0,mediodía,lunes,distrito 5,3.1,6.0,6.0,21/05/2025
rotación media,"3,56 €",14.0,30.0,34.0,128.0,sí,0.7230409652522696,2409.0,tarde,sábado,distrito 3,3.0,0.0,8.0,07/01/2025
  rotación media ,"0,71 €",44.0,24.0,19.0,27.0,sí,1.4679556387709531,10828.0,mediodía,martes,distrito 3,2.2,0.0,0.0,18/07/2025
residentes,"3,09 €",45.0,9.0,12.0,30.0,no,1.058282263159855,4755.0,tarde,jueves,distrito 2,1.1,1.0,6.0,13/10/2025
larga estancia,"1,54 €",41.0,10.0,5.0,60.0,sí,0.9682176001583701,19476.0,mañana,miércoles,distrito 4,3.0,6.0,6.0,19/03/2025
larga estancia,"3,67 €",27.0,33.0,4.0,82.0,sí,0.6371279443344873,6148.0,mediodía,sábado,distrito 11,3.4,2.0,6.0,12/05/2025
residentes,"2,43 €",27.0,50.0,1.0,176.0,sí,0.917575215593395,18998.0,mediodía,jueves,distrito 4,4.2,0.0,6.0,12/10/2025
RESIDENTES,"2,34 €",20.0,13.0,24.0,132.0,no,1.4393613771671854,20517.0,mediodía,miércoles,distrito 10,3.7,0.0,5.0,12/07/2025
rotación media,"2,44 €",52.0,4.0,1.0,57.0,no,0.6827923764305688,6996.0,tarde,lunes,distrito 10,3.2,2.0,4.0,15/07/2025
larga estancia,"1,16 €",24.0,2.0,20.0,18.0,sí,0.5719756163639746,13748.0,mañana,lunes,distrito 2,2.9,6.0,4.0,26/07/2025
rotación media,"1,76 €",55.0,36.0,6.0,124.0,sí,1.0887095024321816,4615.0,mañana,sábado,distrito 3,3.1,2.0,4.0,04/08/2025
larga estancia,"2,60 €",42.0,7.0,8.0,70.0,sí,0.7562207269180294,18074.0,mediodía,viernes,distrito 5,4.5,0.0,6.0,12/03/2025
rotación media,"3,58 €",49.0,32.0,0.0,185.0,sí,0.7492872954544991,4499.0,tarde,jueves,distrito 9,3.0,0.0,8.0,31/07/2025
  residentes ,"2,31 €",13.0,27.0,11.0,122.0,sí,0.9489013912105129,8386.0,mañana,miércoles,distrito 4,2.2,5.0,4.0,24/02/2025
larga estancia,"1,14 €",24.0,6.0,9.0,12.0,sí,1.0537769682396643,7339.0,tarde,miércoles,distrito 10,1.7,6.0,2.0,15/03/2025
rotación media,"1,28 €",41.0,13.0,6.0,120.0,sí,1.386395343616484,5797.0,tarde,sábado,distrito 3,1.9,2.0,4.0,26/09/2025
alta rotación,"1,41 €",28.0,5.0,7.0,39.0,sí,0.8712542717545186,19438.0,mañana,jueves,distrito 2,3.3,3.0,8.0,20/02/2025
rotación media,"1,65 €",54.0,18.0,10.0,37.0,sí,1.43209590302774,10621.0,mediodía,jueves,distrito 2,1.7,4.0,2.0,01/06/2025
  larga estancia ,"2,85 €",52.0,19.0,19.0,35.0,sí,1.2339754208296083,41262.0,tarde,lunes,distrito 10,1.7,2.0,6.0,15/05/2025
ROTACIÓN MEDIA,"2,23 €",34.0,30.0,11.0,100.0,sí,1.2083808178358848,8545.0,mañana,viernes,distrito 8,4.7,3.0,3.0,12/05/2025
alta rotación,"2,04 €",50.0,9.0,7.0,92.0,no,1.2103315431246549,4808.0,tarde,miércoles,distrito 5,2.5,1.0,4.0,19/07/2025
residentes,"1,41 €",50.0,18.0,15.0,153.0,sí,1.5887591976222448,7520.0,tarde,viernes,distrito 10,5.4,3.0,8.0,18/10/2025
alta rotación,"2,48 €",23.0,13.0,5.0,39.0,sí,1.298822201852652,6221.0,mediodía,sábado,distrito 5,3.6,5.0,5.0,03/09/2025
alta rotación,"2,84 €",32.0,19.0,34.0,25.0,sí,0.7866655025480181,6416.0,mañana,sábado,distrito 4,3.7,5.0,0.0,14/10/2025
alta rotación,"2,89 €",42.0,5.0,1.0,23.0,sí,0.08234211469954594,20616.0,mañana,lunes,distrito 8,2.0,0.0,2.0,29/09/2025
rotación media,"2,04 €",40.0,30.0,7.0,49.0,sí,0.9829660021261294,4955.0,mediodía,martes,distrito 10,3.1,2.0,5.0,26/09/2025
rotación media,"1,82 €",16.0,8.0,9.0,8.0,sí,1.0186951781315128,8283.0,tarde,jueves,distrito 1,2.5,3.0,7.0,23/01/2025
larga estancia,"3,11 €",19.0,2.0,5.0,39.0,sí,0.6688077756522539,25919.0,mañana,viernes,distrito 4,1.6,5.0,5.0,04/05/2025
residentes,"1,06 €",30.0,29.0,20.0,57.0,sí,1.6755878695828976,22816.0,mañana,miércoles,distrito 6,3.1,1.0,7.0,30/07/2025
larga estancia,"1,80 €",6.0,19.0,22.0,46.0,sí,0.9776027361713805,4648.0,mañana,sábado,distrito 7,3.4,6.0,3.0,11/06/2025
residentes,"2,40 €",20.0,1.0,4.0,54.0,no,0.6744382267412832,9735.0,tarde,lunes,distrito 6,3.7,6.0,3.0,16/04/2025
rotacion media,"1,43 €",17.0,23.0,2.0,97.0,sí,0.9714389114498027,4615.0,tarde,jueves,distrito 11,3.6,4.0,5.0,15/06/2025
rotación media,"2,05 €",8.0,39.0,11.0,6.0,no,1.0537628253216424,22227.0,mañana,martes,distrito 6,3.6,0.0,2.0,11/01/2025
residentes,"2,46 €",10.0,31.0,23.0,96.0,sí,1.161559897936805,13085.0,tarde,sábado,distrito 11,4.4,6.0,1.0,14/02/2025
rotación media,"2,81 €",43.0,5.0,5.0,63.0,sí,0.7903057072438632,6763.0,mediodía,martes,distrito 8,3.5,5.0,8.0,22/01/2025
larga estancia,"1,48 €",28.0,18.0,1.0,13.0,sí,0.9768617565132476,11607.0,tarde,lunes,distrito 11,3.8,5.0,1.0,21/03/2025
rotación media,"2,78 €",35.0,22.0,41.0,10.0,sí,1.2546051288010371,4052.0,tarde,miércoles,distrito 5,3.7,4.0,4.0,24/10/2025
  alta rotación ,"2,77 €",27.0,2.0,8.0,139.0,sí,0.5917772632153891,15263.0,tarde,miércoles,distrito 8,2.6,6.0,7.0,31/10/2025
residentes,"2,35 €",56.0,2.0,7.0,64.0,sí,0.8066554511574254,21046.0,mañana,sábado,distrito 1,2.9,0.0,6.0,12/08/2025
rotación media,"1,76 €",54.0,8.0,11.0,4.0,sí,1.4794272166606577,7872.0,tarde,viernes,distrito 10,0.8,1.0,4.0,07/05/2025
alta rotación,"1,72 €",52.0,17.0,8.0,93.0,sí,1.2962443869534663,12702.0,mediodía,miércoles,distrito 3,3.6,3.0,5.0,23/06/2025
residentes,"0,66 €",16.0,56.0,8.0,47.0,no,1.999555553899809,2628.0,mediodía,martes,distrito 6,2.0,5.0,5.0,10/03/2025
rotación media,"2,31 €",7.0,8.0,5.0,105.0,sí,0.6355044219764976,23432.0,tarde,jueves,distrito 8,4.3,3.0,0.0,02/05/2025
alta rotación,"2,62 €",28.0,11.0,13.0,108.0,sí,0.878709170981735,7209.0,mañana,sábado,distrito 10,1.7,5.0,6.0,12/07/2025
ALTA ROTACIÓN,"2,41 €",49.0,9.0,24.0,142.0,sí,0.8405698260046985,10865.0,mañana,miércoles,distrito 8,-99.0,1.0,1.0,11/09/2025
alta rotación,"3,39 €",51.0,14.0,5.0,73.0,sí,0.6090918125558623,5255.0,tarde,martes,distrito 9,0.8,2.0,0.0,13/02/2025
larga estancia,"3,29 €",41.0,57.0,11.0,11.0,sí,0.9130157373039125,19282.0,tarde,viernes,distrito 7,1.2,0.0,2.0,09/03/2025
larga estancia,"3,06 €",6.0,12.0,12.0,111.0,sí,0.6472489849440162,2715.0,mañana,martes,distrito 10,-99.0,5.0,5.0,09/01/2025
rotación media,"1,92 €",25.0,18.0,12.0,37.0,sí,0.7066772494268811,6588.0,mañana,viernes,distrito 7,3.9,2.0,6.0,31/05/2025
larga estancia,"1,40 €",15.0,6.0,16.0,46.0,sí,1.149830084609953,11853.0,mañana,miércoles,distrito 7,2.1,3.0,7.0,25/02/2025
rotación media,"2,83 €",18.0,31.0,12.0,102.0,sí,0.854924744421346,11304.0,tarde,viernes,distrito 4,2.9,0.0,7.0,02/09/2025
alta rotación,"2,29 €",54.0,40.0,12.0,89.0,sí,1.262652176894486,18381.0,tarde,jueves,distrito 8,4.3,2.0,4.0,24/07/2025
rotación media,"2,84 €",52.0,18.0,11.0,86.0,no,1.254426580431783,31713.0,mañana,martes,distrito 4,2.6,2.0,5.0,29/07/2025
residentes,"2,62 €",29.0,7.0,1.0,68.0,sí,0.6183936137960951,11545.0,mañana,viernes,distrito 11,6.1,0.0,2.0,10/10/2025
residentes,"1,60 €",27.0,10.0,5.0,47.0,sí,0.705920326584485,4400.0,mañana,viernes,distrito 10,4.8,4.0,5.0,27/07/2025
  rotación media ,"1,57 €",29.0,11.0,4.0,159.0,sí,0.6990719756807229,8376.0,mediodía,martes,distrito 3,3.3,4.0,0.0,20/08/2025
rotación media,"3,18 €",50.0,2.0,1.0,20.0,sí,0.16415521314892562,12329.0,tarde,viernes,distrito 11,4.6,5.0,7.0,06/07/2025
alta rotación,"2,94 €",29.0,39.0,1.0,83.0,no,0.9351890994173431,6505.0,tarde,miércoles,distrito 9,5.1,1.0,8.0,05/04/2025
residentes,"1,12 €",6.0,18.0,3.0,49.0,sí,1.5785197013062309,6144.0,mediodía,sábado,distrito 4,4.8,6.0,3.0,20/02/2025
rotación media,"2,66 €",26.0,28.0,7.0,17.0,no,1.1584970993343484,10213.0,mañana,sábado,distrito 11,1.9,1.0,1.0,04/10/2025
  alta rotación ,"0,72 €",31.0,20.0,3.0,48.0,no,1.4231891081399468,9287.0,mañana,lunes,distrito 7,2.1,0.0,4.0,26/05/2025
alta rotación,"2,55 €",58.0,6.0,2.0,96.0,sí,0.48732503692658424,3982.0,mañana,martes,distrito 8,1.4,2.0,7.0,15/06/2025
ALTA ROTACIÓN,"0,86 €",44.0,22.0,11.0,68.0,sí,1.6485695126076914,4129.0,tarde,jueves,distrito 8,1.9,5.0,7.0,20/08/2025
rotación media,"3,01 €",13.0,23.0,32.0,8.0,no,1.4072103524167656,2882.0,tarde,miércoles,distrito 5,4.4,0.0,3.0,05/06/2025
larga estancia,"2,08 €",12.0,34.0,23.0,12.0,sí,1.2403087223587081,6770.0,tarde,miércoles,distrito 6,3.9,6.0,1.0,15/08/2025
RESIDENTES,"2,93 €",57.0,8.0,35.0,27.0,sí,1.3057667782055962,6596.0,mediodía,martes,distrito 2,4.0,6.0,4.0,29/01/2025
alta rotación,"2,66 €",51.0,16.0,5.0,29.0,sí,0.9763251152181203,10264.0,tarde,martes,distrito 1,5.1,0.0,2.0,16/04/2025
rotación media,"2,74 €",53.0,6.0,9.0,39.0,sí,0.6782755811527812,21100.0,mediodía,martes,distrito 2,1.6,6.0,4.0,24/03/2025
alta rotación,"1,86 €",24.0,35.0,1.0,43.0,no,1.3631056655655571,14270.0,mediodía,martes,distrito 5,3.4,3.0,3.0,17/10/2025
larga estancia,"1,46 €",56.0,17.0,4.0,104.0,sí,1.2762025577856657,10682.0,mediodía,miércoles,distrito 8,0.8,1.0,7.0,07/09/2025
  larga estancia ,"2,00 €",28.0,13.0,7.0,11.0,no,1.2034133858440916,6875.0,mañana,martes,distrito 8,4.4,0.0,0.0,01/09/2025
ROTACIÓN MEDIA,"2,54 €",39.0,20.0,1.0,89.0,sí,0.7577935744880738,32168.0,mañana,martes,distrito 1,4.2,5.0,3.0,19/09/2025
larga estancia,"1,97 €",49.0,14.0,3.0,39.0,sí,1.088645498314688,8200.0,tarde,martes,distrito 11,2.0,3.0,8.0,11/02/2025
alta rotación,"2,38 €",38.0,64.0,2.0,43.0,sí,0.9038283464347352,16783.0,mediodía,martes,distrito 8,5.4,1.0,5.0,01/10/2025
larga estancia,"1,92 €",31.0,19.0,3.0,5.0,sí,0.9997240960322417,5675.0,tarde,sábado,distrito 2,4.0,6.0,4.0,25/06/2025
rotación media,"1,53 €",29.0,6.0,17.0,84.0,sí,0.9332782443017613,4079.0,mediodía,lunes,distrito 3,2.5,4.0,4.0,14/08/2025
alta rotación,"2,36 €",41.0,5.0,19.0,33.0,sí,1.1929079769130386,7590.0,mediodía,miércoles,distrito 5,1.4,0.0,5.0,15/06/2025
residentes,"1,79 €",7.0,35.0,19.0,11.0,sí,1.3802880912753086,5659.0,mediodía,martes,distrito 11,2.7,5.0,6.0,25/07/2025
alta rotación,"1,78 €",56.0,23.0,18.0,43.0,sí,1.1911369332643835,7378.0,mañana,miércoles,distrito 5,4.9,4.0,7.0,06/10/2025
rotación media,"2,89 €",28.0,4.0,4.0,99.0,no,0.3365850367115287,3302.0,mañana,lunes,distrito 2,4.5,0.0,0.0,10/08/2025
residentes,"1,54 €",16.0,20.0,4.0,30.0,sí,1.1735458421778289,12927.0,tarde,miércoles,distrito 3,2.0,5.0,8.0,30/08/2025
rotación media,"1,83 €",45.0,15.0,6.0,36.0,sí,1.0508934237844751,9424.0,tarde,viernes,distrito 2,2.9,6.0,3.0,20/03/2025
  larga estancia ,"2,33 €",27.0,32.0,0.0,49.0,no,1.326268431624428,5149.0,mañana,lunes,distrito 10,2.0,5.0,0.0,30/01/2025
larga estancia,"2,75 €",18.0,26.0,1.0,130.0,no,0.7239608820320207,8731.0,tarde,lunes,distrito 9,2.2,2.0,0.0,04/04/2025
alta rotación,"2,47 €",51.0,21.0,0.0,77.0,sí,0.2921728276739664,5824.0,tarde,lunes,distrito 2,5.0,6.0,2.0,09/07/2025
larga estancia,"2,91 €",39.0,17.0,5.0,46.0,sí,0.8897725671305496,4495.0,mañana,jueves,distrito 8,2.9,2.0,7.0,12/06/2025
alta rotación,"2,02 €",10.0,14.0,14.0,186.0,no,1.2142206213057183,11696.0,tarde,viernes,distrito 8,-99.0,2.0,6.0,14/01/2025
alta rotación,"1,77 €",47.0,1.0,29.0,43.0,no,0.8937175568959772,3490.0,mediodía,jueves,distrito 9,3.0,5.0,7.0,18/01/2025
rotación media,"2,23 €",21.0,15.0,7.0,33.0,sí,1.2230578860931154,4513.0,mediodía,sábado,distrito 10,4.1,6.0,3.0,06/07/2025
larga estancia,"1,95 €",25.0,6.0,20.0,23.0,no,1.1172592355288482,14361.0,mañana,viernes,distrito 3,0.8,3.0,0.0,05/07/2025
alta rotacion,"1,63 €",25.0,23.0,1.0,46.0,sí,1.0178925099009666,9464.0,mañana,lunes,distrito 5,4.2,3.0,1.0,09/05/2025
residentes,"2,08 €",13.0,17.0,7.0,75.0,no,1.2331445453987389,16226.0,mediodía,viernes,distrito 4,-99.0,6.0,3.0,10/09/2025
residentes,"3,29 €",25.0,10.0,0.0,46.0,sí,0.267732667246373,21776.0,tarde,sábado,distrito 9,2.3,5.0,7.0,24/08/2025
  rotación media ,"0,50 €",30.0,51.0,2.0,92.0,no,2.0182550196980933,15782.0,tarde,martes,distrito 2,3.7,3.0,4.0,23/07/2025
larga estancia,"2,07 €",43.0,30.0,9.0,178.0,sí,1.2125501811410806,12924.0,mañana,jueves,distrito 9,2.7,1.0,3.0,05/07/2025
alta rotación,"1,43 €",18.0,10.0,5.0,108.0,sí,1.0877873850542048,12514.0,mañana,martes,distrito 11,3.3,3.0,6.0,13/07/2025
  rotación media ,"1,82 €",51.0,26.0,9.0,120.0,sí,1.0525639518814671,7911.0,mediodía,viernes,distrito 8,3.1,4.0,0.0,04/05/2025
larga estancia,"2,03 €",60.0,2.0,6.0,2.0,no,1.3727487565995469,6546.0,tarde,lunes,distrito 11,1.3,6.0,1.0,22/09/2025
rotacion media,"1,90 €",25.0,10.0,6.0,273.0,sí,0.9751967544351325,5087.0,tarde,miércoles,distrito 5,4.0,4.0,7.0,25/01/2025
alta rotación,"1,97 €",26.0,18.0,0.0,43.0,sí,0.5491672903547307,10730.0,tarde,viernes,distrito 9,0.8,5.0,6.0,19/08/2025
alta rotación,"3,79 €",6.0,21.0,1.0,12.0,no,0.8729042545760228,10114.0,mediodía,viernes,distrito 9,6.0,5.0,2.0,18/08/2025
larga estancia,"1,62 €",37.0,24.0,21.0,27.0,sí,0.9380440362032383,14031.0,mediodía,viernes,distrito 10,2.5,6.0,7.0,07/07/2025
rotación media,"1,30 €",49.0,13.0,1.0,99.0,sí,0.9522429957767135,6332.0,tarde,martes,distrito 2,2.0,0.0,1.0,23/05/2025
  larga estancia ,"3,08 €",14.0,23.0,8.0,55.0,sí,0.7999256867042398,14380.0,mediodía,miércoles,distrito 10,2.6,1.0,8.0,08/06/2025
rotación media,"2,40 €",34.0,29.0,9.0,41.0,sí,0.8888507784456491,19570.0,tarde,lunes,distrito 8,1.2,2.0,3.0,26/09/2025
larga estancia,"2,04 €",59.0,44.0,12.0,87.0,sí,1.1045868831319217,3709.0,tarde,martes,distrito 7,0.8,4.0,6.0,02/02/2025
alta rotación,"1,67 €",50.0,28.0,1.0,24.0,sí,1.1481752084855215,12021.0,mediodía,jueves,distrito 4,1.4,0.0,4.0,17/08/2025
rotacion media,"2,35 €",28.0,30.0,17.0,3.0,no,1.5169858792738862,10166.0,mañana,sábado,distrito 7,3.9,6.0,0.0,17/09/2025
ALTA ROTACIÓN,"3,28 €",12.0,29.0,12.0,178.0,sí,0.8458125521923427,6561.0,tarde,viernes,distrito 5,4.1,1.0,2.0,28/01/2025
alta rotacion,"2,77 €",60.0,1.0,4.0,234.0,sí,0.5714577337490145,14406.0,mañana,miércoles,distrito 11,2.9,5.0,0.0,08/06/2025
larga estancia,"1,56 €",22.0,51.0,6.0,111.0,no,1.5597161619168016,7901.0,tarde,sábado,distrito 7,3.4,6.0,3.0,19/05/2025
alta rotación,"1,56 €",12.0,17.0,23.0,50.0,sí,1.2571902121360052,4039.0,tarde,sábado,distrito 7,2.2,6.0,3.0,15/08/2025
rotación media,"1,19 €",18.0,14.0,5.0,41.0,sí,1.433415095245784,7011.0,mediodía,jueves,distrito 6,5.5,3.0,7.0,15/08/2025
alta rotación,"2,86 €",54.0,1.0,2.0,9.0,no,0.9406492125628507,9044.0,mañana,miércoles,distrito 3,4.0,3.0,5.0,27/01/2025
larga estancia,"2,64 €",58.0,30.0,0.0,59.0,sí,0.738048493392979,19124.0,mañana,martes,distrito 4,4.6,3.0,6.0,25/08/2025
larga estancia,"0,50 €",44.0,36.0,16.0,114.0,no,1.7997032933191146,5792.0,mediodía,martes,distrito 2,2.1,1.0,2.0,01/06/2025
rotación media,"2,75 €",18.0,33.0,2.0,64.0,sí,0.4752254973982587,6061.0,mañana,viernes,distrito 9,-99.0,4.0,2.0,08/05/2025
larga estancia,"1,40 €",32.0,6.0,10.0,42.0,no,1.3886035306983364,6120.0,tarde,jueves,distrito 8,3.6,6.0,3.0,13/08/2025
alta rotación,"2,46 €",40.0,81.0,1.0,34.0,sí,0.9530888509049008,13892.0,mediodía,sábado,distrito 11,4.8,5.0,0.0,08/09/2025
alta rotación,"2,04 €",21.0,40.0,6.0,94.0,sí,0.8329759273797623,5157.0,tarde,jueves,distrito 11,4.7,3.0,6.0,22/08/2025
  residentes ,"1,49 €",41.0,21.0,4.0,97.0,sí,0.7881422199732209,6216.0,tarde,viernes,distrito 3,1.6,2.0,6.0,13/05/2025
residentes,"1,67 €",21.0,13.0,1.0,40.0,sí,0.5970900226904798,10006.0,tarde,miércoles,distrito 2,1.9,6.0,0.0,23/06/2025
rotación media,"2,26 €",56.0,52.0,5.0,379.0,sí,0.775938079313828,6439.0,mañana,sábado,distrito 11,4.0,6.0,3.0,15/04/2025
larga estancia,"2,08 €",16.0,19.0,13.0,15.0,no,1.278458419198115,8388.0,mañana,martes,distrito 3,3.5,2.0,6.0,25/09/2025
rotación media,"1,43 €",18.0,14.0,7.0,101.0,no,1.174516740514794,12811.0,mañana,viernes,distrito 9,3.1,4.0,7.0,08/03/2025
residentes,"2,80 €",51.0,42.0,8.0,187.0,no,1.2484514129541318,12501.0,tarde,martes,distrito 7,2.3,4.0,0.0,26/07/2025
alta rotación,"2,08 €",32.0,10.0,19.0,24.0,sí,1.059393767498719,28909.0,mañana,martes,distrito 4,5.6,4.0,6.0,31/01/2025
rotación media,"2,99 €",55.0,52.0,0.0,143.0,sí,0.693785811628491,7875.0,mañana,sábado,distrito 8,2.0,6.0,6.0,02/02/2025
RESIDENTES,"1,62 €",53.0,25.0,18.0,106.0,sí,1.2788419356607208,11108.0,mediodía,miércoles,distrito 2,2.7,2.0,8.0,18/01/2025
residentes,"1,67 €",27.0,25.0,12.0,64.0,sí,1.4606156479513694,18541.0,tarde,viernes,distrito 11,2.7,5.0,0.0,16/01/2025
rotacion media,"2,09 €",54.0,15.0,14.0,167.0,no,1.061754505483585,6141.0,mediodía,sábado,distrito 1,4.6,5.0,5.0,18/08/2025
LARGA ESTANCIA,"1,72 €",24.0,6.0,7.0,81.0,no,0.5888101521976015,15994.0,mediodía,jueves,distrito 11,4.6,3.0,5.0,13/04/2025
larga estancia,"2,75 €",56.0,3.0,1.0,83.0,sí,0.31024310742251276,17239.0,mediodía,viernes,distrito 1,3.2,0.0,1.0,21/06/2025
residentes,"2,30 €",23.0,39.0,19.0,104.0,sí,1.4507074290030606,30045.0,mediodía,lunes,distrito 4,3.1,2.0,8.0,15/01/2025
larga estancia,"3,62 €",56.0,18.0,5.0,17.0,no,0.3594138239572008,24823.0,mañana,jueves,distrito 6,3.7,0.0,6.0,18/06/2025
rotación media,"3,56 €",22.0,13.0,0.0,31.0,sí,0.13665711563686567,7809.0,mediodía,jueves,distrito 2,0.9,5.0,7.0,24/02/2025
residentes,"1,98 €",33.0,43.0,20.0,13.0,no,1.2357846989017531,8609.0,mañana,viernes,distrito 3,1.8,0.0,4.0,15/03/2025
rotación media,"1,15 €",23.0,52.0,24.0,7.0,no,1.700506944618367,6509.0,tarde,martes,distrito 6,1.6,6.0,0.0,10/04/2025
alta rotación,"3,38 €",8.0,58.0,1.0,60.0,sí,0.8033890128505421,11983.0,mediodía,martes,distrito 7,2.3,6.0,1.0,17/03/2025
rotacion media,"1,35 €",37.0,17.0,3.0,42.0,no,1.275720881747712,29850.0,mañana,miércoles,distrito 6,4.9,2.0,3.0,26/10/2025
alta rotación,"1,89 €",21.0,16.0,47.0,76.0,sí,1.0267769886390332,6666.0,mañana,viernes,distrito 9,2.2,6.0,1.0,08/10/2025
rotación media,"1,18 €",17.0,36.0,22.0,107.0,sí,1.293232365611399,4990.0,tarde,jueves,distrito 7,3.7,0.0,2.0,29/04/2025
  larga estancia ,"3,18 €",12.0,44.0,5.0,169.0,sí,0.4469556007998638,13020.0,tarde,miércoles,distrito 3,4.3,6.0,2.0,09/10/2025
larga estancia,"2,81 €",51.0,5.0,3.0,193.0,no,0.6955521142191171,7728.0,tarde,viernes,distrito 7,1.2,3.0,1.0,09/01/2025
alta rotacion,"2,58 €",19.0,9.0,21.0,12.0,sí,0.896603295074925,3278.0,mediodía,miércoles,distrito 6,3.9,4.0,5.0,21/02/2025
alta rotación,"1,92 €",10.0,25.0,10.0,18.0,no,0.937461123087822,14712.0,tarde,martes,distrito 6,4.5,0.0,2.0,08/07/2025
larga estancia,"1,91 €",29.0,12.0,5.0,38.0,sí,1.1700876761128467,8822.0,mañana,viernes,distrito 5,2.1,3.0,5.0,20/03/2025
larga estancia,"1,36 €",35.0,87.0,21.0,155.0,sí,1.6701413447972495,2608.0,mañana,martes,distrito 11,1.0,2.0,1.0,16/02/2025
alta rotación,"1,66 €",16.0,2.0,3.0,55.0,no,0.8545874316506126,8180.0,mediodía,jueves,distrito 8,3.3,4.0,6.0,11/01/2025
residentes,"1,67 €",18.0,52.0,14.0,42.0,sí,1.476211097734155,7722.0,mañana,lunes,distrito 7,2.4,1.0,0.0,19/07/2025
rotación media,"1,73 €",16.0,20.0,34.0,20.0,sí,1.203392267460028,6382.0,mañana,martes,distrito 9,3.5,1.0,4.0,16/04/2025
residentes,"2,38 €",10.0,17.0,6.0,19.0,sí,0.750857647009382,78663.0,mediodía,miércoles,distrito 6,3.0,6.0,3.0,23/08/2025
rotación media,"1,53 €",35.0,13.0,42.0,36.0,sí,1.6209886705242258,15980.0,tarde,jueves,distrito 3,5.0,6.0,1.0,07/07/2025
larga estancia,"2,65 €",25.0,27.0,2.0,68.0,sí,0.5320860399741048,7657.0,tarde,jueves,distrito 6,2.2,3.0,7.0,08/08/2025
larga estancia,"1,80 €",42.0,14.0,2.0,55.0,sí,0.7131836367725806,20170.0,tarde,martes,distrito 8,2.8,6.0,3.0,15/04/2025
residentes,"2,63 €",24.0,31.0,0.0,35.0,sí,0.8535567742147434,7988.0,tarde,martes,distrito 5,2.6,6.0,6.0,18/04/2025
  residentes ,"0,80 €",54.0,43.0,3.0,5.0,sí,1.752313757080076,9806.0,mañana,martes,distrito 4,3.8,4.0,1.0,24/08/2025
LARGA ESTANCIA,"1,47 €",16.0,11.0,4.0,231.0,sí,0.8428727283716182,12987.0,mañana,viernes,distrito 10,6.3,4.0,5.0,14/03/2025
alta rotación,"2,73 €",20.0,28.0,7.0,96.0,sí,0.5872406999708807,15879.0,tarde,miércoles,distrito 7,-99.0,3.0,2.0,25/07/2025
larga estancia,"1,70 €",6.0,14.0,5.0,93.0,sí,0.8208359895378707,14471.0,mediodía,martes,distrito 6,1.8,3.0,2.0,14/01/2025
rotación media,"2,43 €",37.0,17.0,4.0,47.0,no,0.9671126094251162,15269.0,mañana,jueves,distrito 11,4.5,2.0,6.0,17/07/2025
rotación media,"2,49 €",21.0,12.0,2.0,21.0,sí,0.6402611421594633,26290.0,mañana,lunes,distrito 9,3.1,5.0,0.0,06/07/2025
  alta rotación ,"1,78 €",29.0,37.0,19.0,46.0,no,1.1928128830937144,3607.0,mediodía,viernes,distrito 6,-99.0,4.0,7.0,14/10/2025
residentes,"1,42 €",39.0,3.0,21.0,136.0,sí,1.148084965631524,6678.0,mediodía,martes,distrito 1,2.8,1.0,3.0,12/10/2025
alta rotación,"1,21 €",51.0,2.0,35.0,19.0,sí,1.2225034309610623,5814.0,mañana,viernes,distrito 9,3.7,4.0,6.0,16/03/2025
  rotación media ,"3,13 €",44.0,50.0,5.0,39.0,no,0.6082706727703744,16785.0,mediodía,lunes,distrito 1,2.8,5.0,4.0,08/10/2025
alta rotación,"0,82 €",11.0,12.0,13.0,145.0,sí,1.516428747057635,4864.0,mañana,sábado,distrito 4,3.7,0.0,5.0,06/09/2025
larga estancia,"1,90 €",50.0,17.0,9.0,16.0,no,1.0035319451377864,11277.0,mañana,jueves,distrito 2,1.9,2.0,2.0,01/02/2025
alta rotación,"2,10 €",56.0,16.0,2.0,73.0,sí,0.65319831275727,3060.0,tarde,miércoles,distrito 9,2.2,4.0,1.0,07/02/2025
larga estancia,"1,00 €",55.0,27.0,6.0,99.0,sí,1.2739965625434855,7775.0,tarde,viernes,distrito 4,4.2,1.0,8.0,21/03/2025
larga estancia,"2,92 €",54.0,62.0,9.0,82.0,sí,0.6227245961895717,8017.0,tarde,jueves,distrito 5,5.5,4.0,5.0,29/07/2025
larga estancia,"2,60 €",53.0,31.0,1.0,75.0,sí,0.9744810899996275,13917.0,tarde,lunes,distrito 6,2.8,2.0,5.0,02/11/2025
rotacion media,"1,17 €",40.0,15.0,8.0,43.0,no,1.382973351315258,15907.0,mañana,viernes,distrito 9,2.3,4.0,3.0,08/07/2025
alta rotación,"2,49 €",42.0,30.0,11.0,43.0,no,1.2256655089414747,8200.0,mediodía,jueves,distrito 10,2.0,0.0,3.0,30/09/2025
residentes,"1,90 €",35.0,19.0,6.0,37.0,sí,1.3117923131615727,12616.0,mañana,sábado,distrito 1,-99.0,5.0,1.0,18/07/2025
residentes,"0,87 €",22.0,15.0,0.0,20.0,sí,1.018361668347459,15349.0,tarde,viernes,distrito 10,4.8,1.0,2.0,12/04/2025
alta rotación,"2,21 €",33.0,19.0,5.0,50.0,sí,0.7620845736644718,8309.0,mediodía,lunes,distrito 1,6.4,3.0,7.0,08/02/2025
ALTA ROTACIÓN,"1,91 €",29.0,24.0,6.0,9.0,no,1.5162574972118235,16461.0,tarde,viernes,distrito 3,4.6,5.0,7.0,28/01/2025
  alta rotación ,"0,85 €",12.0,13.0,17.0,193.0,sí,1.636431045862726,9376.0,mediodía,lunes,distrito 6,1.7,5.0,3.0,19/06/2025
alta rotación,"2,43 €",14.0,26.0,7.0,188.0,sí,0.7836972918391929,3066.0,mañana,lunes,distrito 5,5.1,4.0,3.0,23/01/2025
alta rotación,"2,30 €",24.0,43.0,32.0,42.0,sí,1.2351353656424786,12601.0,mediodía,jueves,distrito 2,3.5,5.0,8.0,13/04/2025
rotación media,"2,34 €",27.0,8.0,10.0,26.0,no,1.039359023151773,6493.0,tarde,martes,distrito 2,-99.0,4.0,8.0,02/06/2025
larga estancia,"1,82 €",11.0,5.0,24.0,58.0,no,0.6154330584495403,5146.0,tarde,sábado,distrito 8,4.5,5.0,5.0,19/08/2025
alta rotación,"1,42 €",32.0,45.0,3.0,112.0,no,1.4417129574384897,4200.0,tarde,lunes,distrito 3,4.7,1.0,6.0,22/03/2025
rotacion media,"2,42 €",29.0,26.0,4.0,80.0,no,0.96902637738387,9974.0,mediodía,jueves,distrito 2,3.2,6.0,1.0,07/08/2025
rotación media,"2,91 €",45.0,10.0,29.0,43.0,no,1.9132855863140235,20610.0,mañana,miércoles,distrito 2,-99.0,5.0,6.0,05/10/2025
residentes,"2,39 €",13.0,16.0,14.0,78.0,sí,1.245109684767443,19488.0,mediodía,miércoles,distrito 9,-99.0,4.0,2.0,10/08/2025
residentes,"2,53 €",47.0,7.0,8.0,105.0,no,1.2107672452237308,8776.0,mediodía,sábado,distrito 8,1.4,0.0,6.0,09/04/2025
rotación media,"2,62 €",11.0,14.0,4.0,49.0,sí,0.5174481937069133,8697.0,tarde,lunes,distrito 4,3.5,3.0,2.0,03/10/2025
rotación media,"3,56 €",26.0,25.0,2.0,104.0,no,0.9446750035243545,10746.0,tarde,martes,distrito 4,0.8,3.0,3.0,28/03/2025
rotacion media,"2,44 €",27.0,9.0,3.0,21.0,no,0.5173881195454093,8900.0,mañana,lunes,distrito 6,3.0,0.0,5.0,19/05/2025
rotación media,"1,60 €",57.0,3.0,3.0,53.0,no,0.8906886029646047,3349.0,tarde,sábado,distrito 3,5.2,4.0,4.0,01/07/2025
rotación media,"3,19 €",41.0,31.0,29.0,76.0,sí,0.9369762812590849,10427.0,tarde,miércoles,distrito 4,3.4,6.0,4.0,12/05/2025
larga estancia,"2,11 €",54.0,11.0,2.0,36.0,no,0.6834237708944068,13516.0,mediodía,miércoles,distrito 4,5.0,0.0,0.0,12/04/2025
rotación media,"2,78 €",60.0,6.0,16.0,31.0,no,0.9574087547669027,16494.0,tarde,sábado,distrito 11,3.4,2.0,7.0,29/06/2025
  residentes ,"1,17 €",14.0,16.0,4.0,43.0,no,1.4798521398634354,11743.0,mañana,sábado,distrito 7,3.9,6.0,1.0,17/05/2025
rotación media,"0,86 €",7.0,15.0,3.0,64.0,sí,1.412490939362986,13893.0,tarde,miércoles,distrito 10,-99.0,0.0,8.0,25/04/2025
ALTA ROTACIÓN,"1,73 €",22.0,16.0,28.0,14.0,no,1.1842487294612976,6653.0,mediodía,miércoles,distrito 3,3.8,4.0,4.0,18/01/2025
rotación media,"3,17 €",36.0,7.0,2.0,32.0,no,0.6103136661824301,6453.0,tarde,sábado,distrito 8,2.1,0.0,1.0,12/04/2025
larga estancia,"1,66 €",9.0,31.0,7.0,30.0,sí,0.8496769058833644,24494.0,tarde,miércoles,distrito 9,2.3,6.0,5.0,22/05/2025
residentes,"3,16 €",40.0,13.0,6.0,63.0,sí,0.7996744398876565,20223.0,mediodía,viernes,distrito 4,1.3,5.0,8.0,12/02/2025
alta rotación,"1,87 €",34.0,22.0,3.0,19.0,sí,0.8112396156884057,21779.0,mediodía,viernes,distrito 6,6.2,2.0,3.0,07/07/2025
ROTACIÓN MEDIA,"2,02 €",60.0,45.0,12.0,65.0,sí,1.596362205261238,9461.0,tarde,martes,distrito 11,2.1,5.0,8.0,15/07/2025
rotación media,"0,53 €",43.0,15.0,3.0,70.0,sí,1.4189364518709398,6177.0,mañana,martes,distrito 7,3.1,6.0,1.0,16/02/2025
rotación media,"1,98 €",37.0,11.0,51.0,108.0,sí,1.4049454166385584,10603.0,tarde,viernes,distrito 8,2.8,0.0,7.0,11/02/2025
ALTA ROTACIÓN,"3,18 €",44.0,38.0,20.0,117.0,sí,1.0580846724996702,9620.0,mañana,sábado,distrito 10,1.9,5.0,7.0,04/03/2025
alta rotación,"1,69 €",33.0,48.0,2.0,77.0,sí,0.8895400421223305,12626.0,tarde,sábado,distrito 9,3.6,2.0,0.0,25/04/2025
alta rotación,"3,25 €",56.0,46.0,17.0,143.0,no,1.0645665610156834,3895.0,mañana,jueves,distrito 5,5.6,5.0,5.0,24/07/2025
alta rotación,"0,74 €",45.0,26.0,12.0,101.0,sí,1.8341651215980808,10718.0,mañana,viernes,distrito 7,-99.0,4.0,3.0,25/01/2025
alta rotación,"2,10 €",56.0,3.0,1.0,108.0,no,0.8797325874354284,9956.0,mañana,miércoles,distrito 11,2.3,6.0,1.0,18/10/2025
alta rotación,"1,22 €",53.0,17.0,17.0,60.0,sí,1.4868666562476105,13338.0,mañana,sábado,distrito 8,2.6,2.0,8.0,13/02/2025
larga estancia,"1,53 €",18.0,2.0,37.0,16.0,sí,0.6364673558858104,12517.0,mañana,sábado,distrito 2,3.5,3.0,8.0,13/06/2025
alta rotación,"1,58 €",40.0,24.0,15.0,51.0,no,0.8837011177244126,13346.0,mediodía,martes,distrito 7,4.9,2.0,6.0,22/09/2025
rotación media,"2,73 €",29.0,10.0,12.0,4.0,sí,0.9535708883923004,10999.0,mañana,viernes,distrito 11,3.0,4.0,8.0,18/10/2025
alta rotacion,"1,42 €",39.0,13.0,12.0,71.0,no,1.6540417640348517,14381.0,tarde,lunes,distrito 5,3.0,3.0,6.0,08/07/2025
alta rotación,"1,44 €",27.0,31.0,7.0,65.0,sí,1.6922974091447305,29492.0,mañana,sábado,distrito 8,2.4,3.0,6.0,20/02/2025
rotación media,"1,81 €",47.0,19.0,20.0,132.0,sí,0.8502258666670981,6697.0,mañana,jueves,distrito 1,1.9,4.0,5.0,24/02/2025
larga estancia,"2,07 €",29.0,29.0,5.0,88.0,sí,0.9627664025901164,15511.0,mediodía,miércoles,distrito 2,2.0,6.0,2.0,11/02/2025
ROTACIÓN MEDIA,"2,87 €",49.0,21.0,29.0,27.0,no,1.0644378378698653,7888.0,mañana,viernes,distrito 11,2.4,0.0,5.0,08/04/2025
LARGA ESTANCIA,"2,44 €",54.0,6.0,5.0,216.0,sí,0.08522048147298228,6521.0,mañana,jueves,distrito 5,-99.0,4.0,6.0,18/01/2025
alta rotación,"1,90 €",9.0,17.0,1.0,199.0,sí,0.8302756291330843,5140.0,mediodía,lunes,distrito 11,5.8,3.0,1.0,17/04/2025
alta rotación,"1,59 €",33.0,6.0,0.0,247.0,no,0.9184351767102729,8676.0,mañana,lunes,distrito 9,4.8,2.0,7.0,14/08/2025
larga estancia,"3,50 €",41.0,19.0,0.0,6.0,sí,0.46923251849587544,12518.0,mañana,martes,distrito 1,4.8,6.0,3.0,05/04/2025
  alta rotación ,"1,87 €",56.0,8.0,5.0,156.0,sí,0.9674993443767121,18212.0,tarde,martes,distrito 4,2.5,6.0,2.0,23/09/2025
alta rotación,"1,70 €",60.0,5.0,6.0,36.0,sí,1.1143736442221683,10021.0,mañana,jueves,distrito 3,1.3,3.0,0.0,18/10/2025
alta rotación,"2,65 €",32.0,42.0,7.0,71.0,sí,0.6384066361274686,5804.0,mediodía,miércoles,distrito 5,0.8,1.0,1.0,10/10/2025
alta rotación,"2,00 €",55.0,8.0,3.0,11.0,sí,0.47587140644144316,6257.0,mañana,martes,distrito 11,4.2,6.0,1.0,11/02/2025
rotación media,"2,61 €",36.0,7.0,4.0,180.0,no,0.4989910858851664,16850.0,mediodía,lunes,distrito 3,2.9,2.0,0.0,03/07/2025
ALTA ROTACIÓN,"2,53 €",23.0,12.0,4.0,7.0,sí,1.0588683850743008,5576.0,mañana,sábado,distrito 8,2.2,2.0,6.0,17/03/2025
larga estancia,"3,28 €",26.0,4.0,6.0,37.0,no,0.5512940427242418,12706.0,tarde,lunes,distrito 3,3.7,6.0,8.0,20/01/2025
residentes,"1,85 €",40.0,13.0,13.0,96.0,sí,1.366499698523427,6780.0,mediodía,lunes,distrito 8,5.6,4.0,3.0,10/09/2025
larga estancia,"1,71 €",18.0,6.0,4.0,0.0,sí,1.2047070481311746,9389.0,mañana,sábado,distrito 2,2.9,2.0,8.0,22/03/2025
  residentes ,"2,60 €",43.0,22.0,13.0,31.0,sí,0.8436219593225548,7413.0,mediodía,viernes,distrito 7,4.7,2.0,3.0,08/01/2025
alta rotación,"1,86 €",19.0,5.0,7.0,38.0,sí,1.1039504633140549,3824.0,mañana,martes,distrito 11,5.0,3.0,3.0,07/07/2025
rotación media,"3,24 €",46.0,25.0,27.0,68.0,sí,1.0912157150288022,12458.0,mañana,sábado,distrito 5,4.2,1.0,0.0,25/06/2025
alta rotación,"2,55 €",26.0,85.0,4.0,85.0,no,1.194411857435395,14727.0,mañana,lunes,distrito 11,3.4,6.0,2.0,10/04/2025
alta rotación,"2,37 €",54.0,30.0,18.0,103.0,sí,1.1341980442408661,7864.0,mediodía,lunes,distrito 1,2.4,5.0,6.0,27/09/2025
larga estancia,"2,03 €",58.0,34.0,6.0,2.0,sí,1.1999566991155253,11279.0,mañana,lunes,distrito 11,2.8,1.0,0.0,05/09/2025
alta rotación,"1,23 €",13.0,12.0,10.0,45.0,no,1.4216601287777222,23637.0,mañana,sábado,distrito 7,3.9,1.0,4.0,15/06/2025
residentes,"2,16 €",18.0,2.0,3.0,61.0,sí,0.5718797200872276,11429.0,tarde,jueves,distrito 7,3.2,4.0,4.0,13/07/2025
residentes,"1,65 €",32.0,16.0,8.0,28.0,sí,1.0018687263127348,9211.0,mediodía,viernes,distrito 5,1.1,5.0,6.0,02/09/2025
larga estancia,"2,39 €",22.0,32.0,42.0,88.0,sí,1.07879558828232,12138.0,tarde,lunes,distrito 2,2.6,5.0,8.0,21/09/2025
rotación media,"1,87 €",31.0,24.0,5.0,11.0,no,1.3447408244952197,5845.0,mediodía,jueves,distrito 2,4.3,3.0,8.0,05/02/2025
alta rotación,"3,01 €",34.0,16.0,6.0,106.0,no,0.8071950767292233,6263.0,mediodía,lunes,distrito 2,3.1,1.0,3.0,03/03/2025
residentes,"2,35 €",42.0,17.0,22.0,19.0,sí,1.1495579075303022,15288.0,tarde,jueves,distrito 4,3.0,2.0,7.0,02/03/2025
alta rotación,"2,71 €",35.0,84.0,28.0,5.0,sí,1.5332231369414924,4676.0,tarde,martes,distrito 10,2.8,1.0,7.0,15/09/2025
alta rotación,"1,30 €",50.0,26.0,6.0,16.0,sí,1.6597558848179386,69446.0,mediodía,martes,distrito 7,0.8,1.0,0.0,26/06/2025
ROTACIÓN MEDIA,"2,02 €",59.0,60.0,5.0,75.0,no,1.4147073003541144,8259.0,mañana,miércoles,distrito 7,3.0,5.0,0.0,24/01/2025
larga estancia,"0,56 €",51.0,9.0,0.0,14.0,sí,1.076737400547826,14880.0,mañana,lunes,distrito 2,-99.0,6.0,3.0,27/03/2025
larga estancia,"3,29 €",36.0,77.0,24.0,11.0,sí,0.9958195861545638,12378.0,tarde,viernes,distrito 7,2.8,3.0,0.0,04/04/2025
alta rotacion,"2,09 €",7.0,28.0,0.0,89.0,sí,1.1328771412625338,7767.0,mañana,lunes,distrito 3,3.2,3.0,6.0,26/06/2025
rotación media,"1,94 €",41.0,12.0,0.0,23.0,sí,0.7486830496500461,7838.0,tarde,sábado,distrito 11,3.6,5.0,7.0,25/04/2025
alta rotacion,"3,06 €",53.0,28.0,16.0,95.0,sí,0.5342978984091806,6305.0,tarde,jueves,distrito 5,4.5,1.0,7.0,15/03/2025
alta rotación,"1,54 €",14.0,0.0,1.0,68.0,sí,0.45331134134363704,11856.0,mañana,lunes,distrito 8,2.6,0.0,3.0,07/06/2025
rotación media,"1,67 €",7.0,17.0,3.0,11.0,no,1.3760353450390514,5567.0,mediodía,lunes,distrito 7,0.9,6.0,2.0,07/10/2025
alta rotación,"1,85 €",10.0,14.0,0.0,97.0,sí,0.8338014263276445,34161.0,mañana,jueves,distrito 8,2.2,4.0,3.0,01/06/2025
rotación media,"2,79 €",44.0,23.0,7.0,0.0,sí,1.114549417400707,5343.0,mediodía,sábado,distrito 6,5.5,0.0,8.0,15/04/2025
larga estancia,"4,23 €",36.0,18.0,1.0,96.0,sí,0.037206674280233304,12234.0,mañana,lunes,distrito 7,-99.0,1.0,8.0,31/07/2025
RESIDENTES,"1,93 €",54.0,17.0,13.0,1.0,sí,1.286955914399063,25826.0,mañana,miércoles,distrito 2,2.3,0.0,3.0,10/09/2025
larga estancia,"2,63 €",48.0,42.0,12.0,54.0,sí,0.8149374754195459,8684.0,mañana,sábado,distrito 1,-99.0,1.0,4.0,05/08/2025
  alta rotación ,"1,18 €",21.0,18.0,15.0,71.0,no,1.807722487603902,8348.0,tarde,viernes,distrito 3,3.2,6.0,8.0,13/02/2025
larga estancia,"1,71 €",22.0,17.0,24.0,115.0,sí,0.9470045791065407,3074.0,mediodía,jueves,distrito 2,2.3,6.0,0.0,12/06/2025
  residentes ,"1,21 €",55.0,13.0,4.0,35.0,no,1.478732047716823,2853.0,tarde,viernes,distrito 8,0.8,0.0,0.0,18/07/2025
residentes,"2,24 €",10.0,11.0,7.0,24.0,sí,0.7750110388479982,18468.0,mediodía,sábado,distrito 1,3.5,4.0,0.0,06/09/2025
residentes,"1,38 €",30.0,21.0,19.0,29.0,sí,1.4649296423476315,4850.0,mediodía,jueves,distrito 3,2.3,1.0,8.0,28/01/2025
rotación media,"0,78 €",36.0,2.0,4.0,37.0,sí,0.5018783664575426,3053.0,mediodía,martes,distrito 6,3.2,3.0,7.0,02/04/2025
  residentes ,"1,50 €",55.0,97.0,5.0,5.0,sí,1.6463212242250385,4546.0,mañana,lunes,distrito 10,4.1,5.0,6.0,26/03/2025
ROTACIÓN MEDIA,"1,70 €",15.0,22.0,4.0,3.0,sí,1.0386905388005758,5384.0,mediodía,viernes,distrito 7,0.8,1.0,3.0,20/02/2025
rotacion media,"2,25 €",53.0,46.0,10.0,36.0,no,0.9879679486376394,7269.0,mañana,miércoles,distrito 11,5.5,4.0,6.0,08/05/2025
alta rotación,"1,34 €",38.0,38.0,10.0,63.0,sí,1.0906856705878636,13741.0,mediodía,lunes,distrito 7,1.5,3.0,0.0,07/10/2025
rotacion media,"2,45 €",23.0,38.0,8.0,10.0,sí,1.0774864787871303,7961.0,mañana,martes,distrito 7,3.5,3.0,2.0,21/02/2025
residentes,"2,27 €",7.0,26.0,22.0,94.0,sí,1.175578199998024,7392.0,tarde,jueves,distrito 2,2.7,6.0,2.0,21/08/2025
rotación media,"2,14 €",45.0,19.0,8.0,10.0,sí,1.1527553609435683,10936.0,mediodía,viernes,distrito 7,4.9,5.0,0.0,29/09/2025
larga estancia,"3,09 €",32.0,22.0,0.0,201.0,sí,0.45002501086787705,4288.0,tarde,lunes,distrito 11,3.9,4.0,1.0,26/06/2025
larga estancia,"2,26 €",38.0,18.0,3.0,28.0,sí,0.6621593845167867,11137.0,tarde,miércoles,distrito 4,1.7,2.0,6.0,08/02/2025
alta rotación,"1,89 €",27.0,56.0,43.0,105.0,sí,1.3930321528975593,10381.0,mediodía,sábado,distrito 3,5.5,4.0,7.0,18/03/2025
residentes,"2,12 €",29.0,11.0,7.0,91.0,sí,1.3952977563266267,9594.0,mediodía,martes,distrito 4,-99.0,3.0,0.0,09/10/2025
rotación media,"0,86 €",15.0,21.0,2.0,160.0,sí,1.1751362574019355,10439.0,tarde,jueves,distrito 11,2.2,5.0,6.0,21/02/2025
alta rotación,"3,74 €",37.0,12.0,8.0,170.0,no,0.7494464546120961,8615.0,mediodía,lunes,distrito 1,1.2,2.0,2.0,15/03/2025
ROTACIÓN MEDIA,"2,90 €",12.0,27.0,27.0,109.0,sí,1.2585552818689167,11848.0,tarde,sábado,distrito 10,4.5,3.0,0.0,02/04/2025
larga estancia,"2,25 €",18.0,32.0,0.0,109.0,sí,0.3263652253929576,5312.0,mediodía,miércoles,distrito 11,1.5,3.0,7.0,08/01/2025
rotación media,"3,11 €",43.0,37.0,5.0,89.0,sí,0.842644510909587,6094.0,mediodía,lunes,distrito 11,6.3,0.0,0.0,29/05/2025
residentes,"1,29 €",47.0,11.0,0.0,73.0,sí,0.9667449349478532,5065.0,mediodía,sábado,distrito 5,4.4,5.0,5.0,30/03/2025
alta rotación,"2,22 €",19.0,55.0,3.0,104.0,sí,1.362030466030622,8794.0,tarde,lunes,distrito 7,2.6,2.0,0.0,22/09/2025
rotación media,"1,80 €",51.0,6.0,3.0,76.0,sí,0.8258117138864225,13023.0,tarde,sábado,distrito 5,0.9,0.0,1.0,04/09/2025
alta rotación,"2,86 €",41.0,16.0,0.0,56.0,no,0.7706379324260485,4183.0,mañana,miércoles,distrito 3,-99.0,0.0,6.0,24/02/2025
rotación media,"0,87 €",44.0,21.0,19.0,178.0,sí,1.3868813473798116,7715.0,mañana,jueves,distrito 5,-99.0,0.0,0.0,12/02/2025
residentes,"2,86 €",8.0,25.0,9.0,12.0,no,1.4478014807221466,4388.0,mañana,viernes,distrito 2,0.8,5.0,4.0,21/05/2025
rotación media,"2,29 €",11.0,49.0,1.0,49.0,sí,0.9363900825884285,29809.0,mediodía,jueves,distrito 7,2.3,5.0,3.0,16/05/2025
rotación media,"2,08 €",40.0,12.0,10.0,13.0,sí,1.2959071790030703,5183.0,mañana,lunes,distrito 1,4.2,0.0,1.0,06/10/2025
alta rotacion,"2,80 €",22.0,25.0,11.0,98.0,no,1.1990873916815392,3636.0,tarde,martes,distrito 8,4.7,6.0,2.0,30/07/2025
residentes,"3,05 €",46.0,43.0,9.0,128.0,sí,0.4253745622243509,16735.0,mañana,sábado,distrito 10,3.2,2.0,4.0,07/06/2025
larga estancia,"3,13 €",15.0,28.0,0.0,83.0,sí,0.4026320678518287,4160.0,tarde,martes,distrito 6,-99.0,0.0,8.0,12/06/2025
residentes,"3,32 €",30.0,15.0,0.0,144.0,sí,0.6199613900019817,11397.0,tarde,viernes,distrito 3,0.8,0.0,6.0,17/02/2025
alta rotación,"1,78 €",35.0,34.0,14.0,8.0,sí,1.3848404132060472,6787.0,tarde,lunes,distrito 7,4.8,4.0,3.0,30/10/2025
rotación media,"1,31 €",21.0,12.0,17.0,56.0,sí,1.2945326506209451,7547.0,mediodía,viernes,distrito 10,2.3,1.0,0.0,08/09/2025
alta rotación,"2,72 €",37.0,27.0,1.0,156.0,sí,0.5139410377430105,13399.0,mañana,jueves,distrito 1,3.5,3.0,6.0,10/01/2025
larga estancia,"0,74 €",40.0,14.0,18.0,25.0,sí,1.4703676020934522,6189.0,tarde,martes,distrito 3,2.1,2.0,0.0,05/05/2025
rotación media,"2,12 €",41.0,80.0,21.0,35.0,sí,1.5607454129405376,24962.0,tarde,jueves,distrito 7,4.6,0.0,2.0,06/07/2025
alta rotación,"2,56 €",28.0,26.0,14.0,13.0,sí,0.8975709116142134,11159.0,mañana,lunes,distrito 1,3.8,4.0,3.0,16/10/2025
rotación media,"1,96 €",36.0,34.0,4.0,41.0,sí,0.6513072238984086,5720.0,tarde,martes,distrito 7,6.1,2.0,4.0,08/04/2025
larga estancia,"0,50 €",34.0,14.0,8.0,12.0,no,1.6528918139556417,5496.0,mañana,miércoles,distrito 9,5.7,5.0,0.0,17/07/2025
ALTA ROTACIÓN,"2,57 €",47.0,55.0,1.0,22.0,sí,1.052118761356172,2240.0,tarde,sábado,distrito 2,-99.0,3.0,7.0,15/10/2025
ROTACIÓN MEDIA,"2,01 €",53.0,20.0,7.0,10.0,no,1.1379193165998014,11753.0,tarde,sábado,distrito 7,2.9,4.0,7.0,02/05/2025
rotación media,"1,80 €",45.0,19.0,16.0,15.0,sí,1.014494309415126,13923.0,mediodía,martes,distrito 11,1.1,1.0,5.0,23/09/2025
larga estancia,"1,34 €",28.0,12.0,1.0,58.0,sí,1.1674329004100812,15454.0,mañana,miércoles,distrito 6,0.8,0.0,4.0,09/04/2025
residentes,"2,36 €",40.0,17.0,2.0,80.0,sí,1.0868644264720349,5891.0,tarde,jueves,distrito 8,4.5,2.0,1.0,06/10/2025
  rotación media ,"1,44 €",40.0,19.0,8.0,50.0,sí,1.170794985051537,20085.0,mañana,lunes,distrito 8,-99.0,0.0,8.0,09/10/2025
rotación media,"2,88 €",49.0,4.0,7.0,353.0,sí,0.28921927122702595,8176.0,mañana,sábado,distrito 6,1.9,6.0,0.0,18/06/2025
alta rotación,"0,58 €",55.0,20.0,4.0,92.0,sí,1.3924814282108533,23565.0,mediodía,jueves,distrito 11,-99.0,4.0,8.0,21/10/2025
LARGA ESTANCIA,"2,57 €",57.0,3.0,4.0,165.0,sí,0.6508380523340112,7817.0,mañana,lunes,distrito 7,3.0,3.0,5.0,08/07/2025
residentes,"3,14 €",43.0,8.0,3.0,0.0,sí,0.9139572938364858,7876.0,mañana,lunes,distrito 1,3.3,5.0,7.0,28/09/2025
alta rotación,"3,57 €",31.0,59.0,1.0,53.0,sí,0.6846404560439252,4549.0,mañana,viernes,distrito 8,1.3,6.0,2.0,27/02/2025
residentes,"2,70 €",28.0,8.0,6.0,43.0,sí,0.41430062912052984,9925.0,mediodía,lunes,distrito 7,4.4,0.0,0.0,27/02/2025
LARGA ESTANCIA,"0,50 €",38.0,0.0,3.0,40.0,sí,0.6339728585480281,6170.0,tarde,lunes,distrito 6,2.8,6.0,4.0,14/10/2025
alta rotación,"1,48 €",16.0,67.0,16.0,100.0,sí,1.0478407694836984,3613.0,mañana,jueves,distrito 7,6.1,5.0,3.0,28/10/2025
rotación media,"2,63 €",46.0,30.0,5.0,2.0,no,1.5337118655456892,5392.0,tarde,lunes,distrito 1,2.9,0.0,5.0,21/03/2025
rotacion media,"1,32 €",23.0,14.0,4.0,9.0,sí,0.9507955973960688,13446.0,mediodía,miércoles,distrito 9,4.9,1.0,2.0,21/02/2025
larga estancia,"3,17 €",17.0,57.0,20.0,29.0,no,1.5134583731282534,12435.0,mañana,sábado,distrito 4,3.4,6.0,0.0,13/04/2025
alta rotación,"2,65 €",59.0,4.0,11.0,57.0,sí,0.3668488244138794,19807.0,mediodía,miércoles,distrito 9,4.0,5.0,0.0,27/07/2025
rotacion media,"1,95 €",26.0,27.0,9.0,43.0,sí,0.5916376659024248,11518.0,mañana,viernes,distrito 7,3.0,3.0,0.0,27/01/2025
alta rotación,"1,24 €",37.0,22.0,18.0,28.0,sí,1.7724225266706541,4887.0,mañana,miércoles,distrito 3,2.9,1.0,3.0,25/08/2025
rotación media,"1,07 €",26.0,30.0,7.0,105.0,sí,1.3397404472243846,13838.0,tarde,martes,distrito 5,3.1,4.0,7.0,19/04/2025
larga estancia,"1,85 €",29.0,17.0,3.0,50.0,sí,0.6038467134233889,9833.0,mediodía,lunes,distrito 5,3.1,5.0,7.0,06/02/2025
rotación media,"2,76 €",7.0,14.0,2.0,77.0,sí,0.6409354680395567,4301.0,mediodía,jueves,distrito 11,3.1,0.0,6.0,08/10/2025
larga estancia,"1,62 €",12.0,7.0,28.0,56.0,sí,0.9901835262903876,5537.0,mañana,jueves,distrito 11,1.5,0.0,6.0,22/09/2025
alta rotación,"1,94 €",35.0,38.0,6.0,145.0,sí,1.1966674313229537,13288.0,mediodía,viernes,distrito 5,4.9,4.0,7.0,24/04/2025
rotación media,"1,28 €",13.0,33.0,7.0,57.0,no,1.844905590030992,3038.0,mediodía,jueves,distrito 7,2.5,2.0,8.0,14/04/2025
rotación media,"2,57 €",26.0,9.0,9.0,261.0,sí,0.4475046347561731,10427.0,tarde,lunes,distrito 10,4.5,0.0,1.0,31/05/2025
alta rotación,"1,02 €",19.0,37.0,20.0,84.0,sí,1.8141698774691473,12409.0,mediodía,miércoles,distrito 9,2.7,3.0,1.0,29/06/2025
RESIDENTES,"2,72 €",39.0,20.0,16.0,37.0,sí,1.3566418305639083,7003.0,mediodía,lunes,distrito 10,4.0,2.0,3.0,31/08/2025
rotación media,"2,44 €",15.0,17.0,7.0,46.0,sí,0.7828422554844173,6465.0,mediodía,miércoles,distrito 3,2.4,0.0,3.0,23/10/2025
rotacion media,"3,40 €",51.0,25.0,8.0,12.0,no,1.0324683296243529,10782.0,mediodía,jueves,distrito 2,4.2,1.0,0.0,14/05/2025
  rotación media ,"1,73 €",56.0,10.0,3.0,68.0,sí,1.117456421575845,14066.0,mediodía,sábado,distrito 11,4.8,5.0,8.0,01/11/2025
rotación media,"2,03 €",20.0,11.0,3.0,119.0,no,1.1988813845201838,5310.0,tarde,miércoles,distrito 1,-99.0,3.0,2.0,26/08/2025
residentes,"2,17 €",21.0,49.0,1.0,15.0,no,1.3660883916002389,13193.0,mediodía,miércoles,distrito 2,3.1,6.0,2.0,10/04/2025
ROTACIÓN MEDIA,"2,19 €",44.0,19.0,7.0,17.0,sí,1.251813855892878,17756.0,mediodía,martes,distrito 9,2.3,2.0,8.0,30/05/2025
residentes,"3,02 €",46.0,7.0,3.0,198.0,no,0.6546395343922844,10569.0,mañana,sábado,distrito 8,1.6,2.0,8.0,07/06/2025
residentes,"1,77 €",9.0,12.0,3.0,182.0,sí,0.687282653329793,10827.0,tarde,jueves,distrito 6,-99.0,0.0,4.0,06/03/2025
ROTACIÓN MEDIA,"2,40 €",32.0,33.0,3.0,74.0,no,1.0176756110907217,13059.0,mañana,miércoles,distrito 10,6.5,6.0,8.0,28/08/2025
  alta rotación ,"2,79 €",48.0,21.0,21.0,27.0,sí,0.8472999343491245,6334.0,tarde,viernes,distrito 9,1.5,2.0,4.0,21/06/2025
  rotación media ,"1,75 €",27.0,44.0,6.0,21.0,sí,0.8814879375719399,14834.0,mediodía,miércoles,distrito 3,2.9,6.0,2.0,13/07/2025
residentes,"1,68 €",14.0,18.0,10.0,32.0,no,1.3363593964651612,4937.0,mañana,martes,distrito 6,3.7,2.0,0.0,30/05/2025
rotación media,"1,78 €",25.0,4.0,27.0,57.0,sí,0.796674609397059,14166.0,tarde,jueves,distrito 7,4.7,5.0,0.0,11/05/2025
ALTA ROTACIÓN,"1,93 €",16.0,46.0,13.0,121.0,sí,1.2127512946569239,5319.0,mañana,lunes,distrito 3,3.1,3.0,2.0,28/10/2025
larga estancia,"3,49 €",37.0,19.0,9.0,49.0,sí,0.5541081466958121,11897.0,mañana,lunes,distrito 5,2.2,4.0,1.0,28/10/2025
LARGA ESTANCIA,"0,97 €",32.0,8.0,0.0,54.0,no,1.028721010079619,17226.0,mediodía,sábado,distrito 9,4.4,4.0,7.0,14/08/2025
alta rotación,"2,60 €",13.0,17.0,24.0,27.0,sí,0.8281696086544122,11841.0,mediodía,lunes,distrito 8,3.4,0.0,4.0,05/07/2025
larga estancia,"2,90 €",7.0,14.0,3.0,84.0,sí,0.5882536770992742,9335.0,mediodía,martes,distrito 6,4.3,2.0,4.0,19/09/2025
alta rotación,"1,95 €",54.0,32.0,24.0,2.0,sí,1.2808955745634,13027.0,tarde,sábado,distrito 1,4.9,6.0,1.0,24/08/2025
rotación media,"2,44 €",60.0,14.0,4.0,18.0,sí,0.8570924951553565,6898.0,tarde,miércoles,distrito 3,2.3,1.0,6.0,07/09/2025
larga estancia,"0,93 €",19.0,15.0,3.0,22.0,sí,1.452906978661216,5846.0,mediodía,sábado,distrito 1,3.0,4.0,6.0,28/06/2025
  rotación media ,"2,30 €",22.0,16.0,1.0,177.0,sí,0.7863721145900878,2838.0,mediodía,lunes,distrito 10,3.4,5.0,6.0,14/03/2025
rotación media,"2,69 €",32.0,26.0,14.0,45.0,sí,0.8555260834812315,7462.0,tarde,viernes,distrito 7,1.9,2.0,6.0,19/10/2025
rotación media,"2,11 €",47.0,6.0,5.0,153.0,sí,0.7111516564002741,9663.0,mediodía,viernes,distrito 9,4.8,3.0,6.0,17/08/2025
ROTACIÓN MEDIA,"1,53 €",17.0,37.0,10.0,9.0,sí,1.454731944770694,8165.0,mediodía,jueves,distrito 6,3.6,2.0,3.0,10/04/2025
rotación media,"2,03 €",32.0,13.0,6.0,272.0,sí,0.7259202803897614,10921.0,mañana,viernes,distrito 3,3.8,6.0,3.0,13/08/2025
larga estancia,"3,28 €",23.0,28.0,18.0,38.0,sí,0.7264199691338827,7063.0,tarde,miércoles,distrito 11,-99.0,5.0,3.0,05/02/2025
rotación media,"0,53 €",51.0,45.0,21.0,87.0,no,2.2682222873513074,11140.0,mediodía,martes,distrito 5,-99.0,1.0,7.0,06/07/2025
alta rotación,"2,57 €",55.0,14.0,9.0,126.0,sí,0.9380489583557162,25230.0,tarde,sábado,distrito 8,3.3,2.0,4.0,29/09/2025
larga estancia,"1,16 €",11.0,27.0,2.0,38.0,no,1.2054312001422085,6450.0,mediodía,lunes,distrito 5,1.9,0.0,5.0,14/06/2025
rotación media,"2,38 €",22.0,19.0,19.0,50.0,sí,0.8671379392513308,32435.0,mañana,lunes,distrito 7,2.4,6.0,1.0,24/01/2025
residentes,"2,00 €",29.0,17.0,5.0,84.0,sí,1.0721054048012026,11105.0,tarde,viernes,distrito 3,0.8,3.0,3.0,30/01/2025
  rotación media ,"0,89 €",35.0,24.0,3.0,97.0,sí,1.473064678379811,11375.0,mañana,martes,distrito 2,3.7,6.0,2.0,24/06/2025
rotación media,"1,66 €",50.0,7.0,3.0,267.0,no,1.011733761315028,14603.0,mediodía,martes,distrito 10,3.3,3.0,4.0,30/08/2025
rotación media,"1,56 €",32.0,7.0,1.0,53.0,no,0.8583097314335859,23992.0,tarde,jueves,distrito 2,4.9,3.0,2.0,21/03/2025
residentes,"3,51 €",14.0,52.0,3.0,70.0,sí,0.8326337688413146,7646.0,mañana,martes,distrito 2,-99.0,0.0,2.0,31/03/2025
alta rotación,"2,68 €",14.0,6.0,15.0,173.0,no,1.070671635232892,11248.0,mediodía,miércoles,distrito 7,4.6,2.0,5.0,09/08/2025
rotación media,"1,01 €",25.0,5.0,3.0,43.0,no,1.4110422353142846,8378.0,tarde,viernes,distrito 6,4.9,0.0,2.0,17/10/2025
alta rotación,"2,66 €",57.0,6.0,18.0,36.0,sí,1.040945752619127,16759.0,tarde,lunes,distrito 10,4.2,2.0,3.0,26/02/2025
alta rotación,"2,31 €",9.0,2.0,0.0,74.0,sí,0.45795894308775353,19461.0,tarde,viernes,distrito 3,3.1,2.0,0.0,29/10/2025
alta rotación,"1,66 €",54.0,32.0,27.0,74.0,sí,1.3780087258168625,2640.0,tarde,viernes,distrito 9,2.4,1.0,1.0,16/03/2025
alta rotación,"2,57 €",30.0,7.0,0.0,45.0,sí,0.25190583737292277,8452.0,mañana,viernes,distrito 9,2.7,5.0,8.0,23/10/2025
alta rotación,"1,97 €",13.0,4.0,3.0,125.0,sí,0.7921921044696751,10890.0,mañana,martes,distrito 5,4.3,0.0,8.0,28/10/2025
larga estancia,"4,13 €",7.0,3.0,15.0,100.0,no,0.19179826006653947,2906.0,tarde,sábado,distrito 11,2.6,0.0,1.0,31/07/2025
rotación media,"1,34 €",21.0,7.0,19.0,30.0,sí,1.25872178675076,10890.0,mañana,lunes,distrito 7,-99.0,1.0,8.0,23/04/2025
larga estancia,"1,20 €",8.0,18.0,2.0,181.0,sí,0.7172932860583311,5685.0,tarde,miércoles,distrito 6,0.8,0.0,4.0,03/07/2025
rotación media,"0,66 €",60.0,19.0,4.0,43.0,sí,1.578628158699635,6280.0,mediodía,miércoles,distrito 11,4.9,5.0,8.0,25/02/2025
alta rotación,"2,41 €",59.0,16.0,18.0,39.0,no,1.3063709116045776,13724.0,mediodía,miércoles,distrito 6,-99.0,3.0,8.0,14/05/2025
rotación media,"2,04 €",56.0,12.0,10.0,58.0,sí,1.0185627925291036,8928.0,mañana,sábado,distrito 2,2.5,2.0,2.0,22/09/2025
alta rotación,"1,24 €",53.0,5.0,12.0,67.0,sí,1.0307634464711342,14822.0,tarde,lunes,distrito 2,3.0,6.0,4.0,05/06/2025
larga estancia,"1,88 €",41.0,40.0,6.0,97.0,sí,0.8263453607430675,7097.0,mañana,sábado,distrito 11,2.2,4.0,5.0,01/02/2025
alta rotación,"2,95 €",35.0,20.0,11.0,103.0,sí,0.8069476180409748,18994.0,tarde,sábado,distrito 3,0.8,0.0,6.0,21/01/2025
rotación media,"2,17 €",47.0,39.0,14.0,195.0,sí,1.0464566937464879,21118.0,mediodía,sábado,distrito 2,3.8,6.0,7.0,17/05/2025
rotación media,"0,66 €",34.0,33.0,0.0,149.0,no,1.5991346865209026,14846.0,mediodía,jueves,distrito 10,0.8,5.0,2.0,06/03/2025
rotación media,"2,11 €",14.0,33.0,11.0,145.0,no,1.5198724226643416,4385.0,mañana,viernes,distrito 1,4.5,5.0,5.0,19/01/2025
rotación media,"1,65 €",43.0,13.0,8.0,108.0,sí,1.0065148605237257,11531.0,mañana,martes,distrito 4,4.2,0.0,2.0,17/08/2025
rotación media,"2,31 €",50.0,43.0,7.0,102.0,sí,1.1830482717941724,10053.0,tarde,miércoles,distrito 7,4.2,4.0,0.0,03/03/2025
larga estancia,"2,02 €",35.0,15.0,10.0,125.0,sí,1.0382584292455554,2485.0,tarde,miércoles,distrito 4,2.4,4.0,7.0,10/06/2025
alta rotacion,"2,04 €",57.0,20.0,60.0,133.0,sí,1.2274863324470875,7350.0,mañana,viernes,distrito 2,-99.0,3.0,1.0,01/07/2025
rotacion media,"2,85 €",29.0,8.0,4.0,67.0,sí,0.29532593404760965,12010.0,mediodía,miércoles,distrito 11,1.4,3.0,8.0,12/02/2025
rotación media,"2,25 €",18.0,42.0,2.0,43.0,sí,0.85196129792986,4237.0,mediodía,viernes,distrito 8,-99.0,0.0,8.0,07/01/2025
residentes,"1,99 €",10.0,33.0,13.0,65.0,sí,1.2598658797533926,6977.0,mediodía,miércoles,distrito 1,2.2,5.0,6.0,15/06/2025
rotación media,"2,98 €",35.0,19.0,3.0,97.0,sí,0.7972960553605329,15277.0,tarde,miércoles,distrito 9,2.3,1.0,6.0,22/07/2025
alta rotación,"1,18 €",36.0,11.0,16.0,69.0,sí,1.173589624629834,11211.0,mediodía,martes,distrito 7,2.5,1.0,4.0,11/03/2025
alta rotación,"2,04 €",29.0,21.0,9.0,89.0,sí,0.8829686612419763,5444.0,mediodía,viernes,distrito 8,4.6,6.0,8.0,29/01/2025
residentes,"2,19 €",39.0,16.0,16.0,38.0,sí,1.271555374696971,17598.0,mediodía,lunes,distrito 4,-99.0,4.0,5.0,08/10/2025
rotación media,"2,58 €",45.0,7.0,7.0,111.0,no,0.742123179645889,11906.0,tarde,viernes,distrito 10,4.7,4.0,8.0,03/08/2025
residentes,"2,97 €",58.0,9.0,4.0,33.0,sí,0.5557343736553982,3737.0,tarde,martes,distrito 6,2.0,4.0,7.0,08/10/2025
residentes,"3,82 €",41.0,10.0,1.0,23.0,sí,0.2915007451811069,3376.0,tarde,miércoles,distrito 1,2.8,2.0,8.0,24/01/2025
residentes,"3,68 €",6.0,67.0,5.0,20.0,sí,1.1131823903186226,11879.0,tarde,martes,distrito 10,4.7,4.0,0.0,11/03/2025
larga estancia,"1,51 €",11.0,11.0,6.0,33.0,sí,1.0794911668846576,2934.0,mediodía,miércoles,distrito 4,2.2,6.0,7.0,01/05/2025
alta rotación,"1,30 €",47.0,3.0,5.0,27.0,sí,0.7975415511824935,8062.0,mañana,jueves,distrito 3,1.8,6.0,3.0,15/02/2025
residentes,"4,49 €",11.0,8.0,46.0,37.0,sí,0.7023324562042815,17292.0,tarde,jueves,distrito 2,1.5,1.0,7.0,25/05/2025
rotación media,"1,89 €",31.0,9.0,14.0,45.0,sí,1.0111626670828513,5540.0,mediodía,jueves,distrito 7,2.4,3.0,2.0,29/08/2025
rotación media,"2,25 €",56.0,9.0,6.0,6.0,sí,0.9811597990091118,7172.0,mañana,jueves,distrito 7,4.7,2.0,3.0,11/08/2025
larga estancia,"2,79 €",30.0,21.0,5.0,33.0,sí,0.980522784390929,6894.0,mañana,martes,distrito 11,-99.0,4.0,7.0,09/03/2025
larga estancia,"2,09 €",53.0,33.0,6.0,158.0,sí,1.1472050135609868,8266.0,mañana,sábado,distrito 10,4.1,4.0,3.0,27/09/2025
ALTA ROTACIÓN,"1,19 €",48.0,39.0,9.0,195.0,sí,1.2289794186725878,16288.0,mañana,viernes,distrito 10,4.6,3.0,7.0,03/07/2025
alta rotación,"1,41 €",27.0,7.0,18.0,110.0,no,1.3990355362304538,22995.0,mediodía,martes,distrito 7,3.1,5.0,6.0,24/02/2025
larga estancia,"0,91 €",37.0,8.0,26.0,174.0,no,1.5967008188827003,9704.0,mediodía,martes,distrito 1,2.8,5.0,2.0,19/08/2025
alta rotación,"1,89 €",40.0,47.0,9.0,53.0,no,1.159138769701365,11730.0,mañana,miércoles,distrito 8,3.9,1.0,5.0,08/03/2025
larga estancia,"2,28 €",21.0,7.0,9.0,57.0,sí,0.9013647833384996,3052.0,tarde,jueves,distrito 8,4.2,5.0,2.0,19/03/2025
alta rotación,"3,31 €",57.0,15.0,20.0,60.0,no,0.9645319294274575,35944.0,mañana,viernes,distrito 7,4.6,6.0,7.0,28/08/2025
  larga estancia ,"2,73 €",7.0,3.0,7.0,54.0,sí,0.28883815663992396,31578.0,mañana,miércoles,distrito 6,1.3,0.0,1.0,08/05/2025
larga estancia,"2,64 €",55.0,28.0,38.0,43.0,no,1.120480675132552,9771.0,mediodía,sábado,distrito 10,1.4,4.0,1.0,12/05/2025
rotación media,"1,04 €",24.0,79.0,6.0,43.0,sí,1.6103916435139851,6697.0,mañana,jueves,distrito 1,4.5,4.0,3.0,04/05/2025
ROTACIÓN MEDIA,"2,64 €",32.0,21.0,14.0,13.0,sí,0.9168716878944733,10435.0,tarde,jueves,distrito 2,1.0,0.0,2.0,29/04/2025
ROTACIÓN MEDIA,"2,16 €",57.0,4.0,17.0,73.0,sí,0.7583754336627347,11487.0,mediodía,viernes,distrito 11,4.4,5.0,0.0,01/02/2025
RESIDENTES,"2,23 €",9.0,15.0,4.0,21.0,sí,1.043153168641302,3928.0,mañana,sábado,distrito 9,3.7,2.0,6.0,29/04/2025
alta rotación,"2,63 €",39.0,41.0,23.0,99.0,sí,1.0691724871944959,5784.0,tarde,martes,distrito 4,4.3,2.0,0.0,25/01/2025
alta rotación,"2,42 €",23.0,13.0,34.0,95.0,no,1.0404143787646378,15067.0,tarde,miércoles,distrito 5,2.9,1.0,6.0,18/09/2025
  alta rotación ,"1,15 €",50.0,0.0,1.0,115.0,no,0.8003413868691143,8308.0,tarde,miércoles,distrito 11,2.9,2.0,2.0,31/05/2025
RESIDENTES,"1,94 €",17.0,27.0,1.0,69.0,no,1.4890411640490375,4165.0,tarde,miércoles,distrito 2,2.1,0.0,4.0,19/06/2025
LARGA ESTANCIA,"2,83 €",51.0,67.0,7.0,86.0,sí,0.8960275681479667,2829.0,tarde,sábado,distrito 9,3.6,6.0,4.0,20/07/2025
  residentes ,"2,67 €",33.0,35.0,3.0,13.0,no,0.8542105450777988,7350.0,mañana,miércoles,distrito 7,2.1,0.0,6.0,28/05/2025
residentes,"1,37 €",24.0,45.0,31.0,56.0,no,1.779974218909314,8140.0,mediodía,viernes,distrito 5,1.8,2.0,7.0,12/07/2025
residentes,"1,77 €",58.0,22.0,9.0,19.0,no,1.588898348932065,18581.0,mañana,martes,distrito 1,2.6,3.0,5.0,17/07/2025
larga estancia,"1,82 €",40.0,32.0,0.0,98.0,sí,0.7581852496903891,9318.0,mediodía,jueves,distrito 5,7.9,4.0,4.0,07/05/2025
  alta rotación ,"0,50 €",54.0,22.0,0.0,54.0,sí,1.6342048864058696,10473.0,mañana,miércoles,distrito 6,5.3,4.0,3.0,04/08/2025
alta rotación,"1,67 €",6.0,25.0,14.0,36.0,sí,1.283452790730282,5467.0,tarde,sábado,distrito 7,4.9,2.0,3.0,12/01/2025
larga estancia,"1,19 €",43.0,2.0,15.0,70.0,sí,0.6308574778118508,4259.0,tarde,martes,distrito 9,4.6,3.0,7.0,26/08/2025
alta rotacion,"2,87 €",47.0,18.0,0.0,56.0,sí,0.39708656350296573,4770.0,mañana,miércoles,distrito 4,3.5,0.0,0.0,17/05/2025
ALTA ROTACIÓN,"1,39 €",56.0,34.0,4.0,20.0,sí,1.2122602522737433,22657.0,tarde,lunes,distrito 3,2.6,4.0,5.0,12/07/2025
alta rotación,"2,53 €",39.0,3.0,25.0,75.0,sí,0.8564189537320104,8107.0,mediodía,jueves,distrito 11,4.8,0.0,1.0,07/06/2025
larga estancia,"2,94 €",22.0,25.0,9.0,217.0,sí,0.638416908650258,19226.0,mediodía,jueves,distrito 8,-99.0,0.0,2.0,18/03/2025
rotación media,"3,37 €",44.0,18.0,3.0,251.0,sí,0.40002517347515376,4584.0,tarde,miércoles,distrito 4,3.7,1.0,4.0,12/01/2025
alta rotación,"3,38 €",49.0,50.0,2.0,26.0,sí,0.8799958175605519,4417.0,mañana,viernes,distrito 1,2.5,2.0,8.0,26/03/2025
residentes,"2,66 €",43.0,7.0,9.0,105.0,no,0.9900772632004575,29112.0,tarde,jueves,distrito 8,3.3,1.0,7.0,26/07/2025
residentes,"3,83 €",40.0,53.0,7.0,34.0,sí,0.8576497897037753,5447.0,tarde,lunes,distrito 10,4.9,5.0,6.0,21/01/2025
larga estancia,"3,22 €",44.0,61.0,21.0,62.0,sí,1.5000643703032384,14136.0,tarde,martes,distrito 6,0.8,0.0,2.0,05/09/2025
rotacion media,"1,78 €",43.0,3.0,13.0,87.0,sí,0.3745472825392092,11038.0,tarde,lunes,distrito 2,2.7,2.0,2.0,08/02/2025
rotación media,"1,47 €",53.0,17.0,9.0,74.0,sí,1.4154777320679373,10544.0,mañana,sábado,distrito 7,1.9,4.0,4.0,21/03/2025
residentes,"2,49 €",34.0,62.0,6.0,45.0,sí,0.8699770423766291,8527.0,mediodía,martes,distrito 4,3.2,3.0,2.0,24/05/2025
rotacion media,"1,31 €",42.0,18.0,21.0,357.0,sí,1.0616206358894704,8663.0,tarde,lunes,distrito 2,4.1,0.0,5.0,19/07/2025
residentes,"3,24 €",21.0,24.0,5.0,116.0,sí,0.7463166777673523,20092.0,mañana,viernes,distrito 10,6.5,5.0,4.0,02/10/2025
rotación media,"1,65 €",7.0,17.0,15.0,19.0,sí,1.6311167270087334,5067.0,mañana,viernes,distrito 8,2.8,2.0,7.0,22/06/2025
alta rotación,"2,06 €",35.0,50.0,9.0,61.0,sí,1.1793303705115707,5287.0,mediodía,jueves,distrito 11,5.1,6.0,5.0,22/02/2025
rotacion media,"2,86 €",9.0,24.0,1.0,31.0,no,0.9993166106073562,11197.0,mediodía,sábado,distrito 3,4.2,2.0,5.0,30/06/2025
alta rotación,"3,15 €",33.0,15.0,6.0,115.0,no,0.556450027092221,7080.0,mediodía,sábado,distrito 5,2.3,6.0,5.0,17/07/2025
  larga estancia ,"2,50 €",28.0,15.0,19.0,160.0,sí,0.26900521899142615,5771.0,mediodía,miércoles,distrito 4,3.5,3.0,2.0,12/04/2025
ALTA ROTACIÓN,"2,55 €",37.0,33.0,4.0,184.0,sí,0.8695834314479554,9531.0,tarde,jueves,distrito 7,4.1,1.0,8.0,14/01/2025
alta rotación,"2,21 €",16.0,2.0,18.0,127.0,sí,0.25791243413795417,11770.0,tarde,lunes,distrito 5,2.6,4.0,7.0,06/09/2025
larga estancia,"2,10 €",29.0,1.0,1.0,217.0,sí,0.3542564201514872,9938.0,mañana,lunes,distrito 4,5.4,0.0,1.0,07/03/2025
rotación media,"2,38 €",52.0,5.0,18.0,11.0,sí,0.9010081308423176,10141.0,mediodía,lunes,distrito 4,2.9,3.0,5.0,08/06/2025
rotación media,"1,00 €",16.0,29.0,25.0,19.0,sí,1.7042689886446074,11433.0,mediodía,martes,distrito 7,-99.0,3.0,6.0,20/08/2025
alta rotación,"1,80 €",16.0,25.0,8.0,57.0,sí,1.0647724931927867,5160.0,mediodía,jueves,distrito 10,5.2,6.0,4.0,09/04/2025
alta rotación,"3,43 €",27.0,33.0,1.0,395.0,sí,0.8463672807525062,9522.0,tarde,miércoles,distrito 2,4.7,2.0,6.0,03/07/2025
residentes,"2,78 €",50.0,4.0,15.0,26.0,sí,0.7140505689490033,11307.0,mediodía,sábado,distrito 6,1.5,1.0,2.0,24/09/2025
ROTACIÓN MEDIA,"2,35 €",48.0,24.0,0.0,33.0,no,1.029227152356894,4463.0,mañana,viernes,distrito 7,3.1,3.0,2.0,16/08/2025
LARGA ESTANCIA,"1,34 €",41.0,57.0,8.0,2.0,sí,1.6590154791622003,8962.0,mediodía,miércoles,distrito 3,1.9,6.0,7.0,21/08/2025
larga estancia,"2,68 €",54.0,7.0,0.0,151.0,sí,0.08841354138559972,9880.0,mañana,sábado,distrito 1,5.0,4.0,6.0,16/09/2025
alta rotación,"2,00 €",12.0,26.0,16.0,16.0,sí,1.300456441833047,4818.0,mediodía,sábado,distrito 6,3.9,2.0,0.0,13/02/2025
larga estancia,"1,63 €",14.0,26.0,2.0,24.0,sí,1.1712079837052631,7191.0,tarde,miércoles,distrito 7,7.0,2.0,0.0,22/02/2025
rotación media,"1,91 €",13.0,13.0,5.0,92.0,no,1.2235836639962083,6822.0,tarde,jueves,distrito 10,0.8,1.0,0.0,13/01/2025
larga estancia,"2,23 €",36.0,17.0,7.0,81.0,sí,1.076164232854481,52981.0,tarde,lunes,distrito 10,1.8,5.0,5.0,02/11/2025
alta rotación,"2,38 €",50.0,25.0,13.0,130.0,sí,1.2459209562104179,5838.0,tarde,miércoles,distrito 3,2.2,3.0,4.0,22/07/2025
ALTA ROTACIÓN,"1,98 €",22.0,11.0,18.0,120.0,sí,1.247644904206174,4943.0,mañana,martes,distrito 1,4.8,2.0,3.0,08/03/2025
rotación media,"2,35 €",57.0,45.0,18.0,23.0,no,1.478223321981333,7032.0,mañana,lunes,distrito 5,5.4,6.0,7.0,28/08/2025
rotación media,"1,38 €",38.0,27.0,14.0,39.0,sí,1.095713157335287,4231.0,mañana,miércoles,distrito 6,0.9,3.0,1.0,07/01/2025
larga estancia,"1,91 €",49.0,22.0,9.0,72.0,sí,1.1063030247393533,2680.0,tarde,jueves,distrito 6,2.9,6.0,1.0,03/07/2025
ALTA ROTACIÓN,"1,26 €",56.0,8.0,2.0,13.0,no,1.1832410543191691,19159.0,mañana,sábado,distrito 5,2.1,1.0,3.0,25/06/2025
rotación media,"1,94 €",55.0,10.0,22.0,117.0,no,1.1926652692520183,3776.0,tarde,miércoles,distrito 6,1.0,0.0,6.0,09/03/2025
larga estancia,"1,81 €",24.0,6.0,2.0,96.0,sí,0.589921530075451,8142.0,mediodía,lunes,distrito 9,1.9,4.0,6.0,18/03/2025
larga estancia,"0,77 €",32.0,12.0,27.0,139.0,no,1.41467058074464,5403.0,mañana,lunes,distrito 2,4.5,5.0,8.0,02/04/2025
larga estancia,"1,60 €",53.0,41.0,0.0,12.0,no,1.3041945628426943,21382.0,mediodía,miércoles,distrito 6,5.3,1.0,8.0,20/08/2025
larga estancia,"1,65 €",25.0,11.0,6.0,391.0,sí,0.539269831287188,5247.0,mañana,jueves,distrito 8,3.4,0.0,4.0,18/06/2025
larga estancia,"2,71 €",48.0,44.0,6.0,37.0,sí,0.7702946279350688,3087.0,mediodía,miércoles,distrito 8,2.8,3.0,2.0,07/10/2025
ROTACIÓN MEDIA,"1,41 €",18.0,15.0,0.0,42.0,sí,0.9475305014905716,14105.0,tarde,jueves,distrito 1,-99.0,3.0,0.0,19/05/2025
rotación media,"2,29 €",52.0,27.0,11.0,50.0,sí,1.3813257432931894,4660.0,mañana,jueves,distrito 1,2.1,0.0,1.0,21/01/2025
larga estancia,"3,08 €",56.0,21.0,1.0,25.0,sí,0.6222813106192897,3893.0,mañana,jueves,distrito 5,3.7,3.0,3.0,13/01/2025
rotación media,"2,19 €",29.0,29.0,21.0,124.0,no,1.0713223505067841,2768.0,tarde,viernes,distrito 10,3.3,0.0,6.0,05/07/2025
larga estancia,"3,00 €",48.0,64.0,3.0,34.0,no,1.144765023033034,11637.0,tarde,jueves,distrito 2,4.9,3.0,4.0,18/02/2025
rotación media,"1,96 €",58.0,39.0,26.0,87.0,sí,1.0209150639638644,8739.0,tarde,martes,distrito 7,2.3,1.0,8.0,17/04/2025
alta rotación,"1,87 €",24.0,25.0,2.0,176.0,sí,0.8924453930692325,12774.0,tarde,sábado,distrito 9,4.1,3.0,0.0,24/05/2025
  rotación media ,"1,12 €",8.0,10.0,16.0,45.0,sí,1.3944743305886855,3533.0,tarde,viernes,distrito 7,3.0,5.0,3.0,09/05/2025
alta rotación,"3,04 €",34.0,37.0,10.0,156.0,sí,1.0244521208999875,2643.0,mediodía,martes,distrito 9,2.1,5.0,4.0,12/03/2025
rotación media,"1,99 €",39.0,1.0,3.0,15.0,sí,0.5951683710930818,3124.0,tarde,martes,distrito 8,3.9,0.0,6.0,28/02/2025
rotación media,"1,18 €",39.0,30.0,0.0,172.0,no,1.1006813998073561,11521.0,mediodía,viernes,distrito 2,4.6,0.0,6.0,17/02/2025
rotación media,"2,18 €",32.0,20.0,11.0,37.0,sí,1.0781808107520334,12399.0,tarde,viernes,distrito 4,3.0,6.0,0.0,10/09/2025
larga estancia,"0,79 €",16.0,15.0,14.0,130.0,no,1.471103365686487,14027.0,mediodía,lunes,distrito 2,2.2,4.0,7.0,07/07/2025
larga estancia,"2,98 €",33.0,25.0,5.0,91.0,sí,0.9619125832248043,10445.0,tarde,martes,distrito 6,2.9,4.0,3.0,01/03/2025
rotacion media,"2,15 €",22.0,15.0,4.0,66.0,sí,0.8437108460613011,4644.0,mediodía,jueves,distrito 3,6.9,2.0,1.0,22/07/2025
larga estancia,"0,74 €",57.0,22.0,0.0,64.0,sí,1.047835248801645,10918.0,mañana,martes,distrito 2,2.9,1.0,7.0,17/10/2025
rotación media,"1,83 €",47.0,10.0,25.0,19.0,sí,1.1902589682994578,9678.0,mañana,viernes,distrito 3,4.1,4.0,7.0,06/10/2025
rotacion media,"1,36 €",49.0,33.0,4.0,78.0,no,1.5942990852159942,13871.0,mediodía,lunes,distrito 8,3.6,1.0,0.0,25/08/2025
larga estancia,"2,27 €",45.0,59.0,8.0,74.0,sí,1.2550966912757033,7752.0,mediodía,miércoles,distrito 2,2.0,5.0,2.0,07/02/2025
rotación media,"3,09 €",8.0,52.0,11.0,33.0,sí,1.0229809579676405,14084.0,mañana,jueves,distrito 3,4.1,1.0,2.0,20/02/2025
rotacion media,"1,45 €",52.0,43.0,3.0,41.0,no,1.5053657512296226,5445.0,mediodía,lunes,distrito 11,3.1,0.0,6.0,11/02/2025
larga estancia,"3,06 €",17.0,29.0,6.0,31.0,sí,0.6913200163196989,11365.0,mediodía,martes,distrito 4,3.8,6.0,8.0,17/06/2025
rotación media,"1,49 €",13.0,19.0,7.0,47.0,no,1.3984128331932824,1987.0,mañana,lunes,distrito 2,4.0,1.0,2.0,05/07/2025
  alta rotación ,"2,45 €",6.0,25.0,20.0,79.0,sí,0.8703569104630104,12414.0,mediodía,martes,distrito 3,2.5,1.0,8.0,12/06/2025
alta rotación,"3,36 €",50.0,38.0,9.0,10.0,sí,1.0357864470505724,23209.0,tarde,jueves,distrito 10,3.5,5.0,1.0,31/10/2025
rotación media,"1,88 €",12.0,16.0,4.0,16.0,sí,1.1451642070953911,6414.0,mañana,viernes,distrito 2,1.1,6.0,4.0,16/02/2025
LARGA ESTANCIA,"1,23 €",10.0,41.0,23.0,50.0,sí,1.7364689529138504,13207.0,tarde,miércoles,distrito 2,3.4,1.0,3.0,07/04/2025
alta rotación,"2,34 €",47.0,37.0,8.0,51.0,no,0.9430070653611733,7671.0,tarde,viernes,distrito 2,4.7,6.0,6.0,26/04/2025
larga estancia,"1,80 €",54.0,3.0,61.0,44.0,sí,0.9766537195832579,6097.0,mañana,miércoles,distrito 9,3.7,5.0,8.0,23/01/2025
alta rotación,"3,51 €",11.0,12.0,31.0,7.0,sí,0.7861342421705332,15179.0,mañana,lunes,distrito 9,4.4,4.0,6.0,04/09/2025
larga estancia,"3,31 €",22.0,17.0,3.0,25.0,no,0.740821656860501,3490.0,tarde,sábado,distrito 7,0.8,4.0,8.0,04/06/2025
  alta rotación ,"2,32 €",58.0,25.0,2.0,23.0,no,0.8304234305341966,6297.0,mediodía,jueves,distrito 9,5.2,4.0,7.0,20/04/2025
residentes,"0,90 €",21.0,22.0,8.0,110.0,sí,1.4527123962748463,18437.0,mañana,viernes,distrito 11,3.9,6.0,5.0,12/10/2025
alta rotacion,"2,06 €",53.0,10.0,4.0,6.0,no,0.8492662119726306,11977.0,mediodía,miércoles,distrito 11,2.2,1.0,0.0,10/10/2025
residentes,"1,57 €",8.0,9.0,29.0,62.0,sí,1.4534391327281455,9598.0,mediodía,viernes,distrito 7,5.3,6.0,5.0,10/10/2025
larga estancia,"3,37 €",49.0,30.0,5.0,8.0,no,0.9302058452268612,13780.0,mañana,sábado,distrito 7,4.5,5.0,2.0,11/09/2025
ALTA ROTACIÓN,"1,73 €",24.0,10.0,0.0,19.0,sí,0.6183313757786137,18892.0,mañana,jueves,distrito 2,2.2,4.0,2.0,27/04/2025
residentes,"2,35 €",14.0,18.0,2.0,73.0,sí,0.7600526042825207,11749.0,mañana,miércoles,distrito 11,2.2,0.0,3.0,27/09/2025
rotación media,"2,00 €",17.0,29.0,0.0,73.0,sí,0.35551782856652253,8198.0,tarde,jueves,distrito 8,4.4,6.0,7.0,04/08/2025
larga estancia,"2,53 €",31.0,22.0,0.0,39.0,sí,0.8009039666611045,14938.0,tarde,sábado,distrito 3,2.5,6.0,1.0,05/04/2025
alta rotación,"1,55 €",32.0,8.0,8.0,25.0,sí,1.3701906313962189,10442.0,tarde,martes,distrito 9,3.5,0.0,1.0,08/10/2025
larga estancia,"1,72 €",12.0,2.0,2.0,86.0,no,0.582225445619414,4668.0,tarde,sábado,distrito 6,3.0,2.0,2.0,25/10/2025
larga estancia,"1,99 €",35.0,32.0,2.0,71.0,sí,0.8983735697485311,16502.0,tarde,lunes,distrito 7,1.8,3.0,3.0,01/07/2025
  alta rotación ,"1,56 €",29.0,38.0,11.0,25.0,sí,1.5993337982737494,16769.0,mañana,viernes,distrito 8,0.8,0.0,5.0,14/03/2025
larga estancia,"2,66 €",60.0,59.0,7.0,27.0,sí,1.0249650490289448,4520.0,tarde,miércoles,distrito 4,2.2,3.0,8.0,26/07/2025
alta rotación,"1,41 €",14.0,20.0,22.0,152.0,sí,1.0968038045632538,4970.0,tarde,sábado,distrito 6,2.7,4.0,1.0,30/09/2025
  residentes ,"2,36 €",24.0,7.0,5.0,69.0,no,0.8336510219141817,9576.0,mañana,miércoles,distrito 7,2.5,4.0,5.0,25/07/2025
larga estancia,"1,91 €",31.0,23.0,28.0,20.0,sí,1.4527449473117529,15607.0,tarde,martes,distrito 4,1.8,6.0,2.0,10/09/2025
RESIDENTES,"1,81 €",12.0,25.0,7.0,107.0,sí,0.9192080245178669,10914.0,mediodía,martes,distrito 8,3.3,1.0,2.0,29/08/2025
LARGA ESTANCIA,"2,41 €",7.0,7.0,0.0,58.0,sí,0.38608721654189915,14970.0,mañana,miércoles,distrito 5,2.9,3.0,7.0,24/05/2025
rotación media,"2,06 €",58.0,11.0,6.0,186.0,sí,0.6234702412043367,8464.0,tarde,sábado,distrito 11,3.1,2.0,2.0,16/09/2025
rotación media,"0,50 €",24.0,7.0,5.0,124.0,sí,1.1169015553277089,20362.0,mediodía,sábado,distrito 1,2.7,5.0,0.0,19/04/2025
larga estancia,"1,53 €",46.0,4.0,47.0,59.0,sí,0.7083449929779403,4388.0,mañana,martes,distrito 10,4.4,0.0,5.0,25/06/2025
LARGA ESTANCIA,"1,72 €",42.0,27.0,0.0,13.0,no,0.7828568128564983,35796.0,mediodía,lunes,distrito 2,5.9,1.0,1.0,07/10/2025
larga estancia,"1,98 €",13.0,25.0,13.0,35.0,sí,0.95693089718042,12195.0,tarde,lunes,distrito 8,5.0,2.0,4.0,11/05/2025
alta rotación,"1,25 €",10.0,10.0,24.0,9.0,sí,2.026033551026787,13507.0,mediodía,lunes,distrito 1,1.2,5.0,0.0,05/05/2025
residentes,"2,53 €",14.0,41.0,6.0,51.0,sí,0.7126219301577172,15121.0,mañana,viernes,distrito 10,4.4,0.0,5.0,29/06/2025
  larga estancia ,"1,67 €",44.0,75.0,1.0,48.0,sí,1.1297550606091515,5492.0,mañana,jueves,distrito 10,0.8,3.0,4.0,20/06/2025
rotación media,"1,27 €",24.0,26.0,2.0,62.0,sí,1.3553115678055754,13436.0,tarde,sábado,distrito 3,-99.0,6.0,3.0,15/01/2025
rotación media,"2,90 €",60.0,42.0,2.0,158.0,no,1.0269519308320987,5434.0,mediodía,martes,distrito 3,2.9,5.0,5.0,09/04/2025
residentes,"1,35 €",40.0,3.0,13.0,57.0,sí,0.6979643370086676,11530.0,mediodía,sábado,distrito 3,-99.0,6.0,6.0,17/08/2025
rotación media,"2,67 €",34.0,36.0,1.0,85.0,sí,0.8161056773071347,10802.0,mediodía,miércoles,distrito 11,2.3,6.0,6.0,10/01/2025
rotación media,"2,05 €",38.0,7.0,18.0,128.0,sí,0.6731205412363164,7876.0,mediodía,miércoles,distrito 5,5.0,5.0,6.0,16/06/2025
larga estancia,"1,84 €",48.0,6.0,34.0,83.0,sí,0.8583279456025524,14005.0,mañana,sábado,distrito 6,3.1,2.0,1.0,31/01/2025
larga estancia,"1,63 €",42.0,34.0,4.0,59.0,no,0.9352919644743121,12767.0,mediodía,viernes,distrito 5,3.2,1.0,8.0,03/04/2025
rotación media,"1,24 €",6.0,34.0,5.0,121.0,no,1.4293570018343322,5729.0,mediodía,sábado,distrito 7,5.3,4.0,1.0,17/05/2025
larga estancia,"2,30 €",30.0,1.0,46.0,157.0,no,0.5792543453301346,28265.0,tarde,jueves,distrito 8,5.3,6.0,5.0,08/02/2025
rotación media,"1,76 €",26.0,43.0,15.0,90.0,no,1.9140129402197006,7672.0,mediodía,viernes,distrito 11,1.6,4.0,0.0,01/02/2025
residentes,"0,90 €",16.0,4.0,2.0,173.0,sí,0.6894496671442569,2814.0,tarde,lunes,distrito 11,0.8,2.0,1.0,18/07/2025
residentes,"0,50 €",27.0,15.0,9.0,110.0,no,1.683978556658497,6871.0,mediodía,sábado,distrito 1,3.9,1.0,6.0,29/08/2025
rotación media,"1,46 €",13.0,30.0,9.0,127.0,sí,0.8967529971275778,5428.0,tarde,miércoles,distrito 10,3.4,3.0,1.0,17/01/2025
larga estancia,"3,27 €",47.0,25.0,12.0,76.0,sí,0.9397478573590264,8655.0,mediodía,martes,distrito 11,4.1,4.0,0.0,09/10/2025
alta rotación,"2,40 €",31.0,19.0,19.0,72.0,sí,0.9553274179497806,12291.0,tarde,jueves,distrito 7,3.4,4.0,6.0,04/06/2025
residentes,"2,74 €",60.0,38.0,2.0,47.0,sí,0.885190117046114,11824.0,tarde,miércoles,distrito 7,4.0,4.0,7.0,08/06/2025
rotacion media,"2,30 €",38.0,4.0,0.0,39.0,sí,0.48942480994750426,11386.0,mediodía,martes,distrito 3,3.4,3.0,5.0,12/05/2025
rotación media,"1,60 €",59.0,21.0,1.0,40.0,no,0.9084927776498761,24147.0,tarde,sábado,distrito 5,4.5,1.0,0.0,26/03/2025
larga estancia,"3,49 €",36.0,30.0,5.0,51.0,sí,0.8039219967482127,23588.0,mañana,sábado,distrito 8,5.4,1.0,1.0,27/04/2025
rotación media,"2,15 €",15.0,11.0,7.0,133.0,sí,0.9352491275163605,31371.0,mediodía,viernes,distrito 1,-99.0,6.0,8.0,24/06/2025
alta rotación,"1,59 €",36.0,28.0,13.0,99.0,sí,1.2097759434381308,9659.0,mañana,martes,distrito 3,2.6,2.0,2.0,22/07/2025
  rotación media ,"1,37 €",9.0,12.0,10.0,32.0,no,1.045250600081348,11702.0,tarde,jueves,distrito 6,5.4,2.0,2.0,10/07/2025
rotación media,"2,27 €",21.0,2.0,9.0,27.0,no,1.0785950920313632,15876.0,tarde,sábado,distrito 2,3.3,4.0,0.0,18/01/2025
RESIDENTES,"1,81 €",48.0,6.0,5.0,155.0,sí,0.8933522385096804,13297.0,mañana,jueves,distrito 2,2.3,0.0,1.0,17/08/2025
residentes,"2,44 €",55.0,27.0,2.0,33.0,no,1.1133569044839082,9591.0,mañana,viernes,distrito 10,2.8,2.0,4.0,15/05/2025
  larga estancia ,"2,06 €",42.0,40.0,5.0,82.0,sí,0.9308505425204707,4464.0,mañana,jueves,distrito 1,1.8,2.0,1.0,22/03/2025
rotación media,"3,99 €",38.0,3.0,9.0,226.0,sí,0.3222725086355923,12463.0,mediodía,viernes,distrito 4,0.8,4.0,7.0,08/08/2025
rotación media,"2,49 €",33.0,49.0,12.0,45.0,sí,1.1773662230292212,7174.0,tarde,miércoles,distrito 5,1.0,1.0,4.0,13/06/2025
rotación media,"1,59 €",21.0,21.0,8.0,97.0,sí,1.4243496965617999,5111.0,mediodía,jueves,distrito 8,5.9,5.0,3.0,08/04/2025
residentes,"2,39 €",37.0,33.0,14.0,5.0,sí,1.5193122281254523,5556.0,mediodía,sábado,distrito 9,4.3,2.0,2.0,11/02/2025
LARGA ESTANCIA,"2,73 €",44.0,10.0,6.0,196.0,sí,0.9073054928817318,26059.0,mañana,jueves,distrito 2,5.3,6.0,8.0,08/03/2025
larga estancia,"1,78 €",60.0,22.0,6.0,39.0,no,1.003671560261472,4316.0,mañana,miércoles,distrito 10,4.5,4.0,7.0,10/08/2025
rotación media,"1,55 €",33.0,29.0,2.0,82.0,sí,1.261609617149766,7833.0,mañana,miércoles,distrito 6,3.4,1.0,1.0,25/04/2025
residentes,"2,13 €",32.0,32.0,19.0,32.0,sí,1.1896273023166937,20388.0,mediodía,martes,distrito 4,3.0,3.0,8.0,11/03/2025
alta rotación,"1,60 €",26.0,50.0,8.0,32.0,sí,1.4745565227888817,11591.0,tarde,martes,distrito 7,-99.0,6.0,3.0,23/09/2025
RESIDENTES,"3,18 €",40.0,34.0,24.0,45.0,sí,1.2403787429413755,12885.0,mañana,miércoles,distrito 5,4.9,2.0,3.0,22/10/2025
rotación media,"2,81 €",52.0,6.0,9.0,7.0,sí,0.9232702340527592,4034.0,mediodía,jueves,distrito 11,3.0,4.0,7.0,06/09/2025
larga estancia,"1,91 €",48.0,9.0,0.0,16.0,sí,0.7412471831826701,11783.0,tarde,lunes,distrito 5,2.9,0.0,6.0,28/01/2025
residentes,"1,80 €",22.0,11.0,12.0,60.0,sí,1.0093749884951384,64147.0,mañana,viernes,distrito 8,3.5,5.0,2.0,07/01/2025
larga estancia,"2,00 €",58.0,33.0,5.0,324.0,no,0.9288836148850284,5003.0,mañana,martes,distrito 2,4.3,6.0,4.0,15/01/2025
alta rotación,"2,90 €",58.0,15.0,1.0,200.0,no,0.4607224805895485,12445.0,mediodía,jueves,distrito 5,1.6,0.0,8.0,11/09/2025
  alta rotación ,"2,19 €",35.0,33.0,2.0,17.0,sí,0.561929853711401,10835.0,tarde,sábado,distrito 4,3.9,2.0,0.0,18/07/2025
rotación media,"1,52 €",50.0,31.0,2.0,31.0,sí,1.0410343257518233,1349.0,mediodía,martes,distrito 10,4.3,5.0,7.0,24/10/2025
larga estancia,"2,60 €",26.0,59.0,5.0,15.0,sí,1.1246795324306533,5611.0,mediodía,lunes,distrito 8,-99.0,3.0,3.0,18/04/2025
residentes,"1,37 €",53.0,56.0,0.0,22.0,no,1.5701041202878212,18003.0,mañana,martes,distrito 7,2.0,3.0,6.0,19/04/2025
ROTACIÓN MEDIA,"2,13 €",13.0,8.0,10.0,16.0,no,1.193876656590922,26459.0,mediodía,martes,distrito 9,3.3,1.0,5.0,24/09/2025
ROTACIÓN MEDIA,"2,00 €",43.0,19.0,2.0,122.0,sí,0.5732653473244802,8151.0,mañana,sábado,distrito 10,4.6,0.0,1.0,11/04/2025
rotación media,"1,41 €",7.0,4.0,9.0,52.0,sí,1.2289365654801145,9253.0,mediodía,lunes,distrito 11,2.2,4.0,4.0,30/05/2025
residentes,"1,09 €",56.0,9.0,2.0,11.0,sí,1.2376652268563868,21424.0,mañana,jueves,distrito 1,4.0,2.0,5.0,23/05/2025
larga estancia,"2,59 €",50.0,6.0,2.0,3.0,no,0.608340200714424,3018.0,mañana,lunes,distrito 7,-99.0,4.0,6.0,12/09/2025
LARGA ESTANCIA,"2,17 €",36.0,15.0,12.0,22.0,no,0.9933628274033145,3180.0,mañana,jueves,distrito 8,3.1,3.0,1.0,07/06/2025
ROTACIÓN MEDIA,"2,18 €",25.0,28.0,3.0,206.0,sí,0.8479811456159715,9096.0,mañana,lunes,distrito 2,3.6,4.0,0.0,31/08/2025
residentes,"2,18 €",22.0,31.0,0.0,108.0,sí,0.6106574996775378,8437.0,mediodía,sábado,distrito 3,2.8,4.0,4.0,29/03/2025
RESIDENTES,"1,85 €",9.0,16.0,7.0,60.0,sí,1.0278587608589447,17300.0,mañana,viernes,distrito 6,4.2,2.0,7.0,18/03/2025
rotación media,"2,53 €",33.0,32.0,8.0,83.0,sí,0.7984580901163238,3067.0,mañana,martes,distrito 6,3.8,4.0,1.0,18/06/2025
alta rotación,"1,30 €",22.0,18.0,11.0,125.0,no,1.485797170199565,10679.0,mediodía,lunes,distrito 6,3.1,3.0,0.0,10/09/2025
residentes,"0,50 €",48.0,31.0,4.0,46.0,sí,1.6711046729557044,4523.0,mediodía,sábado,distrito 2,5.2,5.0,6.0,16/02/2025
larga estancia,"2,36 €",42.0,46.0,15.0,18.0,sí,0.9161903752639546,4649.0,mediodía,viernes,distrito 11,3.5,1.0,3.0,08/04/2025
alta rotación,"2,50 €",59.0,32.0,7.0,6.0,sí,1.2114528067041235,8901.0,tarde,viernes,distrito 3,2.2,4.0,3.0,03/07/2025
alta rotación,"2,01 €",53.0,31.0,20.0,48.0,sí,1.8521262648349661,9102.0,mañana,lunes,distrito 2,4.1,0.0,6.0,03/07/2025
larga estancia,"1,32 €",16.0,19.0,6.0,55.0,sí,1.7359438467939312,16691.0,tarde,martes,distrito 3,4.9,1.0,7.0,30/01/2025
rotación media,"0,76 €",44.0,16.0,2.0,162.0,sí,1.031649518204246,10520.0,mañana,lunes,distrito 2,1.9,3.0,8.0,25/09/2025
larga estancia,"0,95 €",26.0,16.0,3.0,68.0,sí,1.0947557803758217,3209.0,mañana,martes,distrito 10,3.5,5.0,1.0,01/11/2025
residentes,"1,64 €",33.0,8.0,2.0,69.0,sí,1.0498056738977468,26257.0,mañana,viernes,distrito 8,5.2,4.0,7.0,30/08/2025
alta rotación,"2,85 €",26.0,9.0,29.0,23.0,sí,1.159056188953811,17065.0,mañana,viernes,distrito 8,2.3,3.0,7.0,06/04/2025
alta rotación,"2,80 €",57.0,9.0,9.0,11.0,no,0.7726943722692432,13014.0,tarde,jueves,distrito 11,3.0,4.0,3.0,14/09/2025
residentes,"2,14 €",54.0,10.0,0.0,91.0,sí,0.19025675612703963,10903.0,mañana,sábado,distrito 9,4.1,3.0,1.0,26/04/2025
rotación media,"1,15 €",27.0,20.0,5.0,12.0,no,1.2964846547428555,14958.0,tarde,miércoles,distrito 7,3.2,5.0,7.0,23/05/2025
alta rotacion,"2,22 €",59.0,9.0,1.0,115.0,sí,1.0392219885467193,27364.0,tarde,martes,distrito 2,1.2,4.0,4.0,20/06/2025
alta rotación,"1,50 €",51.0,15.0,4.0,102.0,sí,1.456864327385896,4165.0,tarde,martes,distrito 9,2.8,0.0,8.0,08/10/2025
alta rotación,"1,67 €",26.0,18.0,5.0,26.0,no,1.55019632594401,13080.0,mediodía,sábado,distrito 5,3.1,4.0,3.0,14/04/2025
rotación media,"0,98 €",36.0,19.0,2.0,57.0,sí,0.9836933011142754,11268.0,mañana,martes,distrito 8,5.3,6.0,0.0,14/10/2025
larga estancia,"3,38 €",7.0,2.0,7.0,159.0,sí,0.2778695835238433,4198.0,mediodía,jueves,distrito 2,5.3,6.0,7.0,31/10/2025
rotación media,"1,37 €",23.0,7.0,2.0,39.0,sí,1.4354766365092297,31401.0,tarde,martes,distrito 10,3.6,2.0,5.0,10/10/2025
alta rotacion,"1,37 €",17.0,7.0,6.0,34.0,no,1.2970134861030365,20382.0,mediodía,martes,distrito 5,2.9,5.0,3.0,06/09/2025
larga estancia,"1,01 €",31.0,102.0,2.0,238.0,sí,1.5695144333889703,3468.0,mañana,martes,distrito 3,1.3,1.0,1.0,01/08/2025
rotación media,"1,09 €",23.0,11.0,12.0,144.0,no,1.4576191936267013,7772.0,mediodía,viernes,distrito 1,2.2,2.0,5.0,07/03/2025
larga estancia,"1,83 €",17.0,2.0,6.0,22.0,no,0.9736223320386976,11734.0,mediodía,viernes,distrito 2,2.7,4.0,8.0,13/09/2025
alta rotación,"2,86 €",19.0,37.0,13.0,34.0,sí,0.910905993535175,7572.0,tarde,sábado,distrito 1,3.9,1.0,8.0,27/10/2025
residentes,"2,11 €",7.0,8.0,20.0,23.0,sí,0.7868490335939964,6218.0,mañana,lunes,distrito 7,2.7,3.0,3.0,07/09/2025
rotacion media,"3,56 €",47.0,39.0,5.0,94.0,no,0.9342938736707611,13514.0,mañana,sábado,distrito 5,4.5,4.0,5.0,06/07/2025
residentes,"1,87 €",30.0,37.0,1.0,41.0,no,1.145079951960231,11309.0,mediodía,sábado,distrito 3,3.5,6.0,6.0,17/03/2025
ROTACIÓN MEDIA,"1,36 €",36.0,39.0,7.0,167.0,no,1.34590313172041,13321.0,tarde,martes,distrito 4,-99.0,5.0,6.0,25/10/2025
rotacion media,"2,76 €",36.0,22.0,3.0,30.0,sí,0.8780269336054769,51066.0,tarde,viernes,distrito 11,4.0,1.0,8.0,28/06/2025
alta rotación,"2,87 €",26.0,10.0,3.0,102.0,sí,0.692934407265714,13065.0,mediodía,viernes,distrito 9,2.1,5.0,7.0,03/06/2025
residentes,"1,78 €",17.0,34.0,27.0,48.0,sí,1.706275961111848,11408.0,tarde,martes,distrito 1,2.6,6.0,8.0,19/04/2025
residentes,"1,08 €",16.0,5.0,19.0,162.0,no,1.2792416892817762,19074.0,mañana,sábado,distrito 9,3.9,3.0,3.0,06/07/2025
larga estancia,"1,73 €",38.0,25.0,4.0,60.0,sí,1.2911755849014006,15113.0,tarde,martes,distrito 8,4.0,2.0,5.0,21/05/2025
ROTACIÓN MEDIA,"3,59 €",20.0,2.0,15.0,71.0,no,0.3359438756580624,4536.0,mediodía,lunes,distrito 1,3.8,4.0,1.0,28/06/2025
larga estancia,"2,25 €",54.0,66.0,4.0,185.0,no,0.8941736613992628,6476.0,mañana,sábado,distrito 7,3.2,0.0,7.0,19/04/2025
rotación media,"2,75 €",9.0,32.0,1.0,101.0,no,1.1877905261150268,15367.0,tarde,martes,distrito 4,4.1,5.0,7.0,17/03/2025
rotación media,"1,37 €",53.0,14.0,12.0,3.0,no,1.678283251410312,5098.0,tarde,lunes,distrito 7,0.8,3.0,1.0,04/05/2025
larga estancia,"1,86 €",52.0,19.0,5.0,71.0,sí,0.7699117822065709,12424.0,tarde,martes,distrito 11,3.7,1.0,7.0,02/11/2025
larga estancia,"2,58 €",29.0,13.0,7.0,32.0,sí,0.9313931653034561,16722.0,mediodía,sábado,distrito 4,1.1,1.0,7.0,21/06/2025
alta rotación,"2,27 €",44.0,12.0,3.0,8.0,sí,1.075085591976431,13012.0,mediodía,miércoles,distrito 9,-99.0,4.0,8.0,26/03/2025
alta rotación,"1,70 €",29.0,16.0,8.0,60.0,sí,0.8518310576505363,8326.0,mañana,sábado,distrito 9,4.7,5.0,5.0,20/05/2025
larga estancia,"2,95 €",44.0,28.0,2.0,280.0,sí,0.7071628668994022,55240.0,tarde,lunes,distrito 10,4.7,2.0,2.0,31/08/2025
LARGA ESTANCIA,"1,08 €",34.0,4.0,26.0,79.0,no,1.3953262580200803,41918.0,mañana,lunes,distrito 5,2.2,1.0,5.0,06/10/2025
rotación media,"1,37 €",11.0,9.0,8.0,71.0,no,1.449699992669963,19727.0,tarde,jueves,distrito 5,2.7,0.0,6.0,02/09/2025
rotación media,"1,44 €",59.0,6.0,14.0,55.0,sí,0.8542467963555656,5121.0,mediodía,jueves,distrito 3,2.2,0.0,0.0,27/09/2025
ROTACIÓN MEDIA,"2,15 €",36.0,6.0,17.0,56.0,sí,0.933865047606216,18434.0,mediodía,jueves,distrito 9,1.5,0.0,4.0,30/09/2025
larga estancia,"1,44 €",13.0,28.0,5.0,77.0,no,1.0026876938148668,6034.0,tarde,lunes,distrito 8,4.4,1.0,4.0,23/05/2025
rotación media,"2,35 €",27.0,3.0,2.0,57.0,no,0.7245876820830797,4934.0,mañana,sábado,distrito 7,5.7,4.0,7.0,27/08/2025
alta rotación,"2,27 €",11.0,21.0,10.0,37.0,no,0.8143379083051439,33437.0,mañana,viernes,distrito 11,4.4,5.0,7.0,06/04/2025
alta rotación,"1,49 €",34.0,15.0,3.0,64.0,sí,0.8939425002365756,9943.0,mañana,miércoles,distrito 3,4.1,3.0,6.0,12/01/2025
alta rotación,"3,40 €",56.0,42.0,3.0,38.0,sí,0.9562755737413534,9919.0,mañana,miércoles,distrito 5,2.1,4.0,8.0,17/02/2025
alta rotación,"2,00 €",13.0,25.0,5.0,3.0,sí,1.2693439713115353,12256.0,mediodía,jueves,distrito 8,4.0,4.0,3.0,28/07/2025
  rotación media ,"1,62 €",52.0,11.0,14.0,106.0,sí,0.839848677011912,17793.0,tarde,jueves,distrito 8,1.8,3.0,2.0,20/06/2025
  larga estancia ,"1,61 €",19.0,29.0,0.0,10.0,sí,1.1454579289937619,9931.0,mediodía,jueves,distrito 3,4.3,2.0,0.0,08/10/2025
alta rotacion,"2,41 €",25.0,6.0,16.0,146.0,sí,0.7527028268078995,6972.0,tarde,lunes,distrito 10,0.8,6.0,0.0,04/10/2025
larga estancia,"2,38 €",43.0,49.0,3.0,15.0,no,1.0586067982681686,6534.0,mañana,sábado,distrito 5,2.8,2.0,5.0,09/03/2025
larga estancia,"1,79 €",36.0,12.0,48.0,73.0,sí,0.8796906583060571,8660.0,mediodía,sábado,distrito 2,4.6,5.0,4.0,31/10/2025
residentes,"1,81 €",14.0,14.0,3.0,132.0,sí,0.771189189644613,8856.0,mediodía,viernes,distrito 4,4.4,5.0,5.0,30/10/2025
  residentes ,"2,00 €",51.0,46.0,3.0,44.0,no,1.1996151409589766,12502.0,tarde,jueves,distrito 1,3.0,3.0,8.0,08/08/2025
larga estancia,"2,56 €",49.0,21.0,20.0,98.0,no,1.1801893314131364,7225.0,mediodía,jueves,distrito 11,3.8,2.0,0.0,21/04/2025
RESIDENTES,"1,57 €",37.0,37.0,4.0,49.0,no,1.3448799072347044,22908.0,mañana,lunes,distrito 6,2.4,0.0,0.0,17/02/2025
alta rotación,"3,28 €",26.0,21.0,7.0,57.0,no,0.7482536763179984,19067.0,mediodía,viernes,distrito 10,0.8,0.0,1.0,13/09/2025
residentes,"2,56 €",9.0,19.0,0.0,100.0,sí,0.7712188080810902,12250.0,mañana,martes,distrito 5,4.8,2.0,2.0,23/05/2025
rotación media,"2,10 €",47.0,20.0,30.0,34.0,sí,1.4921712379303227,2398.0,mañana,jueves,distrito 11,4.1,2.0,4.0,24/04/2025
residentes,"1,74 €",34.0,59.0,21.0,311.0,no,1.752585536945321,10476.0,mediodía,lunes,distrito 3,2.4,2.0,2.0,23/09/2025
larga estancia,"2,32 €",60.0,49.0,2.0,7.0,sí,0.8780410878423164,12610.0,tarde,sábado,distrito 8,2.9,0.0,6.0,03/05/2025
ALTA ROTACIÓN,"2,31 €",11.0,9.0,34.0,69.0,no,1.0848716922090376,5116.0,tarde,lunes,distrito 5,3.3,3.0,4.0,23/01/2025
larga estancia,"2,06 €",15.0,9.0,15.0,164.0,no,1.1960159707240852,9111.0,mediodía,jueves,distrito 11,2.7,1.0,8.0,13/10/2025
alta rotación,"2,20 €",33.0,25.0,1.0,30.0,no,1.5673988734880804,4910.0,mediodía,jueves,distrito 7,3.2,1.0,7.0,21/07/2025
residentes,"1,59 €",24.0,56.0,17.0,23.0,sí,2.062595332725543,15018.0,tarde,jueves,distrito 8,3.4,0.0,3.0,17/08/2025
rotación media,"2,72 €",34.0,26.0,13.0,13.0,sí,1.0906774031265811,22762.0,tarde,lunes,distrito 7,3.3,2.0,1.0,20/03/2025
larga estancia,"2,60 €",34.0,34.0,12.0,37.0,sí,0.5381218793085978,14222.0,tarde,sábado,distrito 3,2.7,1.0,0.0,24/05/2025
RESIDENTES,"0,50 €",36.0,47.0,7.0,198.0,sí,1.2602662938701672,25856.0,tarde,jueves,distrito 10,4.5,4.0,1.0,04/05/2025
  larga estancia ,"1,99 €",8.0,12.0,7.0,57.0,sí,0.84497444463408,9203.0,mañana,sábado,distrito 8,1.1,2.0,4.0,19/10/2025
alta rotación,"1,09 €",7.0,16.0,10.0,17.0,sí,1.4639028617736316,5473.0,mañana,sábado,distrito 2,4.7,4.0,6.0,29/03/2025
larga estancia,"2,85 €",38.0,29.0,0.0,59.0,sí,0.5020078936592733,3479.0,mediodía,viernes,distrito 6,4.6,6.0,1.0,28/10/2025
residentes,"3,13 €",17.0,8.0,14.0,52.0,sí,0.984566774420255,7250.0,mediodía,viernes,distrito 11,2.6,5.0,3.0,20/08/2025
  residentes ,"1,53 €",59.0,34.0,18.0,98.0,sí,1.266877008049388,11899.0,tarde,miércoles,distrito 3,2.6,4.0,6.0,23/09/2025
rotación media,"2,78 €",19.0,16.0,12.0,77.0,no,1.4489969545215837,4366.0,mañana,viernes,distrito 7,-99.0,2.0,5.0,23/09/2025
rotación media,"1,63 €",17.0,16.0,5.0,61.0,sí,0.8298587819289671,15136.0,mañana,jueves,distrito 5,-99.0,4.0,3.0,26/03/2025
larga estancia,"2,12 €",55.0,7.0,0.0,141.0,sí,0.314497607583926,2209.0,mediodía,viernes,distrito 9,2.2,6.0,2.0,23/06/2025
rotación media,"2,26 €",27.0,16.0,5.0,153.0,no,0.6974877368822539,11545.0,tarde,jueves,distrito 5,3.5,3.0,3.0,10/04/2025
larga estancia,"1,02 €",18.0,16.0,6.0,33.0,sí,1.0343571010153176,7790.0,mediodía,lunes,distrito 8,1.7,2.0,0.0,30/08/2025
larga estancia,"1,55 €",7.0,35.0,13.0,74.0,sí,1.5584085442166389,11566.0,mediodía,sábado,distrito 2,6.1,0.0,8.0,16/08/2025
